297755	19.71
81774	18.47
29304	18.36
81763	17.35
83427	16.78
29236	15.81
64205	15.51
81764	15.34
360572	15.20
29288	15.10
300079	14.91
65136	14.67
64307	14.65
100912032	14.40
25348	13.88
245981	13.87
94266	13.41
28298	13.16
140655	12.35
293725	12.27
363241	11.94
29285	11.47
171361	11.42
64306	11.20
691531	11.02
122799	10.85
116646	10.78
124323	9.21
81769	7.91
29565	7.09
171350	6.09
681429	5.87
64640	5.07
298700	5.04
192241	4.92
83712	4.26
83503	3.93
25308	3.87
288778	3.85
140608	3.83
299809	3.68
361784	3.61
362952	3.49
84509	3.31
29374	3.12
192172	3.01
24786	2.94
83474	2.86
298517	2.80
58934	2.69
364656	2.64
292028	2.50
59102	2.50
25176	2.38
64527	2.37
24383	2.36
65165	2.35
114612	2.35
24790	2.31
29425	2.21
312538	2.11
24223	2.10
25737	2.08
81822	2.04
29668	2.03
83789	2.01
113958	1.90
298441	1.89
361808	1.79
64158	1.76
497778	1.76
302855	1.62
89819	1.60
54318	1.55
303831	1.47
63868	1.43
288480	1.29
117030	1.22
29395	1.21
296501	1.20
292804	1.19
288666	1.16
117270	1.10
24333	1.09
317163	1.04
24968	1.02
24944	0.99
24649	0.98
301240	0.90
494445	0.89
29624	0.82
64665	0.79
59329	0.76
298712	0.69
365601	0.69
65262	0.68
363854	0.68
689399	0.65
80843	0.65
500545	0.65
361402	0.62
117263	0.60
81829	0.60
25369	0.54
362720	0.45
60349	0.42
25742	0.35
309626	0.30
289878	0.26
245976	0.25
24699	0.24
296178	0.24
304429	0.24
84578	0.23
25599	0.22
24422	0.14
89833	0.12
685325	0.08
304278	0.08
498185	0.03
24651	-0.02
29353	-0.03
192255	-0.04
83803	-0.06
287561	-0.06
24183	-0.08
24669	-0.10
288615	-0.13
60416	-0.13
288444	-0.15
84486	-0.15
24516	-0.15
298942	-0.17
311833	-0.18
363633	-0.23
84490	-0.26
685890	-0.27
24392	-0.32
25740	-0.35
282845	-0.35
191569	-0.35
24829	-0.37
294390	-0.38
81718	-0.38
304388	-0.40
114090	-0.48
29580	-0.48
361866	-0.49
81663	-0.52
406168	-0.53
288597	-0.54
24817	-0.54
54257	-0.54
246773	-0.55
25517	-0.63
288498	-0.63
29659	-0.64
79209	-0.65
56010	-0.68
54398	-0.68
406167	-0.74
60460	-0.75
29461	-0.77
83537	-0.79
24799	-0.90
117526	-0.98
309790	-1.00
259272	-1.12
316122	-1.12
288718	-1.15
65144	-1.26
29693	-1.35
83504	-1.38
246281	-1.85
246146	-1.95
305623	-1.95
