29304	20.01
64307	19.10
297755	18.07
360572	18.03
29288	17.70
81763	16.91
28298	16.73
363241	15.78
29236	15.44
25348	14.97
81774	14.94
81769	14.82
100362640	14.40
94266	14.39
29285	14.01
122799	13.86
245981	13.78
83427	13.45
140655	13.33
300079	12.70
65136	12.44
81764	12.38
691531	12.16
64205	11.61
293725	11.38
124323	10.82
116646	10.03
64306	9.82
171361	7.64
64640	6.63
29565	6.49
681429	5.97
58934	5.71
361784	5.61
25308	5.56
298700	5.47
171350	5.42
140608	5.21
192241	4.39
64527	4.32
299809	4.14
362952	4.01
89819	3.62
83503	3.52
288778	3.51
29374	3.50
24786	3.37
298441	3.36
113958	3.23
361808	3.16
84509	3.05
54318	2.83
24223	2.67
29425	2.64
83789	2.52
298517	2.42
364656	2.41
317163	2.14
65165	2.07
59102	2.07
298712	2.04
83474	2.00
24790	1.89
292028	1.81
25737	1.79
288666	1.75
80843	1.60
117526	1.43
117030	1.42
192172	1.41
497778	1.36
117263	1.33
288615	1.29
24669	1.28
245976	1.26
59329	1.21
64158	1.20
117270	1.14
25742	1.14
365601	1.03
309626	1.03
24968	0.98
29668	0.91
24649	0.88
312538	0.88
363854	0.86
114612	0.83
29624	0.82
25176	0.65
498185	0.62
304429	0.61
24516	0.61
294390	0.58
494445	0.54
288480	0.54
289878	0.52
83712	0.51
361402	0.48
689399	0.44
81822	0.43
24333	0.42
303831	0.42
60349	0.41
685890	0.41
24829	0.40
287561	0.39
24383	0.37
29395	0.33
288597	0.30
81718	0.27
84486	0.19
24422	0.18
296501	0.09
406168	0.09
500545	0.08
29659	0.05
64665	-0.01
259272	-0.01
191569	-0.03
296178	-0.03
309790	-0.05
24817	-0.07
192255	-0.08
114090	-0.09
63868	-0.09
89833	-0.09
363633	-0.17
83537	-0.18
83803	-0.22
288718	-0.23
84578	-0.26
311833	-0.27
84490	-0.27
304388	-0.28
301240	-0.32
282845	-0.33
25517	-0.34
24699	-0.41
54257	-0.43
29580	-0.43
25369	-0.45
25599	-0.49
83504	-0.49
79209	-0.50
60416	-0.50
24651	-0.51
24944	-0.52
24183	-0.54
246281	-0.59
288498	-0.66
24392	-0.68
29461	-0.71
24799	-0.83
292804	-0.90
56010	-0.94
29353	-0.95
304278	-0.96
316122	-0.96
246146	-0.97
362720	-0.98
65262	-1.00
25740	-1.00
302855	-1.02
361866	-1.03
60460	-1.09
81663	-1.18
246773	-1.18
288444	-1.28
685325	-1.29
406167	-1.29
54398	-1.41
298942	-1.41
81829	-1.46
65144	-1.87
29693	-2.41
305623	-2.95
