83503	6.53
192241	5.41
29425	5.05
117263	5.05
64527	4.83
81769	4.83
84509	4.78
81829	4.66
301240	4.50
298517	4.50
288615	4.46
63868	4.01
64306	3.93
364656	3.89
81774	3.84
24383	3.80
54318	3.75
29668	3.69
29285	3.59
25176	3.50
140608	3.48
24786	3.43
29236	3.29
304278	3.24
100912032	3.23
681429	3.05
29304	2.97
292028	2.96
297755	2.95
360572	2.93
361808	2.90
64307	2.88
298700	2.88
122799	2.88
298942	2.87
64205	2.86
288666	2.79
299809	2.72
246146	2.70
288480	2.64
28298	2.62
81763	2.52
245981	2.48
56010	2.48
65136	2.41
293725	2.31
317163	2.24
363241	2.20
29580	2.17
117030	2.17
288778	2.16
362952	2.13
29288	2.11
25348	1.96
300079	1.94
100362640	1.90
24333	1.88
81764	1.88
304429	1.87
140655	1.84
94266	1.81
288444	1.80
406168	1.79
691531	1.78
89819	1.78
25308	1.76
65262	1.74
83474	1.66
83789	1.62
361402	1.62
83427	1.33
124323	1.26
116646	1.23
298712	1.22
363854	1.20
59102	1.20
192172	1.18
192255	1.15
25742	1.11
80843	1.06
64640	1.02
24223	0.95
29624	0.94
685325	0.82
65165	0.81
245976	0.75
25369	0.71
64665	0.70
65144	0.69
288718	0.66
83712	0.66
81718	0.65
114612	0.65
171361	0.58
288498	0.57
117526	0.56
494445	0.54
83537	0.52
24422	0.50
29565	0.43
246773	0.36
24516	0.34
246281	0.33
81663	0.28
25599	0.23
304388	0.23
287561	0.22
497778	0.20
24829	0.15
29374	0.14
60460	0.12
303831	0.11
309626	0.09
83504	0.07
25737	0.07
60349	0.04
288597	0.04
289878	0.03
296178	0.03
361784	0.03
29353	0.02
24817	-0.02
58934	-0.05
117270	-0.06
362720	-0.08
316122	-0.09
24968	-0.10
54398	-0.10
25517	-0.11
259272	-0.11
365601	-0.11
500545	-0.12
114090	-0.12
24944	-0.13
24790	-0.17
171350	-0.19
29395	-0.21
29461	-0.28
24392	-0.29
84578	-0.31
29693	-0.36
84490	-0.40
64158	-0.42
302855	-0.42
191569	-0.43
89833	-0.49
24799	-0.52
24699	-0.54
54257	-0.58
685890	-0.59
24183	-0.62
79209	-0.67
296501	-0.76
363633	-0.77
282845	-0.82
298441	-0.83
361866	-0.87
311833	-0.90
498185	-0.91
292804	-0.93
312538	-0.94
309790	-0.97
84486	-0.97
24651	-0.98
294390	-1.02
689399	-1.02
25740	-1.04
305623	-1.06
406167	-1.10
81822	-1.10
60416	-1.21
59329	-1.28
83803	-1.35
24669	-1.48
24649	-1.62
29659	-1.70
