59329	5.84
24516	4.10
287561	3.90
24649	1.72
60416	1.63
24392	1.62
29461	1.45
361866	1.44
60460	1.08
24699	0.89
246281	0.78
406167	0.78
25737	0.76
288444	0.72
60349	0.69
64640	0.64
29659	0.64
311833	0.60
140655	0.51
25742	0.48
25369	0.47
298712	0.42
56010	0.38
94266	0.36
83712	0.35
309790	0.34
498185	0.33
64158	0.28
288778	0.28
29353	0.28
25599	0.27
362720	0.27
117270	0.27
289878	0.24
361402	0.23
81764	0.21
83537	0.21
288597	0.20
294390	0.19
25348	0.17
25517	0.17
81822	0.17
24944	0.15
303831	0.15
89833	0.13
689399	0.12
25308	0.10
245981	0.07
28298	0.06
29285	0.03
288666	-0.01
54398	-0.03
685325	-0.04
124323	-0.05
304388	-0.05
29288	-0.07
296501	-0.07
64307	-0.08
246146	-0.08
100912032	-0.09
113958	-0.12
360572	-0.15
246773	-0.16
361784	-0.18
84509	-0.19
117526	-0.20
317163	-0.21
81763	-0.21
292804	-0.21
81663	-0.22
29304	-0.23
84490	-0.25
84486	-0.25
24799	-0.27
300079	-0.27
29624	-0.27
89819	-0.27
81774	-0.28
65136	-0.29
24183	-0.30
122799	-0.30
64665	-0.32
64306	-0.32
116646	-0.33
24829	-0.34
24790	-0.34
305623	-0.34
293725	-0.35
288615	-0.37
292028	-0.38
29668	-0.38
58934	-0.40
29425	-0.40
259272	-0.42
24383	-0.42
363854	-0.44
29693	-0.48
100362640	-0.48
298441	-0.51
64205	-0.52
24651	-0.52
84578	-0.54
29395	-0.55
171361	-0.56
406168	-0.57
297755	-0.57
29580	-0.58
24968	-0.59
304429	-0.59
245976	-0.60
316122	-0.60
191569	-0.62
24333	-0.65
24223	-0.65
64527	-0.67
362952	-0.67
83789	-0.67
312538	-0.68
500545	-0.70
140608	-0.70
364656	-0.70
83474	-0.72
288480	-0.72
59102	-0.72
54257	-0.73
691531	-0.73
83503	-0.73
494445	-0.78
29236	-0.78
81718	-0.79
24669	-0.80
298942	-0.83
114612	-0.83
363241	-0.84
29374	-0.85
80843	-0.85
288498	-0.85
365601	-0.86
24422	-0.87
25740	-0.88
681429	-0.89
192255	-0.89
54318	-0.90
117030	-0.91
25176	-0.91
81769	-0.91
302855	-0.94
83427	-0.95
171350	-0.96
298700	-0.97
192241	-0.97
24817	-1.01
282845	-1.08
63868	-1.12
65144	-1.12
296178	-1.13
685890	-1.18
299809	-1.18
304278	-1.20
363633	-1.20
65262	-1.22
117263	-1.26
24786	-1.26
79209	-1.27
361808	-1.28
298517	-1.34
309626	-1.35
65165	-1.36
29565	-1.41
81829	-1.44
83504	-1.46
192172	-1.58
497778	-1.58
301240	-1.78
83803	-1.80
288718	-1.85
