494445	7.20
302855	5.84
84486	3.96
362952	3.84
245976	3.75
25737	3.69
363854	3.63
292028	3.59
300079	3.51
296501	3.07
288778	2.97
84578	2.91
497778	2.82
309626	2.67
83803	2.57
84509	2.55
81822	2.54
83427	2.48
361784	2.46
360572	2.45
65136	2.42
59102	2.40
64306	2.36
100362640	2.35
28298	2.34
171361	2.31
294390	2.30
29236	2.19
293725	2.10
81774	2.07
64307	2.04
64205	2.01
81763	2.00
29395	1.95
29288	1.95
312538	1.95
64158	1.92
29304	1.91
83537	1.86
83712	1.85
29374	1.83
81764	1.81
363633	1.78
288718	1.78
29668	1.77
298700	1.73
29285	1.70
94266	1.68
25176	1.66
122799	1.60
29565	1.58
299809	1.50
245981	1.44
304278	1.38
24669	1.37
25348	1.37
296178	1.34
140655	1.32
117263	1.32
298441	1.31
83474	1.22
116646	1.21
64665	1.15
54398	1.11
24183	1.10
305623	1.07
361808	1.07
24799	1.00
64640	0.95
54257	0.94
691531	0.93
297755	0.93
65262	0.92
117030	0.91
292804	0.89
64527	0.89
24333	0.86
259272	0.83
100912032	0.83
140608	0.80
24699	0.77
362720	0.77
124323	0.76
303831	0.72
81829	0.71
25369	0.69
84490	0.69
24968	0.69
191569	0.68
317163	0.65
113958	0.65
24383	0.61
65165	0.58
363241	0.57
361402	0.54
171350	0.53
192241	0.49
63868	0.49
298942	0.49
25599	0.46
24817	0.45
689399	0.44
60416	0.42
24392	0.42
54318	0.40
246146	0.39
29580	0.38
24651	0.33
83789	0.33
406167	0.32
80843	0.29
288480	0.26
500545	0.26
246281	0.24
81769	0.22
29659	0.21
89833	0.21
282845	0.20
29461	0.18
287561	0.18
288615	0.18
681429	0.16
24649	0.12
289878	0.08
29693	0.07
65144	0.06
309790	0.01
58934	0.00
60349	-0.01
117526	-0.04
83503	-0.04
192172	-0.05
24829	-0.06
24516	-0.06
24790	-0.12
288498	-0.16
298517	-0.20
301240	-0.21
25742	-0.23
498185	-0.25
117270	-0.26
288444	-0.29
298712	-0.33
685890	-0.33
25308	-0.34
56010	-0.39
81663	-0.40
89819	-0.42
192255	-0.47
304429	-0.51
24786	-0.51
24422	-0.51
685325	-0.59
81718	-0.60
25517	-0.65
29624	-0.70
59329	-0.72
60460	-0.72
29353	-0.72
114090	-0.83
311833	-0.84
83504	-0.88
288597	-0.92
304388	-1.02
25740	-1.03
288666	-1.03
24223	-1.07
364656	-1.32
365601	-1.34
79209	-1.40
24944	-1.43
361866	-1.52
29425	-1.81
246773	-1.85
316122	-1.88
406168	-3.06
