360572	12.32
81763	10.83
100362640	10.78
29288	10.56
25348	10.17
100912032	10.03
81764	9.80
65136	9.56
29304	9.48
64307	9.48
64205	9.33
94266	9.12
28298	8.80
140655	8.68
122799	8.62
81774	8.49
64306	8.39
363241	8.34
691531	8.31
83427	8.29
171361	8.08
29236	8.07
297755	7.59
245981	7.55
81769	7.14
29285	7.07
293725	6.80
124323	6.72
300079	6.57
29565	6.36
64640	6.08
171350	4.76
681429	4.11
192172	4.09
83789	3.78
65165	3.52
25308	3.24
24786	2.85
81822	2.75
24223	2.69
64527	2.68
298700	2.68
361808	2.47
83474	2.44
24383	2.35
140608	2.30
192241	2.27
298517	2.21
24944	2.15
29374	2.06
288778	2.03
29395	1.93
317163	1.93
29668	1.91
84509	1.73
25176	1.70
497778	1.65
298942	1.64
25737	1.63
63868	1.62
24649	1.59
299809	1.59
59329	1.53
24699	1.52
83712	1.48
361784	1.46
56010	1.45
89819	1.43
83803	1.41
58934	1.39
80843	1.29
494445	1.27
24669	1.25
113958	1.23
192255	1.23
292028	1.23
54318	1.22
24516	1.21
114612	1.21
83503	1.13
362952	1.03
303831	1.03
117030	1.02
309626	1.00
24790	0.91
81663	0.90
29425	0.85
24422	0.76
24799	0.75
245976	0.70
364656	0.67
25599	0.66
292804	0.63
363854	0.62
362720	0.57
304429	0.53
81829	0.48
689399	0.46
29624	0.46
685890	0.43
24968	0.43
25369	0.41
24651	0.37
316122	0.35
288615	0.33
29461	0.29
298441	0.29
363633	0.28
64665	0.27
60349	0.26
60460	0.25
298712	0.23
84486	0.22
54398	0.22
24817	0.18
365601	0.17
117270	0.16
24333	0.14
287561	0.11
288444	0.07
288597	0.03
64158	0.02
288666	0.01
81718	0.00
304388	-0.02
65262	-0.03
65144	-0.03
29353	-0.06
289878	-0.08
296501	-0.10
294390	-0.11
84490	-0.11
25742	-0.13
29659	-0.14
288718	-0.16
309790	-0.20
83537	-0.25
246773	-0.26
498185	-0.26
259272	-0.26
114090	-0.33
191569	-0.39
312538	-0.40
25740	-0.43
24183	-0.43
59102	-0.43
117263	-0.44
406168	-0.49
24392	-0.53
311833	-0.53
288480	-0.55
500545	-0.57
83504	-0.59
29693	-0.59
301240	-0.60
25517	-0.60
89833	-0.64
60416	-0.66
406167	-0.79
29580	-0.83
79209	-0.89
246281	-0.93
685325	-1.00
296178	-1.09
54257	-1.09
302855	-1.15
361402	-1.18
246146	-1.24
24829	-1.26
304278	-1.37
288498	-1.42
305623	-1.44
84578	-1.62
117526	-1.62
361866	-1.69
282845	-1.77
