80843	4.82
24786	3.67
691531	3.28
81769	2.98
64158	2.90
363241	2.80
65165	2.74
81822	2.58
84490	2.57
140608	2.52
25176	2.49
29236	2.44
29285	2.31
25348	2.30
24333	2.28
24223	2.20
113958	2.17
83503	2.16
192255	2.04
54398	1.98
81663	1.97
84509	1.97
361808	1.92
81774	1.91
25737	1.91
28298	1.90
29425	1.89
300079	1.88
29659	1.85
64205	1.82
63868	1.81
494445	1.79
312538	1.77
288666	1.73
500545	1.72
117270	1.69
192172	1.68
406167	1.64
140655	1.64
64665	1.62
29693	1.60
25308	1.52
65262	1.52
301240	1.48
29624	1.47
192241	1.45
685890	1.44
24968	1.43
124323	1.43
100912032	1.42
288444	1.40
65136	1.40
304429	1.39
292804	1.38
364656	1.34
298441	1.25
245981	1.24
362952	1.23
100362640	1.22
83427	1.22
29304	1.21
360572	1.17
362720	1.16
245976	1.14
83537	1.14
29288	1.12
29461	1.07
24669	1.05
116646	1.02
81764	1.02
122799	1.00
288778	1.00
29565	0.98
297755	0.98
65144	0.96
288615	0.95
81829	0.95
365601	0.93
114612	0.91
24383	0.89
497778	0.89
361784	0.88
29374	0.87
298517	0.86
24817	0.84
298700	0.83
288480	0.79
246146	0.76
83789	0.76
29580	0.75
299809	0.74
24651	0.73
689399	0.73
293725	0.71
64640	0.67
171361	0.66
29668	0.65
81763	0.65
363633	0.60
60460	0.59
25742	0.57
681429	0.56
58934	0.55
25517	0.55
29395	0.55
60416	0.55
363854	0.49
83712	0.48
25599	0.48
304278	0.47
296501	0.43
83504	0.42
24944	0.41
24516	0.39
304388	0.34
309790	0.33
64306	0.33
64527	0.33
317163	0.29
59102	0.28
94266	0.28
60349	0.26
246281	0.25
64307	0.25
24422	0.24
81718	0.24
191569	0.22
54257	0.21
282845	0.19
498185	0.16
89819	0.15
24829	0.14
83803	0.13
309626	0.08
288718	0.01
24699	-0.03
294390	-0.06
25369	-0.07
305623	-0.10
24392	-0.12
117263	-0.14
24183	-0.15
56010	-0.19
25740	-0.31
84486	-0.35
24799	-0.46
298712	-0.48
685325	-0.50
29353	-0.50
89833	-0.51
171350	-0.51
406168	-0.68
292028	-0.68
287561	-0.75
54318	-0.81
59329	-0.86
298942	-0.89
114090	-0.91
311833	-0.97
84578	-1.01
117526	-1.02
289878	-1.04
246773	-1.04
296178	-1.06
259272	-1.08
24790	-1.09
302855	-1.15
316122	-1.18
288597	-1.34
24649	-1.44
303831	-1.54
361402	-1.66
79209	-1.79
361866	-1.85
83474	-1.93
288498	-2.07
