117030	1.69
171350	1.69
25308	1.57
140655	1.36
361784	1.28
312538	1.26
293725	1.24
691531	1.24
29304	1.21
300079	1.20
29461	1.16
81769	1.15
100912032	1.14
100362640	1.10
83427	1.09
81763	1.09
64306	1.08
59329	1.07
64307	1.02
29425	0.99
363241	0.96
304388	0.94
60349	0.91
681429	0.91
29285	0.91
25517	0.89
245981	0.88
28298	0.80
24799	0.79
29288	0.74
117526	0.67
64640	0.66
362952	0.64
25737	0.63
81774	0.63
65136	0.60
406167	0.59
25369	0.58
287561	0.57
94266	0.56
191569	0.49
362720	0.49
29395	0.49
64665	0.47
124323	0.47
311833	0.46
59102	0.46
296178	0.44
54398	0.43
29236	0.43
64205	0.42
292804	0.42
81764	0.41
289878	0.41
361808	0.34
24392	0.34
29565	0.34
80843	0.34
25348	0.33
360572	0.33
297755	0.30
171361	0.29
246281	0.27
114090	0.27
64158	0.25
298700	0.21
83504	0.20
25740	0.18
24699	0.18
116646	0.16
24829	0.16
24649	0.14
498185	0.12
361866	0.11
83789	0.11
29353	0.11
140608	0.11
65165	0.11
288666	0.09
298441	0.08
84490	0.06
317163	0.05
288778	0.03
24944	0.02
288615	0.01
363633	-0.01
83712	-0.02
288597	-0.02
24790	-0.03
89819	-0.03
122799	-0.04
497778	-0.04
316122	-0.05
84486	-0.06
689399	-0.06
113958	-0.06
79209	-0.06
24817	-0.07
84509	-0.07
298712	-0.08
282845	-0.10
246773	-0.10
288480	-0.17
288498	-0.17
56010	-0.20
58934	-0.20
81718	-0.24
365601	-0.24
114612	-0.26
84578	-0.26
305623	-0.28
83503	-0.30
298942	-0.31
685890	-0.32
363854	-0.32
29668	-0.33
83537	-0.34
288718	-0.35
302855	-0.39
64527	-0.39
25742	-0.40
29374	-0.42
292028	-0.43
60416	-0.44
24516	-0.44
364656	-0.47
299809	-0.47
24383	-0.48
500545	-0.54
406168	-0.55
301240	-0.55
81829	-0.57
65262	-0.58
54318	-0.59
24223	-0.59
296501	-0.59
29693	-0.59
29659	-0.60
81822	-0.60
304429	-0.62
298517	-0.66
24183	-0.66
192255	-0.67
309790	-0.67
83474	-0.68
192172	-0.69
246146	-0.70
25176	-0.70
303831	-0.71
294390	-0.74
63868	-0.74
24651	-0.75
117263	-0.76
259272	-0.78
29624	-0.79
494445	-0.82
60460	-0.82
29580	-0.84
83803	-0.86
245976	-0.88
54257	-0.90
81663	-0.95
309626	-1.05
24669	-1.07
24333	-1.07
361402	-1.08
24968	-1.10
24786	-1.13
288444	-1.15
25599	-1.16
192241	-1.17
304278	-1.18
685325	-1.19
24422	-1.20
89833	-1.57
65144	-1.86
