29668	9.50
299809	7.16
292028	6.86
29425	6.62
29374	5.61
298700	5.51
113958	5.05
362952	4.94
54318	4.13
84509	4.04
64527	3.81
24786	3.79
298517	3.77
361808	3.52
288498	3.41
89819	3.36
288615	3.34
288444	3.31
246146	3.30
192255	3.29
24333	3.26
83503	3.08
288480	3.04
24383	2.93
192241	2.90
63868	2.86
56010	2.85
288718	2.85
293725	2.61
363241	2.55
81769	2.52
29580	2.49
81829	2.46
245976	2.42
296501	2.31
365601	2.29
65262	2.21
288778	2.20
300079	2.13
29304	2.13
25176	2.11
84490	1.91
81774	1.90
64158	1.85
292804	1.77
81822	1.77
361402	1.75
298712	1.66
298942	1.65
297755	1.63
497778	1.58
83474	1.48
84578	1.46
288666	1.43
282845	1.40
301240	1.35
83712	1.34
100912032	1.33
114612	1.32
171361	1.31
65165	1.30
64306	1.16
298441	1.05
29236	1.03
58934	1.01
28298	1.00
29288	0.99
83789	0.95
83427	0.95
64205	0.94
24944	0.89
64307	0.85
287561	0.81
122799	0.81
65136	0.81
317163	0.77
81763	0.70
24649	0.68
245981	0.67
60416	0.67
25737	0.65
80843	0.62
140655	0.61
100362640	0.60
81764	0.60
316122	0.58
25369	0.57
494445	0.56
29565	0.53
303831	0.53
84486	0.52
54257	0.52
681429	0.50
363854	0.48
25742	0.46
406168	0.44
302855	0.44
59102	0.40
24669	0.36
117526	0.33
29395	0.32
294390	0.31
171350	0.30
81718	0.29
24392	0.24
140608	0.21
24799	0.20
360572	0.18
296178	0.17
29461	0.15
124323	0.14
24223	0.05
25517	0.04
500545	0.03
29693	0.03
24968	0.03
246281	0.01
29353	0.00
364656	-0.08
191569	-0.10
25308	-0.11
304278	-0.11
29285	-0.14
117030	-0.14
289878	-0.16
24699	-0.16
24829	-0.19
498185	-0.23
29659	-0.31
24422	-0.32
64665	-0.33
309790	-0.34
83537	-0.36
25599	-0.37
312538	-0.37
89833	-0.37
29624	-0.39
362720	-0.39
60460	-0.39
24516	-0.40
363633	-0.41
65144	-0.43
116646	-0.44
25348	-0.52
259272	-0.52
361866	-0.54
64640	-0.57
689399	-0.59
304429	-0.64
79209	-0.70
304388	-0.70
59329	-0.75
60349	-0.75
117270	-0.76
288597	-0.77
24651	-0.79
24790	-0.83
94266	-0.85
311833	-0.85
685325	-0.92
309626	-0.98
24817	-0.99
81663	-1.05
83504	-1.09
691531	-1.15
114090	-1.26
24183	-1.32
246773	-1.32
25740	-1.38
685890	-1.51
361784	-1.52
83803	-1.64
305623	-1.81
406167	-1.81
192172	-2.08
54398	-2.74
