361808	3.90
361784	3.19
54318	2.89
25737	2.74
58934	2.58
282845	2.57
299809	2.56
317163	2.55
298441	2.49
294390	2.44
59102	2.22
298712	2.08
24790	2.05
363854	1.91
288666	1.87
365601	1.86
406168	1.73
29374	1.71
304278	1.68
298700	1.59
83474	1.55
362952	1.53
361402	1.49
304429	1.46
100912032	1.43
312538	1.39
292028	1.27
64306	1.26
24669	1.24
288778	1.22
288498	1.14
361866	1.08
309790	1.07
289878	1.06
84509	1.05
81718	1.03
29668	0.98
122799	0.97
245981	0.95
296501	0.94
29580	0.91
29624	0.91
245976	0.90
81774	0.87
29425	0.87
89819	0.85
81769	0.82
24333	0.81
83803	0.79
65165	0.78
192255	0.77
288444	0.76
25176	0.75
117270	0.67
83504	0.67
259272	0.66
94266	0.65
494445	0.63
296178	0.63
65262	0.63
113958	0.56
246146	0.55
497778	0.53
60460	0.48
24516	0.45
28298	0.44
64527	0.42
64307	0.41
293725	0.41
80843	0.40
25517	0.39
302855	0.37
685890	0.37
24817	0.36
303831	0.36
117263	0.33
83789	0.30
25308	0.27
681429	0.26
29285	0.25
83503	0.23
171361	0.21
500545	0.19
288718	0.19
288480	0.19
29304	0.16
84578	0.16
298517	0.15
24422	0.15
364656	0.15
25369	0.14
81763	0.13
297755	0.12
29236	0.12
81764	0.10
54398	0.07
25742	0.07
301240	0.07
89833	0.05
81822	0.05
83427	0.02
363241	0.00
191569	-0.01
689399	-0.02
305623	-0.02
406167	-0.02
25740	-0.02
114612	-0.04
24223	-0.08
316122	-0.09
63868	-0.10
24829	-0.12
288597	-0.14
363633	-0.16
64640	-0.18
360572	-0.20
114090	-0.20
24786	-0.21
79209	-0.22
29659	-0.22
362720	-0.23
171350	-0.24
59329	-0.24
24383	-0.24
300079	-0.25
60349	-0.25
685325	-0.26
84486	-0.27
140608	-0.28
192241	-0.29
309626	-0.30
140655	-0.30
24392	-0.31
81829	-0.31
24799	-0.33
84490	-0.36
54257	-0.37
311833	-0.37
246281	-0.38
65136	-0.40
288615	-0.40
83537	-0.40
64205	-0.41
29395	-0.42
65144	-0.43
287561	-0.44
24944	-0.44
304388	-0.45
24699	-0.49
64158	-0.53
56010	-0.54
24649	-0.57
60416	-0.57
29288	-0.59
498185	-0.62
24651	-0.68
124323	-0.74
83712	-0.74
691531	-0.78
29461	-0.85
24968	-0.85
29353	-0.86
25348	-0.93
24183	-0.93
100362640	-0.98
117030	-1.02
64665	-1.14
25599	-1.18
298942	-1.20
29565	-1.22
292804	-1.33
29693	-1.47
116646	-1.62
246773	-1.79
81663	-2.04
192172	-2.49
