94266	16.31
64306	16.24
64307	14.67
81774	14.10
360572	13.91
100912032	13.86
65136	13.04
124323	12.69
29285	12.20
28298	12.01
81763	11.95
29288	11.56
29304	11.51
245981	11.24
363241	11.00
100362640	10.85
297755	10.81
25348	10.72
29236	10.72
83427	10.45
140655	10.41
81764	9.92
64640	9.46
64205	9.32
81769	9.08
116646	8.62
171361	8.19
691531	8.06
300079	7.95
293725	7.66
29565	5.38
298700	4.90
83789	4.83
681429	3.94
83503	3.67
25308	3.59
171350	3.49
361808	3.39
64527	3.03
113958	2.88
84509	2.77
140608	2.76
192241	2.75
298517	2.72
299809	2.70
58934	2.67
362952	2.57
292028	2.57
317163	2.42
29374	2.35
288778	2.30
24223	2.27
29668	2.19
54318	2.14
59102	2.12
497778	1.82
361784	1.80
84486	1.76
89819	1.72
25176	1.63
114612	1.60
24383	1.52
83474	1.49
303831	1.43
65165	1.42
29425	1.38
24669	1.29
24786	1.27
24790	1.23
29395	1.18
364656	1.07
298712	1.06
494445	1.05
25737	1.03
288666	1.02
117030	1.00
298441	0.98
289878	0.98
117526	0.97
361402	0.94
24699	0.94
304429	0.87
117263	0.81
362720	0.80
80843	0.78
29624	0.76
24968	0.76
296178	0.76
316122	0.72
59329	0.62
294390	0.59
685890	0.57
24799	0.55
24944	0.55
288597	0.46
24422	0.45
312538	0.43
25742	0.43
24649	0.39
304388	0.37
259272	0.34
689399	0.33
191569	0.30
24829	0.29
309626	0.28
24333	0.26
25599	0.23
64158	0.21
363854	0.17
89833	0.16
81822	0.15
288480	0.13
287561	0.12
192172	0.10
365601	0.07
54257	0.06
60349	0.05
361866	0.03
56010	0.03
83712	0.00
117270	-0.04
298942	-0.04
60416	-0.08
296501	-0.09
309790	-0.11
29353	-0.11
81718	-0.14
24651	-0.14
29461	-0.15
24817	-0.16
79209	-0.17
25369	-0.20
288615	-0.22
84490	-0.26
192255	-0.30
114090	-0.30
29659	-0.31
301240	-0.31
245976	-0.33
302855	-0.34
24516	-0.38
292804	-0.38
24392	-0.39
498185	-0.41
500545	-0.44
246281	-0.50
25517	-0.52
288444	-0.55
83803	-0.56
60460	-0.57
64665	-0.61
304278	-0.62
25740	-0.62
406168	-0.69
65144	-0.73
81829	-0.82
311833	-0.87
29580	-0.87
685325	-0.89
81663	-0.91
406167	-0.97
246773	-1.09
83504	-1.17
84578	-1.22
282845	-1.22
24183	-1.23
54398	-1.23
83537	-1.25
246146	-1.28
63868	-1.34
305623	-1.37
288498	-1.39
65262	-1.42
288718	-1.43
363633	-1.75
29693	-1.99
