65136	18.21
81774	16.83
140655	15.25
691531	15.08
94266	15.06
29304	14.72
81763	14.47
28298	14.44
29288	14.19
360572	14.15
64306	13.34
122799	12.69
363241	12.24
83427	12.10
29236	11.93
29285	11.90
25348	11.57
300079	11.35
64307	11.10
100912032	10.82
245981	10.69
64205	9.60
81764	9.51
297755	9.51
64640	9.47
100362640	9.21
293725	7.56
81769	7.37
171361	7.27
116646	6.72
29565	6.52
298700	5.94
171350	4.74
83789	4.38
84509	4.22
29374	3.79
681429	3.79
64527	3.56
361784	3.45
58934	3.37
362952	3.17
25308	2.83
83503	2.79
140608	2.76
24786	2.58
299809	2.45
361808	2.44
288778	2.31
89819	2.18
29425	2.05
83474	1.86
497778	1.83
24968	1.79
25176	1.74
25737	1.63
54318	1.54
292028	1.54
117030	1.43
65165	1.42
494445	1.41
192241	1.41
83712	1.40
361402	1.37
25742	1.37
59102	1.30
24223	1.30
309626	1.29
113958	1.26
29395	1.12
192255	1.05
80843	1.05
298441	1.04
312538	1.02
304429	0.98
64158	0.93
24790	0.92
288615	0.80
296501	0.77
114612	0.76
84490	0.71
81822	0.70
29624	0.68
294390	0.64
63868	0.63
364656	0.62
282845	0.58
84486	0.49
117270	0.47
24383	0.46
60349	0.44
192172	0.43
303831	0.43
24649	0.36
298712	0.35
60416	0.35
81663	0.33
24699	0.33
500545	0.31
298517	0.30
54257	0.30
317163	0.24
24422	0.19
24944	0.16
117263	0.14
498185	0.13
689399	0.11
296178	0.08
309790	0.08
24829	0.07
191569	0.05
25599	0.03
25369	0.02
64665	0.01
301240	-0.01
114090	-0.05
29659	-0.05
685890	-0.06
288597	-0.07
287561	-0.07
288498	-0.08
363633	-0.08
288480	-0.09
363854	-0.10
59329	-0.10
24333	-0.12
302855	-0.13
365601	-0.14
24799	-0.14
24651	-0.18
60460	-0.18
288718	-0.22
288444	-0.25
406167	-0.26
685325	-0.31
25517	-0.31
259272	-0.34
24669	-0.35
246281	-0.37
83504	-0.38
89833	-0.38
311833	-0.39
362720	-0.41
29353	-0.41
245976	-0.41
81718	-0.42
289878	-0.46
83803	-0.46
304388	-0.59
29668	-0.60
24817	-0.62
79209	-0.62
24392	-0.69
29461	-0.69
56010	-0.71
117526	-0.74
25740	-0.76
24516	-0.77
83537	-0.79
361866	-0.79
246773	-0.83
29693	-0.90
305623	-0.97
316122	-1.03
246146	-1.12
288666	-1.18
84578	-1.26
65262	-1.33
54398	-1.35
292804	-1.35
65144	-1.42
406168	-1.46
29580	-1.70
24183	-1.73
304278	-1.74
298942	-1.80
81829	-1.82
