192241	12.54
81769	6.86
25348	6.09
81829	5.69
691531	5.62
65262	5.47
24786	5.42
83503	5.31
100912032	5.21
24383	4.99
298517	4.88
29425	4.69
94266	4.40
29285	4.32
25308	4.21
100362640	3.83
81774	3.81
301240	3.60
28298	3.54
25176	3.51
113958	3.48
64307	3.45
64306	3.31
24333	3.30
140655	2.96
360572	2.84
292804	2.80
124323	2.76
122799	2.76
361808	2.75
117030	2.52
192172	2.45
245981	2.44
681429	2.35
116646	2.30
83803	2.29
363241	2.18
64527	2.18
364656	2.16
64158	2.15
29236	2.11
65136	2.09
64640	2.09
361784	2.09
298942	2.06
288666	2.05
29304	1.93
288480	1.91
497778	1.88
24183	1.84
288615	1.72
29693	1.68
89819	1.59
293725	1.46
298441	1.38
297755	1.36
81763	1.34
685890	1.30
29288	1.28
302855	1.23
84509	1.16
24223	1.07
63868	1.06
81764	1.06
494445	1.05
83537	1.03
304429	1.01
24799	0.95
24651	0.93
54398	0.88
289878	0.83
24422	0.82
114612	0.80
65144	0.73
83427	0.68
29668	0.68
25742	0.64
64205	0.60
304278	0.55
83474	0.54
29353	0.54
406168	0.52
60416	0.48
29624	0.43
29580	0.38
25369	0.37
29461	0.34
24817	0.33
25517	0.31
24669	0.28
54257	0.25
689399	0.24
24392	0.24
117263	0.21
64665	0.19
300079	0.18
56010	0.17
117270	0.11
192255	0.11
84486	0.11
83789	0.09
500545	0.09
288718	0.08
24968	0.07
25599	0.07
191569	0.06
304388	0.02
59102	-0.00
25740	-0.03
81718	-0.03
363633	-0.04
83504	-0.05
498185	-0.07
89833	-0.10
84490	-0.16
298700	-0.23
362720	-0.23
117526	-0.28
24699	-0.29
294390	-0.30
81822	-0.34
246281	-0.37
24944	-0.38
245976	-0.38
58934	-0.39
296501	-0.40
81663	-0.42
288444	-0.42
292028	-0.43
287561	-0.46
84578	-0.48
288498	-0.48
311833	-0.52
171361	-0.56
288597	-0.56
685325	-0.58
282845	-0.61
246773	-0.61
60349	-0.64
114090	-0.70
65165	-0.72
303831	-0.73
288778	-0.75
24829	-0.75
296178	-0.77
60460	-0.78
80843	-0.84
25737	-0.85
59329	-0.93
298712	-0.93
29565	-0.94
29659	-1.07
54318	-1.07
363854	-1.11
29395	-1.11
83712	-1.16
361866	-1.17
309626	-1.20
406167	-1.21
309790	-1.21
365601	-1.23
312538	-1.26
171350	-1.28
29374	-1.35
316122	-1.36
24516	-1.40
259272	-1.43
24649	-1.43
362952	-1.50
246146	-1.51
79209	-1.67
317163	-1.94
24790	-1.97
299809	-2.27
361402	-2.31
305623	-2.56
