29285	18.79
81774	16.94
29236	16.14
83427	15.45
94266	15.44
124323	15.25
28298	15.25
64205	15.15
29304	14.92
65136	14.91
29288	14.56
360572	13.96
64307	13.95
691531	13.92
25348	13.80
64306	13.79
363241	13.38
100912032	13.33
300079	13.16
245981	12.56
81763	12.47
100362640	12.35
81764	12.16
297755	11.56
122799	10.41
293725	9.71
81769	9.17
171361	8.76
116646	8.68
64640	8.12
298700	7.08
83789	6.67
29565	6.62
171350	5.22
681429	4.96
83503	4.85
361784	4.52
25308	4.20
361808	3.72
84509	3.68
58934	3.45
29374	3.34
192241	3.25
64527	3.16
29425	3.10
299809	3.02
140608	2.96
362952	2.79
24786	2.74
25737	2.14
81822	1.96
54318	1.95
65165	1.88
113958	1.84
24790	1.83
292028	1.65
192255	1.65
117030	1.64
89819	1.58
25176	1.54
497778	1.52
117270	1.36
59102	1.35
114612	1.32
288778	1.24
288480	1.23
312538	1.21
24333	1.20
83712	1.18
83474	1.17
29624	1.07
29395	1.06
303831	1.03
25742	0.98
362720	0.91
309626	0.80
296501	0.79
304429	0.78
24223	0.77
64665	0.73
364656	0.73
192172	0.72
25369	0.71
494445	0.68
80843	0.67
64158	0.66
63868	0.63
117263	0.61
24383	0.61
24968	0.60
24799	0.59
298441	0.52
114090	0.51
361402	0.50
24699	0.48
500545	0.47
84486	0.46
288666	0.45
685325	0.45
317163	0.43
246146	0.41
288597	0.41
81829	0.38
689399	0.37
81663	0.36
685890	0.36
363854	0.35
259272	0.33
292804	0.32
60349	0.31
191569	0.28
59329	0.25
84578	0.25
287561	0.14
288615	0.11
84490	0.08
89833	0.03
24649	0.02
29668	0.01
24669	-0.00
245976	-0.02
56010	-0.02
24422	-0.05
365601	-0.12
60416	-0.13
24392	-0.15
311833	-0.15
288444	-0.16
24829	-0.17
83504	-0.17
24516	-0.19
60460	-0.20
302855	-0.20
298517	-0.20
29353	-0.21
25599	-0.23
282845	-0.25
301240	-0.27
65262	-0.28
294390	-0.30
117526	-0.30
363633	-0.31
304388	-0.35
24651	-0.36
246281	-0.36
296178	-0.50
54257	-0.56
83803	-0.59
54398	-0.62
309790	-0.66
24944	-0.68
298712	-0.69
361866	-0.71
29461	-0.73
406167	-0.76
81718	-0.77
83537	-0.80
24817	-0.92
25517	-0.94
316122	-1.01
79209	-1.03
29659	-1.03
289878	-1.05
298942	-1.06
498185	-1.07
25740	-1.12
246773	-1.12
288718	-1.12
288498	-1.24
29580	-1.29
65144	-1.32
305623	-1.34
406168	-1.35
304278	-1.39
29693	-1.67
24183	-1.78
