64205	8.97
300079	7.90
29565	7.63
29304	7.35
83427	7.16
81763	6.98
65136	6.60
29288	6.48
171361	6.39
245981	6.19
360572	6.10
100362640	6.09
29236	6.07
293725	5.79
81774	5.79
100912032	5.42
81764	5.29
140655	5.22
297755	5.04
691531	4.99
64307	4.97
363241	4.88
64306	4.77
116646	4.76
124323	4.74
29285	4.70
28298	4.66
94266	4.34
288778	3.88
25348	3.82
24649	3.74
292028	3.50
122799	3.49
299809	3.37
362952	3.31
298700	3.30
81769	3.21
80843	3.07
363633	2.94
29374	2.91
83789	2.88
64527	2.76
681429	2.72
24944	2.69
64640	2.54
298441	2.51
25737	2.48
24223	2.45
24790	2.40
363854	2.21
84509	2.09
288498	2.03
81822	2.02
54318	1.76
361784	1.71
117270	1.69
192172	1.64
65165	1.64
24968	1.63
58934	1.61
29395	1.59
60349	1.59
361808	1.55
312538	1.53
81663	1.45
317163	1.38
494445	1.22
500545	1.14
24699	1.11
298712	1.10
192255	1.06
24669	0.96
289878	0.93
316122	0.92
25176	0.92
89819	0.91
25308	0.90
288480	0.80
689399	0.80
309626	0.77
24829	0.77
259272	0.77
24333	0.75
83712	0.73
288615	0.72
361402	0.71
29461	0.69
63868	0.62
311833	0.59
25599	0.58
292804	0.57
296501	0.56
114612	0.53
288718	0.52
406167	0.48
24799	0.42
60460	0.38
117263	0.30
362720	0.26
83803	0.25
84486	0.24
59329	0.23
56010	0.22
25740	0.22
24392	0.21
64665	0.15
24651	0.12
64158	0.11
498185	0.08
59102	0.05
29425	0.04
288444	0.03
25742	0.00
24516	0.00
60416	-0.00
303831	-0.03
25369	-0.04
29659	-0.04
83474	-0.06
364656	-0.08
84578	-0.11
365601	-0.12
29693	-0.14
79209	-0.14
83504	-0.14
81718	-0.17
84490	-0.17
24383	-0.18
361866	-0.19
113958	-0.19
287561	-0.19
298517	-0.20
685890	-0.21
117526	-0.24
191569	-0.25
296178	-0.25
54398	-0.25
81829	-0.29
25517	-0.37
192241	-0.40
246281	-0.44
497778	-0.45
304429	-0.46
245976	-0.49
304388	-0.50
65262	-0.50
117030	-0.51
282845	-0.51
29668	-0.52
298942	-0.56
309790	-0.58
288597	-0.59
294390	-0.60
83503	-0.69
29624	-0.70
89833	-0.79
54257	-0.80
114090	-0.96
24422	-1.04
83537	-1.07
305623	-1.09
24183	-1.10
685325	-1.11
302855	-1.19
24786	-1.21
29580	-1.23
140608	-1.28
24817	-1.28
29353	-1.36
246146	-1.36
406168	-1.38
288666	-1.58
304278	-1.59
246773	-1.61
65144	-1.87
301240	-1.92
