300079	12.90
29304	11.72
100362640	11.42
29288	11.26
81764	10.97
64205	10.96
81774	10.12
83427	10.08
81763	10.06
29236	9.98
29565	9.83
65136	9.77
245981	8.92
140655	8.76
64306	8.70
297755	8.63
293725	8.50
122799	8.19
363241	8.12
360572	8.12
116646	8.08
64307	7.89
94266	7.81
83789	7.73
100912032	7.64
28298	7.31
124323	7.27
29285	6.81
171350	6.39
25348	5.72
691531	5.50
29374	5.04
299809	4.91
64640	4.67
298700	4.64
81769	4.47
303831	4.37
81822	4.07
25176	3.84
681429	3.65
362952	3.63
84509	3.59
317163	3.45
65165	3.17
24944	2.91
192255	2.84
292028	2.41
29668	2.38
114612	2.31
24223	2.25
83712	2.18
65262	2.05
24669	2.05
24333	1.96
25737	1.92
84486	1.90
298942	1.82
80843	1.80
63868	1.77
25308	1.73
60416	1.68
24786	1.65
58934	1.60
361866	1.48
288778	1.47
316122	1.45
29395	1.41
361402	1.40
117263	1.31
54318	1.30
192241	1.22
298712	1.20
59329	1.19
494445	1.16
60460	1.08
83474	1.07
29659	0.98
24699	0.97
365601	0.92
362720	0.89
24790	0.86
29624	0.80
294390	0.80
288666	0.80
288444	0.79
304429	0.79
56010	0.77
361808	0.75
64527	0.73
84578	0.72
259272	0.71
89819	0.70
117030	0.66
113958	0.58
292804	0.52
302855	0.49
83503	0.46
59102	0.42
311833	0.42
81718	0.41
24649	0.40
25742	0.40
309790	0.39
305623	0.38
25740	0.38
498185	0.32
117270	0.29
298441	0.29
288498	0.28
282845	0.26
24799	0.25
24968	0.23
689399	0.23
245976	0.23
117526	0.21
60349	0.21
192172	0.18
246146	0.16
25599	0.14
289878	0.14
25369	0.14
296501	0.10
64158	0.04
361784	0.04
497778	0.00
89833	-0.00
29425	-0.01
363854	-0.07
685890	-0.08
79209	-0.10
24516	-0.10
296178	-0.10
191569	-0.18
24383	-0.19
81663	-0.20
24422	-0.21
83537	-0.22
24651	-0.25
29693	-0.31
288480	-0.32
500545	-0.32
288597	-0.36
81829	-0.36
364656	-0.41
287561	-0.43
685325	-0.44
312538	-0.51
288615	-0.51
29461	-0.51
29580	-0.54
246773	-0.54
140608	-0.56
114090	-0.56
24817	-0.59
304278	-0.60
304388	-0.61
309626	-0.62
363633	-0.66
288718	-0.68
301240	-0.75
64665	-0.75
83803	-0.75
29353	-0.84
24392	-0.85
54257	-0.87
65144	-1.01
24829	-1.07
83504	-1.14
406168	-1.29
406167	-1.31
298517	-1.44
84490	-1.53
54398	-1.55
25517	-1.63
246281	-1.99
24183	-2.88
