83504	2.84
54257	2.27
246773	2.16
304388	1.60
192241	1.38
25369	1.36
60416	1.21
259272	1.19
302855	1.10
305623	1.06
246281	0.97
298441	0.93
29624	0.91
298712	0.89
685890	0.88
24516	0.82
363241	0.77
362952	0.73
83803	0.73
301240	0.68
114612	0.68
58934	0.67
64306	0.64
84486	0.60
361808	0.58
65144	0.54
29353	0.54
304278	0.53
29461	0.51
25176	0.50
117270	0.49
24649	0.48
25308	0.47
24223	0.41
28298	0.40
300079	0.40
29285	0.38
24183	0.32
192172	0.31
122799	0.30
25737	0.29
287561	0.29
29288	0.29
245976	0.28
140655	0.28
64307	0.24
25348	0.24
81822	0.23
81763	0.22
117030	0.22
292804	0.22
292028	0.22
83789	0.21
24333	0.21
83427	0.21
282845	0.21
296501	0.17
83503	0.16
65136	0.16
297755	0.15
294390	0.13
298700	0.12
192255	0.12
288615	0.12
29236	0.12
361784	0.10
89833	0.10
312538	0.07
311833	0.07
140608	0.06
81774	0.06
360572	0.06
124323	0.05
29668	0.03
60349	0.02
24817	0.02
25599	0.01
296178	0.01
24392	0.01
29304	-0.01
494445	-0.01
117526	-0.01
24799	-0.03
100912032	-0.03
25742	-0.04
245981	-0.05
65262	-0.06
117263	-0.10
362720	-0.10
303831	-0.15
84490	-0.15
691531	-0.15
81663	-0.17
171361	-0.18
288597	-0.18
81829	-0.19
59102	-0.19
54318	-0.20
309790	-0.21
84509	-0.22
80843	-0.22
171350	-0.25
24422	-0.29
24651	-0.31
406167	-0.31
304429	-0.32
25740	-0.32
29659	-0.35
100362640	-0.35
298942	-0.39
116646	-0.39
81718	-0.40
24829	-0.40
689399	-0.40
29395	-0.41
64158	-0.41
24699	-0.42
29425	-0.43
113958	-0.43
24968	-0.44
84578	-0.44
94266	-0.46
64665	-0.46
288480	-0.47
24944	-0.49
59329	-0.51
316122	-0.52
64205	-0.52
288778	-0.53
288498	-0.54
498185	-0.54
24383	-0.54
685325	-0.55
361402	-0.56
83712	-0.56
81764	-0.58
114090	-0.62
365601	-0.63
288666	-0.63
79209	-0.64
288718	-0.69
81769	-0.70
24669	-0.77
83474	-0.79
29374	-0.81
65165	-0.81
293725	-0.82
363854	-0.85
364656	-0.87
54398	-0.90
497778	-0.93
25517	-0.94
309626	-0.97
24790	-0.98
299809	-1.02
500545	-1.13
289878	-1.13
83537	-1.15
29580	-1.16
681429	-1.18
317163	-1.24
63868	-1.26
298517	-1.28
406168	-1.38
29693	-1.40
64527	-1.40
60460	-1.41
246146	-1.43
363633	-1.44
64640	-1.48
89819	-1.50
24786	-1.51
361866	-1.52
29565	-1.53
56010	-1.72
288444	-1.95
