116646	4.09
83803	3.85
64205	3.78
29236	3.37
81829	3.29
83427	3.26
192241	3.25
81663	3.15
364656	3.07
301240	3.07
100362640	3.01
29565	2.62
29285	2.52
361808	2.48
140608	2.45
24183	2.43
24383	2.41
54398	2.30
691531	2.13
245976	2.06
64307	2.02
64665	2.02
292804	2.02
29353	1.97
24786	1.92
81763	1.83
297755	1.82
65262	1.74
117030	1.68
171350	1.64
65144	1.63
64306	1.63
81822	1.56
24649	1.55
309626	1.54
293725	1.52
83503	1.48
689399	1.48
500545	1.43
100912032	1.41
298517	1.40
360572	1.38
300079	1.36
29288	1.36
63868	1.35
681429	1.31
28298	1.29
25348	1.23
406168	1.19
113958	1.18
245981	1.16
29580	1.16
81769	1.14
192255	1.10
81774	1.07
288718	1.06
81764	1.03
685890	1.01
24790	0.99
24516	0.98
24651	0.97
304278	0.94
29304	0.88
65136	0.86
312538	0.86
304429	0.83
363633	0.83
24333	0.73
140655	0.72
24422	0.70
24968	0.69
362720	0.66
685325	0.65
25740	0.57
24223	0.57
497778	0.56
29425	0.55
80843	0.53
292028	0.48
298441	0.44
29395	0.44
124323	0.43
361784	0.43
83789	0.43
54257	0.40
494445	0.39
24799	0.38
24817	0.36
406167	0.35
64527	0.34
25599	0.34
363854	0.32
191569	0.31
29624	0.28
94266	0.25
362952	0.24
64158	0.20
25176	0.18
171361	0.18
304388	0.18
288778	0.17
59102	0.12
122799	0.10
298700	0.10
299809	0.08
24829	0.04
83537	0.04
83474	0.03
246773	0.02
363241	-0.04
84578	-0.04
60349	-0.05
25369	-0.05
114612	-0.05
83712	-0.05
89819	-0.06
259272	-0.09
60460	-0.12
288480	-0.12
24944	-0.15
59329	-0.15
296501	-0.18
25308	-0.20
83504	-0.21
89833	-0.22
81718	-0.22
288615	-0.24
24699	-0.26
65165	-0.32
25517	-0.33
25742	-0.34
498185	-0.34
64640	-0.36
25737	-0.38
29659	-0.40
246146	-0.41
84486	-0.44
246281	-0.54
29374	-0.55
311833	-0.56
298942	-0.58
296178	-0.63
117270	-0.69
365601	-0.74
288498	-0.77
84490	-0.81
56010	-0.84
29461	-0.84
302855	-0.85
316122	-0.93
24392	-1.09
58934	-1.10
298712	-1.18
287561	-1.19
294390	-1.19
288597	-1.20
289878	-1.21
24669	-1.22
29693	-1.27
84509	-1.39
309790	-1.40
288444	-1.40
29668	-1.48
282845	-1.53
303831	-1.54
114090	-1.58
79209	-1.67
305623	-1.68
117263	-2.08
60416	-2.14
54318	-2.17
361402	-2.20
117526	-2.49
288666	-2.50
317163	-2.60
361866	-3.21
