140608	12.54
65262	11.60
81829	10.78
24383	7.59
301240	6.16
298517	5.96
25176	5.55
24786	5.51
113958	5.41
29425	5.40
292804	5.18
298942	5.16
81769	5.09
100362640	4.92
28298	4.92
29285	4.89
24333	4.83
83503	4.76
81774	4.53
25348	4.53
297755	4.45
100912032	4.39
64306	4.27
25308	4.17
64307	3.79
288480	3.68
245981	3.53
29236	3.51
192172	3.25
29304	3.25
140655	3.25
64205	3.19
83427	3.18
94266	3.17
29288	3.17
84509	3.15
65136	3.02
360572	2.96
29668	2.92
363241	2.91
117263	2.90
691531	2.81
122799	2.75
300079	2.67
361808	2.61
364656	2.52
288666	2.37
116646	2.27
81764	2.24
293725	2.16
24183	2.14
298700	2.05
681429	2.01
81763	1.83
83789	1.80
29693	1.79
192255	1.76
63868	1.72
29580	1.68
304429	1.58
83803	1.46
117030	1.45
89819	1.44
124323	1.41
191569	1.38
497778	1.22
171361	1.22
24422	1.21
64158	1.13
362952	1.12
24968	1.10
60416	1.09
361784	1.07
304278	1.03
24651	0.98
29353	0.95
406168	0.94
65144	0.91
64640	0.90
83537	0.89
292028	0.88
685890	0.70
24223	0.70
299809	0.65
689399	0.54
81822	0.52
25599	0.52
114612	0.49
64665	0.49
302855	0.48
84578	0.48
54318	0.47
59102	0.46
84486	0.45
64527	0.44
362720	0.44
81718	0.37
58934	0.36
24669	0.32
296501	0.30
24944	0.27
29624	0.25
288597	0.25
24799	0.23
363854	0.23
83712	0.20
54257	0.18
246773	0.15
54398	0.14
29374	0.07
500545	0.04
25742	0.02
80843	0.02
25737	-0.04
24516	-0.05
24817	-0.06
304388	-0.07
25369	-0.11
83474	-0.16
298441	-0.23
289878	-0.23
89833	-0.24
83504	-0.25
117526	-0.29
60349	-0.32
24392	-0.33
494445	-0.36
29395	-0.37
24699	-0.37
685325	-0.38
296178	-0.39
60460	-0.39
29659	-0.39
171350	-0.40
24829	-0.41
245976	-0.54
365601	-0.59
287561	-0.61
56010	-0.61
246146	-0.61
25740	-0.63
288778	-0.68
24649	-0.73
246281	-0.75
363633	-0.77
59329	-0.78
288615	-0.79
84490	-0.81
29565	-0.83
294390	-0.85
81663	-0.87
311833	-0.89
24790	-0.93
288718	-0.93
361402	-0.94
25517	-0.94
79209	-0.94
312538	-0.97
114090	-0.97
259272	-1.02
317163	-1.09
288444	-1.09
29461	-1.10
65165	-1.13
117270	-1.17
288498	-1.19
298712	-1.21
303831	-1.25
305623	-1.36
361866	-1.37
406167	-1.38
282845	-1.40
309790	-1.51
316122	-1.56
498185	-1.67
309626	-2.15
