361808	4.00
298700	3.86
25176	3.59
84509	3.58
24786	3.32
117263	3.29
89819	3.28
81822	3.09
29425	3.06
81829	2.90
171361	2.84
288666	2.72
282845	2.69
24383	2.65
288718	2.51
29668	2.41
246146	2.41
24333	2.22
363633	2.19
288444	2.17
24223	2.13
84486	2.13
292804	2.07
117030	2.04
288480	2.02
64527	1.97
65262	1.94
24944	1.92
25737	1.92
305623	1.86
81774	1.82
192241	1.76
81764	1.76
64665	1.76
293725	1.74
288615	1.67
140655	1.65
299809	1.60
24669	1.60
288498	1.57
24649	1.51
362952	1.51
25740	1.46
500545	1.41
24516	1.39
64205	1.36
64306	1.34
63868	1.30
25742	1.29
297755	1.28
24651	1.27
116646	1.23
29374	1.22
113958	1.15
83503	1.14
245981	1.14
83712	1.10
192172	1.10
364656	1.08
171350	1.06
124323	1.05
84490	1.03
685325	1.02
56010	1.02
65136	0.99
406167	0.96
309790	0.95
303831	0.90
29580	0.88
25599	0.85
29285	0.82
81769	0.79
117526	0.77
29659	0.76
60416	0.76
406168	0.74
60460	0.67
54318	0.66
497778	0.64
494445	0.61
83427	0.61
292028	0.58
29304	0.56
300079	0.56
29624	0.54
29288	0.52
80843	0.43
363241	0.38
362720	0.34
25308	0.33
24799	0.33
25348	0.31
245976	0.30
29565	0.29
24968	0.23
301240	0.23
24422	0.23
365601	0.20
691531	0.19
81718	0.15
361866	0.14
83537	0.14
191569	0.12
316122	0.11
140608	0.11
64307	0.09
65144	0.04
685890	0.01
29353	0.01
28298	-0.02
294390	-0.02
100362640	-0.04
363854	-0.05
64158	-0.06
288597	-0.06
100912032	-0.08
311833	-0.08
25369	-0.08
58934	-0.09
59329	-0.10
288778	-0.11
83504	-0.12
298441	-0.14
94266	-0.14
689399	-0.15
287561	-0.17
65165	-0.18
83789	-0.19
29395	-0.19
29236	-0.20
29693	-0.23
304429	-0.23
312538	-0.24
84578	-0.29
122799	-0.30
298517	-0.32
81763	-0.33
81663	-0.34
246773	-0.38
24699	-0.38
24183	-0.40
498185	-0.42
54398	-0.45
29461	-0.46
114612	-0.47
259272	-0.47
83803	-0.47
24829	-0.49
298942	-0.50
296501	-0.52
60349	-0.52
361784	-0.61
25517	-0.63
302855	-0.63
59102	-0.64
117270	-0.67
304388	-0.68
246281	-0.70
289878	-0.71
360572	-0.74
681429	-0.75
296178	-0.81
24790	-0.82
79209	-0.86
114090	-0.89
54257	-0.94
298712	-0.97
64640	-1.03
24392	-1.07
304278	-1.07
361402	-1.19
317163	-1.23
89833	-1.49
309626	-1.60
24817	-1.62
83474	-2.25
