292804	4.66
24383	3.35
24799	3.34
54398	3.06
192172	2.43
29353	2.20
192241	2.14
81829	2.09
25740	1.99
298517	1.93
140608	1.84
65262	1.81
64665	1.71
64158	1.63
24392	1.60
29580	1.37
288597	1.35
406168	1.33
81822	1.20
114612	1.10
309626	1.02
56010	0.97
81663	0.90
287561	0.86
24333	0.84
298942	0.81
497778	0.80
364656	0.80
25742	0.77
282845	0.70
259272	0.70
685325	0.66
29659	0.66
29461	0.66
83712	0.65
84578	0.65
83803	0.63
80843	0.61
406167	0.52
24516	0.49
24669	0.47
363854	0.47
25599	0.37
305623	0.34
65165	0.34
191569	0.32
65144	0.30
64527	0.29
246773	0.29
24649	0.27
246281	0.24
24651	0.22
59329	0.21
289878	0.20
29693	0.20
304388	0.20
293725	0.19
309790	0.17
312538	0.11
81769	0.10
24968	0.01
301240	-0.00
303831	-0.01
24422	-0.01
681429	-0.01
83504	-0.03
100362640	-0.08
60416	-0.12
54257	-0.13
689399	-0.15
117030	-0.15
25308	-0.15
29425	-0.16
84486	-0.18
288666	-0.21
63868	-0.21
246146	-0.24
83503	-0.24
302855	-0.26
362720	-0.29
114090	-0.30
25369	-0.31
84490	-0.31
288480	-0.35
311833	-0.37
192255	-0.40
25517	-0.42
116646	-0.43
361402	-0.45
83474	-0.48
288498	-0.48
25348	-0.49
81718	-0.49
292028	-0.50
24790	-0.51
294390	-0.53
100912032	-0.54
288444	-0.55
60460	-0.57
296501	-0.58
29395	-0.60
113958	-0.62
64640	-0.63
685890	-0.64
83789	-0.64
117270	-0.66
317163	-0.70
500545	-0.73
24829	-0.73
24699	-0.77
24817	-0.77
29624	-0.79
29565	-0.80
361866	-0.80
296178	-0.80
360572	-0.81
304278	-0.84
298441	-0.86
83537	-0.92
117526	-0.93
24786	-0.94
299809	-0.95
361784	-0.95
288778	-0.96
79209	-0.96
363633	-1.00
81763	-1.01
54318	-1.02
81764	-1.06
29668	-1.07
89833	-1.09
171350	-1.10
24223	-1.10
59102	-1.10
288615	-1.13
28298	-1.14
81774	-1.14
498185	-1.14
84509	-1.16
691531	-1.18
64205	-1.21
83427	-1.21
25737	-1.22
361808	-1.23
122799	-1.23
494445	-1.26
298712	-1.26
316122	-1.27
64307	-1.28
29236	-1.28
300079	-1.30
25176	-1.30
288718	-1.31
245981	-1.32
60349	-1.32
117263	-1.32
64306	-1.35
304429	-1.36
245976	-1.36
24944	-1.38
362952	-1.45
29285	-1.49
297755	-1.59
94266	-1.63
124323	-1.73
65136	-1.74
140655	-1.78
29374	-1.91
29288	-1.94
89819	-1.96
29304	-2.03
363241	-2.14
298700	-2.67
171361	-2.88
58934	-2.95
365601	-3.35
