24968	8.06
24944	5.57
25599	4.93
24786	3.54
81769	3.12
25308	2.87
116646	2.69
100912032	2.67
25742	2.56
94266	2.46
171350	2.45
122799	2.27
171361	2.25
117030	2.20
245981	2.14
81774	2.14
192255	2.13
100362640	2.10
681429	2.10
81764	1.99
29304	1.97
29659	1.94
361808	1.92
24383	1.81
64306	1.81
25348	1.80
360572	1.76
24699	1.72
65136	1.65
292028	1.65
81763	1.62
29668	1.57
24516	1.55
64640	1.52
79209	1.51
691531	1.47
29288	1.46
29285	1.42
363241	1.42
56010	1.40
288615	1.38
83537	1.32
28298	1.31
64307	1.31
124323	1.30
25176	1.28
81718	1.26
65165	1.26
64205	1.16
60460	1.12
363633	1.10
685890	1.10
25737	1.07
140608	1.07
81822	1.04
113958	0.95
364656	0.92
303831	0.91
498185	0.90
365601	0.89
317163	0.85
288666	0.83
140655	0.77
29236	0.75
309626	0.75
297755	0.72
83427	0.72
24422	0.70
64665	0.70
192241	0.70
80843	0.66
24333	0.65
298712	0.63
288444	0.62
192172	0.57
84509	0.56
24799	0.52
289878	0.52
83803	0.51
24790	0.50
298517	0.49
64527	0.49
83789	0.46
361784	0.44
294390	0.44
29624	0.42
191569	0.41
81663	0.37
300079	0.37
24392	0.36
245976	0.35
363854	0.33
287561	0.29
29565	0.28
24651	0.22
689399	0.22
89819	0.21
293725	0.13
24669	0.09
25740	0.05
117263	0.05
298441	0.02
65144	0.02
58934	0.02
316122	0.01
64158	0.00
29425	-0.01
29395	-0.03
309790	-0.04
84486	-0.04
29461	-0.06
117526	-0.08
83503	-0.09
65262	-0.11
60416	-0.12
29693	-0.13
63868	-0.14
59102	-0.16
311833	-0.16
81829	-0.19
84490	-0.20
406167	-0.24
298942	-0.25
312538	-0.25
288778	-0.25
299809	-0.29
304429	-0.29
685325	-0.30
288718	-0.31
29374	-0.32
83504	-0.33
24649	-0.33
292804	-0.36
406168	-0.38
500545	-0.39
29353	-0.40
84578	-0.40
59329	-0.44
25517	-0.49
494445	-0.51
497778	-0.54
24817	-0.54
362952	-0.55
117270	-0.59
298700	-0.60
246281	-0.63
304388	-0.64
362720	-0.65
114090	-0.65
296178	-0.68
83474	-0.69
54398	-0.69
282845	-0.70
83712	-0.73
54257	-0.76
296501	-0.76
288597	-0.78
24829	-0.82
89833	-0.82
301240	-0.86
29580	-0.94
259272	-0.94
246773	-0.96
25369	-0.99
246146	-1.01
361866	-1.01
114612	-1.07
24183	-1.10
288498	-1.10
54318	-1.11
304278	-1.31
60349	-1.49
305623	-1.73
361402	-1.77
288480	-1.99
302855	-2.21
