24383	10.20
292804	9.54
25176	6.74
65262	5.73
81829	4.90
192241	4.83
246146	3.76
63868	3.34
140608	3.30
117263	3.26
81822	3.24
60416	3.22
361808	3.10
64205	3.02
64158	2.77
299809	2.59
83789	2.56
24651	2.45
84509	2.34
117030	2.28
24392	2.23
192255	2.22
24786	2.19
362952	2.14
25308	2.10
292028	2.07
81774	2.06
301240	2.04
29580	2.00
288480	2.00
29236	1.97
171361	1.96
298942	1.89
113958	1.88
245981	1.87
245976	1.84
364656	1.83
29565	1.81
29425	1.81
64527	1.80
81769	1.77
29285	1.77
56010	1.71
300079	1.70
691531	1.68
298517	1.60
81764	1.58
64306	1.58
28298	1.55
83503	1.52
304278	1.48
80843	1.47
81663	1.46
298700	1.43
84486	1.40
293725	1.40
288778	1.37
29693	1.22
140655	1.20
297755	1.18
360572	1.18
65144	1.17
288444	1.16
29668	1.12
100362640	1.09
89819	1.08
25737	1.05
25369	1.04
362720	1.01
24649	1.00
296501	0.97
84490	0.96
29288	0.94
24944	0.93
288615	0.91
29461	0.90
83537	0.90
29374	0.89
500545	0.89
114612	0.86
83427	0.86
65136	0.85
24183	0.84
117526	0.81
24669	0.77
29304	0.76
288666	0.75
363241	0.75
171350	0.75
25348	0.74
192172	0.73
494445	0.73
24223	0.65
363633	0.64
363854	0.59
29659	0.57
681429	0.56
288718	0.56
497778	0.54
312538	0.51
83803	0.51
54318	0.51
65165	0.50
298712	0.48
64307	0.48
54398	0.47
25599	0.47
361402	0.46
24790	0.45
84578	0.44
304429	0.43
100912032	0.42
89833	0.38
296178	0.37
83712	0.34
689399	0.31
29624	0.31
288498	0.30
122799	0.26
94266	0.23
191569	0.21
24817	0.20
116646	0.14
83504	0.12
282845	0.11
289878	0.10
59102	0.09
25742	0.07
24799	0.04
24422	0.04
64665	0.03
685325	-0.00
64640	-0.10
124323	-0.12
79209	-0.14
498185	-0.15
406167	-0.16
302855	-0.19
317163	-0.24
298441	-0.25
259272	-0.26
309790	-0.28
305623	-0.29
246773	-0.30
60460	-0.30
29395	-0.31
311833	-0.32
304388	-0.36
25740	-0.38
406168	-0.39
81763	-0.41
361866	-0.44
361784	-0.44
24699	-0.47
246281	-0.47
24516	-0.48
287561	-0.48
81718	-0.64
114090	-0.65
316122	-0.66
25517	-0.75
309626	-0.80
59329	-0.81
294390	-0.83
60349	-0.83
288597	-0.94
29353	-1.00
54257	-1.06
117270	-1.07
24968	-1.08
24829	-1.13
303831	-1.18
685890	-1.36
365601	-1.61
83474	-1.83
58934	-2.09
