292804	12.31
24333	10.20
81829	9.42
192241	7.59
65262	7.35
298517	6.82
140608	4.99
29425	4.17
288480	4.17
113958	3.80
29668	3.79
29580	3.54
25176	3.42
24183	3.35
24786	3.16
298942	3.12
301240	3.07
56010	3.05
245981	3.02
117263	2.93
64306	2.74
63868	2.72
360572	2.72
81774	2.70
81822	2.67
192255	2.65
83503	2.63
292028	2.63
29353	2.54
192172	2.41
288778	2.39
100362640	2.36
116646	2.35
54398	2.10
28298	2.07
25348	2.06
64665	2.05
83427	1.91
691531	1.84
24223	1.81
361808	1.78
362720	1.75
24799	1.73
363633	1.68
65136	1.67
298700	1.57
29693	1.56
84509	1.56
64205	1.55
122799	1.52
81764	1.50
64307	1.48
293725	1.43
65144	1.36
83712	1.33
497778	1.33
681429	1.31
25599	1.27
84490	1.23
24422	1.22
312538	1.20
64158	1.18
29285	1.16
362952	1.10
24651	1.08
24699	1.06
94266	1.05
29236	1.03
24968	0.99
83789	0.99
64527	0.99
364656	0.98
361402	0.92
406168	0.90
117030	0.89
24944	0.88
83803	0.86
29288	0.86
689399	0.85
29304	0.84
84486	0.84
297755	0.82
25369	0.79
363854	0.78
24392	0.76
288444	0.67
140655	0.61
114612	0.61
80843	0.60
60416	0.57
500545	0.55
89833	0.50
29461	0.50
81769	0.50
246146	0.49
289878	0.47
124323	0.46
300079	0.42
25308	0.40
245976	0.39
100912032	0.37
59102	0.36
685325	0.35
81663	0.33
29624	0.28
29659	0.28
24817	0.22
296178	0.21
288666	0.19
81763	0.17
299809	0.15
305623	0.12
65165	0.06
363241	0.02
282845	0.00
25737	-0.05
24516	-0.06
296501	-0.09
246773	-0.14
24790	-0.15
298712	-0.17
171350	-0.18
171361	-0.19
29565	-0.20
25740	-0.22
29395	-0.23
117526	-0.24
311833	-0.24
84578	-0.26
288498	-0.26
64640	-0.30
288615	-0.32
25742	-0.41
287561	-0.41
114090	-0.42
117270	-0.48
24649	-0.49
685890	-0.52
304388	-0.52
298441	-0.54
288597	-0.54
191569	-0.54
246281	-0.62
60349	-0.63
406167	-0.64
304278	-0.66
288718	-0.71
302855	-0.73
304429	-0.75
294390	-0.77
54257	-0.78
29374	-0.78
60460	-0.83
89819	-0.86
83504	-0.87
361784	-0.89
83474	-0.94
24829	-0.96
259272	-1.04
494445	-1.05
361866	-1.13
54318	-1.14
309790	-1.30
24669	-1.32
303831	-1.37
83537	-1.41
498185	-1.46
79209	-1.53
81718	-1.54
25517	-1.75
317163	-1.85
365601	-1.89
59329	-2.15
316122	-2.28
58934	-2.67
309626	-2.77
