56010	2.44
24333	2.23
25742	1.92
29353	1.78
114090	1.62
24183	1.60
81663	1.32
81822	1.29
25369	1.28
60416	1.21
24516	1.16
292804	1.11
63868	1.10
259272	1.08
305623	1.02
29693	1.01
24944	0.96
288597	0.94
363854	0.89
24790	0.82
282845	0.77
293725	0.77
24383	0.76
288444	0.76
362720	0.75
24799	0.74
29395	0.73
287561	0.68
302855	0.62
288666	0.61
24649	0.57
689399	0.57
84486	0.53
59329	0.50
25737	0.47
83503	0.45
294390	0.45
114612	0.42
84509	0.42
81774	0.39
24223	0.36
83789	0.35
25308	0.35
289878	0.35
117270	0.34
24699	0.33
406167	0.32
25599	0.29
303831	0.26
64640	0.25
117263	0.24
64527	0.24
140608	0.24
29461	0.22
83712	0.22
361866	0.21
65165	0.21
171350	0.21
54398	0.16
360572	0.12
89819	0.11
25517	0.09
497778	0.07
364656	0.06
316122	0.06
362952	0.06
29668	0.02
191569	0.01
54257	-0.01
24669	-0.02
288480	-0.06
298942	-0.06
64158	-0.08
117030	-0.12
246281	-0.13
494445	-0.13
246773	-0.14
29624	-0.14
54318	-0.14
140655	-0.15
65262	-0.15
311833	-0.15
25348	-0.17
84490	-0.19
296178	-0.19
298712	-0.20
298441	-0.21
292028	-0.23
29425	-0.23
81829	-0.24
83504	-0.24
298517	-0.25
64205	-0.25
500545	-0.26
299809	-0.28
296501	-0.28
94266	-0.28
363633	-0.28
317163	-0.29
113958	-0.29
65136	-0.31
246146	-0.31
117526	-0.31
245981	-0.31
100362640	-0.32
288778	-0.32
192241	-0.33
81764	-0.34
691531	-0.35
685325	-0.36
83427	-0.38
24968	-0.39
122799	-0.39
28298	-0.39
361402	-0.42
64306	-0.44
24829	-0.48
81769	-0.49
60349	-0.52
116646	-0.53
29285	-0.53
297755	-0.54
288615	-0.55
29374	-0.55
312538	-0.55
29304	-0.56
83537	-0.57
29580	-0.58
406168	-0.58
304278	-0.59
84578	-0.59
24786	-0.60
24817	-0.60
65144	-0.64
80843	-0.64
363241	-0.65
309790	-0.65
300079	-0.65
100912032	-0.68
29288	-0.69
124323	-0.69
304388	-0.80
79209	-0.80
498185	-0.80
29565	-0.81
361784	-0.81
365601	-0.82
288498	-0.82
64307	-0.84
171361	-0.85
298700	-0.88
64665	-0.88
681429	-0.90
29236	-0.95
245976	-0.96
89833	-0.96
685890	-0.97
25176	-0.99
24651	-1.03
24422	-1.05
192255	-1.07
83803	-1.08
192172	-1.09
60460	-1.15
301240	-1.20
83474	-1.21
361808	-1.30
81718	-1.32
309626	-1.35
81763	-1.37
29659	-1.37
59102	-1.37
25740	-1.46
58934	-1.68
288718	-1.91
304429	-2.06
