65144	2.00
24786	1.71
24651	1.65
24817	1.60
81663	1.53
288666	1.49
304429	1.47
298942	1.41
301240	1.39
298712	1.33
24383	1.22
192241	1.21
29580	1.13
25308	1.08
29659	0.86
63868	0.83
140608	0.82
83712	0.79
81829	0.77
25176	0.77
116646	0.76
192172	0.70
24223	0.70
494445	0.69
298517	0.67
83537	0.67
29693	0.61
64640	0.59
29288	0.59
497778	0.58
25740	0.58
65165	0.57
84490	0.55
289878	0.51
56010	0.51
360572	0.51
288615	0.51
113958	0.50
83503	0.49
65262	0.49
292804	0.48
296178	0.47
81822	0.47
122799	0.45
89833	0.42
297755	0.37
24669	0.34
24968	0.31
298441	0.31
54318	0.30
364656	0.28
363241	0.25
25348	0.24
117030	0.24
192255	0.23
89819	0.22
685325	0.21
365601	0.21
24799	0.20
124323	0.19
64527	0.19
84486	0.19
100912032	0.18
65136	0.18
363633	0.17
361866	0.17
24699	0.17
305623	0.17
406168	0.16
81774	0.16
29668	0.15
29425	0.15
117526	0.15
100362640	0.14
288778	0.13
246773	0.11
84578	0.11
83474	0.10
84509	0.10
296501	0.10
58934	0.08
81718	0.08
28298	0.08
363854	0.08
316122	0.06
25742	0.05
60416	0.04
79209	0.04
24333	0.04
288718	0.04
288597	0.03
29304	0.02
24944	0.01
304278	0.01
25737	0.01
312538	0.00
29236	-0.01
24183	-0.01
81763	-0.02
64306	-0.03
361808	-0.03
29285	-0.03
298700	-0.04
140655	-0.05
500545	-0.06
406167	-0.06
691531	-0.10
81769	-0.11
94266	-0.11
304388	-0.12
80843	-0.16
64158	-0.19
25599	-0.19
685890	-0.20
64307	-0.21
171361	-0.21
288444	-0.22
83789	-0.23
60460	-0.24
54398	-0.26
29461	-0.27
24516	-0.28
292028	-0.28
191569	-0.29
294390	-0.29
245981	-0.30
29353	-0.30
309626	-0.31
117263	-0.32
302855	-0.32
300079	-0.33
689399	-0.35
81764	-0.35
282845	-0.37
59102	-0.38
29624	-0.39
317163	-0.40
362720	-0.42
54257	-0.42
24790	-0.43
83504	-0.44
288480	-0.45
64665	-0.46
83427	-0.47
362952	-0.49
681429	-0.49
64205	-0.51
114612	-0.51
246146	-0.57
29374	-0.57
25517	-0.57
299809	-0.61
293725	-0.62
287561	-0.63
83803	-0.64
245976	-0.69
498185	-0.71
303831	-0.76
361784	-0.82
288498	-0.84
114090	-0.87
59329	-0.88
246281	-0.89
361402	-0.91
24829	-1.03
171350	-1.04
24649	-1.04
24392	-1.05
29395	-1.06
117270	-1.20
311833	-1.35
259272	-1.47
309790	-1.48
25369	-1.70
60349	-1.83
29565	-1.85
