59329	4.43
114090	4.10
60460	2.77
24649	2.09
64665	2.01
303831	1.62
56010	1.59
24223	1.55
494445	1.53
192255	1.39
25599	1.27
25737	1.25
83537	1.23
116646	1.21
81822	1.20
309626	1.18
24392	1.16
309790	1.11
361808	1.06
192172	0.98
29395	0.96
363633	0.85
63868	0.82
191569	0.82
24790	0.81
246281	0.72
24799	0.69
24968	0.67
406167	0.62
100912032	0.61
58934	0.59
685325	0.58
29624	0.55
685890	0.54
59102	0.53
288615	0.52
301240	0.52
245976	0.50
24183	0.49
362720	0.49
288480	0.47
54398	0.47
117526	0.45
81718	0.43
363854	0.41
245981	0.40
117030	0.39
29461	0.39
64158	0.38
83789	0.37
311833	0.36
84486	0.36
287561	0.35
113958	0.34
300079	0.33
29668	0.32
24786	0.28
84490	0.26
64527	0.25
361784	0.23
246146	0.23
81829	0.22
363241	0.18
65165	0.16
362952	0.16
288718	0.14
29659	0.12
317163	0.11
365601	0.10
29288	0.10
60416	0.10
681429	0.10
81764	0.09
80843	0.05
298942	0.05
298700	0.05
64307	0.05
500545	0.02
171350	0.00
288444	-0.00
294390	-0.05
192241	-0.05
24383	-0.06
114612	-0.06
83427	-0.07
312538	-0.07
81763	-0.07
293725	-0.08
497778	-0.08
29565	-0.09
60349	-0.09
29580	-0.10
292804	-0.10
171361	-0.10
297755	-0.10
29304	-0.11
361866	-0.12
24944	-0.13
83504	-0.14
81769	-0.15
100362640	-0.15
64205	-0.16
29374	-0.16
689399	-0.16
89819	-0.18
288778	-0.18
140655	-0.19
24699	-0.20
292028	-0.20
64306	-0.20
29693	-0.20
299809	-0.22
360572	-0.22
94266	-0.24
29236	-0.24
406168	-0.26
25742	-0.27
29353	-0.27
24422	-0.28
29425	-0.29
83803	-0.32
65136	-0.35
24651	-0.36
304388	-0.37
28298	-0.37
25740	-0.37
122799	-0.38
288597	-0.39
117263	-0.40
83474	-0.43
117270	-0.44
364656	-0.47
24333	-0.48
288666	-0.48
259272	-0.50
25348	-0.50
81663	-0.51
64640	-0.51
289878	-0.52
29285	-0.52
65262	-0.54
65144	-0.55
691531	-0.56
54257	-0.58
361402	-0.59
246773	-0.60
81774	-0.60
316122	-0.61
298441	-0.61
288498	-0.62
84509	-0.65
24817	-0.65
54318	-0.70
498185	-0.71
298712	-0.71
25517	-0.75
124323	-0.77
296178	-0.77
83503	-0.80
25369	-0.81
24669	-0.85
282845	-0.85
25308	-0.88
79209	-0.88
89833	-0.94
25176	-0.95
24829	-0.97
83712	-0.99
296501	-1.09
298517	-1.26
302855	-1.35
140608	-1.40
304278	-1.43
304429	-1.56
305623	-1.84
84578	-2.39
