288718	9.09
362952	4.90
309626	4.15
83537	4.02
114612	3.75
58934	3.53
361784	3.22
301240	3.16
246146	3.04
298700	3.03
361808	2.99
304278	2.88
83803	2.46
363633	2.46
29565	2.45
117263	2.42
29374	2.35
298712	2.32
299809	2.14
288498	2.11
288778	2.10
292028	2.09
192172	2.06
294390	2.04
64665	2.01
24333	1.84
406168	1.77
24790	1.73
363854	1.72
246281	1.55
288444	1.44
361402	1.37
54398	1.35
691531	1.32
29288	1.31
24786	1.27
100912032	1.26
84490	1.24
494445	1.21
29285	1.15
117030	1.14
24817	1.13
498185	1.11
64307	1.10
24968	1.06
288480	1.04
360572	0.98
685890	0.93
83503	0.91
117526	0.90
28298	0.89
56010	0.89
59102	0.88
81822	0.83
24799	0.82
365601	0.82
300079	0.80
296501	0.77
113958	0.75
81769	0.74
116646	0.70
298441	0.64
317163	0.64
60460	0.61
296178	0.60
25348	0.58
309790	0.56
25599	0.55
304388	0.53
25737	0.53
29236	0.51
24516	0.50
83474	0.49
89819	0.47
64205	0.45
29624	0.41
292804	0.40
80843	0.40
54318	0.40
24383	0.39
65136	0.36
288615	0.36
24223	0.35
500545	0.35
24829	0.35
64306	0.34
64527	0.33
84486	0.33
29659	0.32
192255	0.30
191569	0.28
25517	0.28
24944	0.27
81718	0.26
24649	0.26
29668	0.25
100362640	0.25
29395	0.24
171361	0.23
297755	0.18
81763	0.17
81764	0.13
54257	0.11
304429	0.04
59329	0.03
312538	0.02
83427	0.02
282845	0.00
25369	-0.01
140655	-0.02
60349	-0.05
94266	-0.05
311833	-0.14
83504	-0.14
89833	-0.14
305623	-0.15
29304	-0.18
288597	-0.19
81774	-0.20
64640	-0.25
681429	-0.25
302855	-0.25
63868	-0.26
362720	-0.26
79209	-0.32
122799	-0.33
259272	-0.35
140608	-0.38
81829	-0.39
124323	-0.41
29580	-0.41
84509	-0.43
298942	-0.44
64158	-0.45
25742	-0.46
298517	-0.47
363241	-0.49
171350	-0.49
65262	-0.50
29425	-0.50
24651	-0.50
84578	-0.52
316122	-0.54
192241	-0.54
29461	-0.55
81663	-0.56
289878	-0.57
114090	-0.60
406167	-0.62
83789	-0.65
24422	-0.69
60416	-0.74
245981	-0.78
24699	-0.85
25308	-0.87
685325	-0.87
65144	-0.87
117270	-0.88
29353	-0.90
287561	-0.91
24392	-0.96
689399	-1.23
303831	-1.34
364656	-1.35
293725	-1.36
29693	-1.36
24183	-1.36
83712	-1.40
25740	-1.44
25176	-1.46
24669	-1.47
497778	-1.51
65165	-1.60
246773	-1.88
361866	-2.21
288666	-2.37
