29304	16.03
81774	15.48
29285	14.98
64205	14.53
64307	14.31
83427	14.30
360572	14.28
28298	14.25
65136	14.00
81764	13.94
100362640	13.87
100912032	13.78
29288	13.30
29236	12.73
64306	12.65
81763	12.59
140655	12.56
297755	12.06
300079	11.88
94266	11.48
293725	11.33
122799	11.24
124323	10.69
25348	10.52
363241	10.47
691531	9.92
171361	8.92
83789	8.89
81769	8.39
29565	8.30
298700	8.04
116646	7.55
64640	6.81
171350	6.19
361808	5.22
681429	4.65
29374	4.62
362952	4.48
84509	4.23
299809	3.98
64527	3.60
292028	3.54
192241	3.53
361784	3.45
25308	3.05
24383	3.02
288778	2.90
29425	2.83
59102	2.79
29668	2.76
83503	2.72
65165	2.69
58934	2.61
54318	2.53
113958	2.48
298441	2.47
140608	2.44
25176	2.18
83474	2.17
361402	2.17
24223	2.14
364656	2.12
25737	2.08
83712	1.94
288480	1.91
24786	1.89
24333	1.87
64158	1.76
312538	1.69
24790	1.66
114612	1.44
363854	1.39
80843	1.38
81822	1.36
303831	1.26
24699	1.24
117030	1.24
298712	1.19
65262	1.16
192172	1.16
192255	1.14
84486	1.01
29624	0.99
117526	0.95
84578	0.91
298517	0.89
117270	0.88
317163	0.85
63868	0.82
64665	0.70
29395	0.70
24968	0.69
117263	0.67
89819	0.67
494445	0.66
497778	0.65
25742	0.64
56010	0.59
59329	0.51
292804	0.45
500545	0.42
24944	0.42
24516	0.40
301240	0.40
25369	0.36
689399	0.35
25599	0.34
304429	0.34
81718	0.32
81829	0.30
362720	0.24
60460	0.23
24829	0.23
289878	0.12
24799	0.11
114090	0.07
288666	0.07
24649	0.06
60349	0.04
25740	0.02
83803	-0.04
287561	-0.05
191569	-0.05
282845	-0.07
311833	-0.08
89833	-0.10
246146	-0.11
29659	-0.12
296501	-0.15
296178	-0.18
60416	-0.22
246773	-0.22
685890	-0.25
288615	-0.28
24422	-0.30
288444	-0.31
309626	-0.31
24392	-0.31
84490	-0.32
309790	-0.33
24669	-0.34
363633	-0.38
79209	-0.42
361866	-0.43
29353	-0.47
498185	-0.55
288498	-0.56
81663	-0.58
304388	-0.61
54257	-0.62
294390	-0.65
304278	-0.65
302855	-0.70
406167	-0.72
288597	-0.73
259272	-0.77
245976	-0.78
365601	-0.78
24651	-0.81
24817	-0.83
406168	-0.83
83504	-0.88
25517	-1.00
685325	-1.01
298942	-1.01
288718	-1.02
29580	-1.08
29461	-1.09
83537	-1.25
54398	-1.30
24183	-1.32
246281	-1.32
316122	-1.36
65144	-1.47
29693	-1.91
305623	-2.19
