84509	4.38
361402	4.27
29374	3.79
24333	3.76
29425	3.50
288444	3.49
117263	3.30
245976	3.04
298700	2.98
299809	2.87
113958	2.70
54318	2.63
64158	2.62
361808	2.52
81822	2.48
56010	2.47
192255	2.41
288480	2.16
29285	2.04
364656	2.01
288718	2.01
64205	1.93
84578	1.91
494445	1.90
64527	1.88
292028	1.79
317163	1.76
63868	1.73
362952	1.68
298517	1.57
64665	1.56
311833	1.53
406167	1.51
80843	1.50
309626	1.48
309790	1.41
288778	1.37
83503	1.35
305623	1.34
29565	1.31
60460	1.22
29461	1.15
89819	1.13
246773	1.09
89833	1.08
60416	1.06
288498	1.00
24786	0.90
25308	0.87
83537	0.87
83789	0.83
25369	0.82
363854	0.79
117030	0.76
259272	0.71
29236	0.70
288666	0.70
292804	0.68
81829	0.65
361784	0.64
117526	0.55
685325	0.55
29668	0.53
301240	0.50
406168	0.50
24817	0.50
24383	0.49
500545	0.46
361866	0.43
140655	0.41
293725	0.39
114612	0.39
81764	0.38
25737	0.37
25740	0.35
25599	0.34
25176	0.34
54398	0.31
29580	0.31
24968	0.25
312538	0.23
24516	0.23
65262	0.20
304429	0.18
83712	0.17
25742	0.16
171361	0.16
24799	0.15
681429	0.08
81663	0.05
59329	0.05
79209	0.05
288597	-0.01
83427	-0.02
304278	-0.03
29624	-0.07
114090	-0.08
287561	-0.10
245981	-0.11
691531	-0.14
303831	-0.15
65165	-0.17
24183	-0.24
25348	-0.24
29693	-0.25
65144	-0.27
288615	-0.29
24392	-0.31
282845	-0.33
81718	-0.34
24649	-0.35
83504	-0.36
192172	-0.41
689399	-0.42
81769	-0.45
81774	-0.45
24699	-0.47
246281	-0.47
497778	-0.51
84490	-0.52
25517	-0.55
24422	-0.57
316122	-0.59
58934	-0.59
192241	-0.61
64306	-0.62
304388	-0.64
60349	-0.65
296178	-0.67
298441	-0.70
117270	-0.70
289878	-0.72
28298	-0.73
362720	-0.73
64640	-0.75
298942	-0.76
300079	-0.80
94266	-0.92
29353	-0.93
24944	-0.96
100912032	-0.97
24651	-0.97
498185	-0.98
24223	-1.01
54257	-1.02
29659	-1.06
363241	-1.06
124323	-1.12
296501	-1.13
24790	-1.17
65136	-1.18
302855	-1.20
360572	-1.21
116646	-1.24
84486	-1.25
29395	-1.27
122799	-1.28
29288	-1.35
171350	-1.36
685890	-1.37
59102	-1.42
191569	-1.43
29304	-1.43
365601	-1.45
24669	-1.46
363633	-1.49
140608	-1.51
64307	-1.53
297755	-1.63
24829	-1.72
298712	-1.76
83474	-1.79
100362640	-1.95
83803	-2.12
294390	-2.15
81763	-2.18
