24829	2.38
406167	2.14
304388	1.76
54257	1.74
685890	1.64
245976	1.55
259272	1.29
294390	1.22
288597	1.18
305623	1.17
24649	1.10
288718	1.07
191569	0.97
361808	0.94
309626	0.92
58934	0.90
296501	0.86
114090	0.78
24516	0.72
287561	0.71
24817	0.70
24799	0.66
494445	0.64
83803	0.63
296178	0.54
360572	0.53
288615	0.53
83503	0.45
29353	0.41
29659	0.36
54398	0.36
365601	0.36
288444	0.34
113958	0.33
25737	0.32
64665	0.31
60349	0.30
117270	0.27
117030	0.25
24183	0.24
114612	0.24
63868	0.23
64640	0.22
83504	0.19
282845	0.16
65144	0.15
29374	0.14
288498	0.13
363633	0.12
304429	0.08
83537	0.07
25740	0.07
24786	0.06
289878	0.05
362952	0.05
59329	0.04
691531	0.04
29395	0.02
117263	0.01
25517	0.01
81718	-0.01
64306	-0.02
29461	-0.06
363854	-0.07
25369	-0.07
299809	-0.08
29425	-0.08
56010	-0.10
64527	-0.10
28298	-0.10
302855	-0.11
301240	-0.12
303831	-0.12
94266	-0.12
24392	-0.13
25742	-0.15
25308	-0.16
312538	-0.16
80843	-0.17
681429	-0.19
361784	-0.19
29693	-0.22
25176	-0.22
89819	-0.23
29565	-0.24
59102	-0.25
685325	-0.26
64158	-0.29
65136	-0.31
304278	-0.32
65165	-0.34
500545	-0.34
64307	-0.34
54318	-0.36
140655	-0.36
124323	-0.37
140608	-0.37
117526	-0.38
298712	-0.38
317163	-0.39
29624	-0.40
498185	-0.41
29285	-0.41
497778	-0.43
171350	-0.44
81774	-0.45
24333	-0.47
246146	-0.47
25348	-0.48
298700	-0.49
25599	-0.50
81763	-0.50
122799	-0.50
29288	-0.52
84486	-0.52
84509	-0.53
84490	-0.54
192172	-0.54
24790	-0.55
316122	-0.58
89833	-0.58
60460	-0.59
100912032	-0.59
24383	-0.62
24223	-0.63
81769	-0.64
689399	-0.65
309790	-0.65
292804	-0.69
288778	-0.70
83474	-0.70
192255	-0.70
363241	-0.70
246773	-0.72
364656	-0.73
406168	-0.74
60416	-0.75
192241	-0.75
83712	-0.76
298942	-0.77
81663	-0.78
361866	-0.83
311833	-0.83
361402	-0.83
29304	-0.84
83789	-0.86
24669	-0.87
362720	-0.88
297755	-0.89
24422	-0.89
81764	-0.92
116646	-0.93
81829	-0.94
29236	-0.96
24651	-0.98
288480	-0.99
81822	-1.00
300079	-1.02
288666	-1.06
24968	-1.08
83427	-1.11
65262	-1.14
24944	-1.14
29668	-1.15
298441	-1.16
292028	-1.23
24699	-1.28
298517	-1.29
64205	-1.32
245981	-1.32
29580	-1.43
293725	-1.44
79209	-1.67
100362640	-1.85
171361	-1.99
84578	-2.31
