171350	3.74
59329	3.44
292028	3.08
288498	2.83
25737	2.28
24516	2.09
89819	1.93
287561	1.75
114090	1.72
689399	1.68
316122	1.66
116646	1.59
494445	1.58
192172	1.55
81822	1.52
192255	1.51
29374	1.47
60416	1.46
24790	1.43
363854	1.43
289878	1.42
25369	1.37
24829	1.35
81764	1.22
293725	1.20
29461	1.17
361784	1.11
259272	1.11
246281	1.10
29565	1.08
500545	1.05
24333	1.00
100362640	0.98
309790	0.96
311833	0.94
80843	0.93
288718	0.91
100912032	0.88
298712	0.88
299809	0.88
29395	0.88
498185	0.86
60349	0.86
84486	0.86
300079	0.85
64307	0.85
296501	0.83
81663	0.80
54318	0.78
29304	0.75
117263	0.68
360572	0.66
29624	0.66
84509	0.65
298700	0.65
294390	0.63
64205	0.62
362952	0.60
362720	0.59
309626	0.58
24392	0.57
298441	0.57
81763	0.56
24651	0.55
304388	0.54
681429	0.54
191569	0.48
29425	0.47
64306	0.47
296178	0.46
317163	0.46
497778	0.45
282845	0.43
171361	0.40
65165	0.40
122799	0.39
303831	0.38
124323	0.36
25308	0.36
84490	0.34
25517	0.30
64665	0.30
83427	0.29
25740	0.28
54257	0.27
24183	0.27
361808	0.26
245976	0.26
297755	0.25
29288	0.22
25348	0.20
64527	0.20
60460	0.20
24968	0.18
25599	0.16
117270	0.14
114612	0.12
361866	0.11
312538	0.09
245981	0.06
292804	0.06
83504	0.03
65136	0.03
288778	0.03
288444	0.02
361402	0.02
83789	0.02
140655	0.02
685890	0.02
29668	0.02
64640	-0.01
89833	-0.03
81769	-0.04
63868	-0.04
58934	-0.05
363241	-0.06
81774	-0.08
298942	-0.15
24669	-0.18
83803	-0.22
25176	-0.22
81718	-0.25
29236	-0.25
24944	-0.27
83537	-0.28
298517	-0.29
29659	-0.29
24223	-0.33
94266	-0.34
28298	-0.34
246146	-0.35
288615	-0.36
65262	-0.37
304429	-0.38
83474	-0.39
24699	-0.41
29353	-0.43
84578	-0.47
59102	-0.48
24383	-0.49
25742	-0.49
54398	-0.52
691531	-0.52
288480	-0.55
246773	-0.57
117526	-0.57
64158	-0.59
365601	-0.59
29285	-0.66
406167	-0.70
192241	-0.73
24817	-0.77
406168	-0.79
81829	-0.83
29693	-0.84
83503	-0.85
29580	-0.93
24799	-0.93
83712	-0.94
288597	-0.96
305623	-0.97
24786	-1.01
364656	-1.02
24422	-1.04
302855	-1.05
363633	-1.10
79209	-1.20
301240	-1.26
65144	-1.36
140608	-1.43
117030	-1.44
113958	-1.62
56010	-1.76
288666	-1.96
685325	-1.98
304278	-2.18
