292804	3.57
24817	2.67
24333	2.45
24422	1.65
24786	1.58
25740	1.28
192255	1.27
89833	1.19
29693	1.15
316122	1.10
81822	1.09
24383	1.08
65144	1.03
65262	1.03
500545	0.99
83803	0.99
192241	0.98
192172	0.97
140608	0.93
29580	0.93
25517	0.89
288718	0.78
81829	0.78
117030	0.73
60349	0.67
60460	0.67
685890	0.63
494445	0.61
84490	0.60
81718	0.56
24649	0.55
24669	0.55
289878	0.53
59329	0.51
83537	0.48
304429	0.47
497778	0.46
29659	0.39
363854	0.39
25348	0.37
116646	0.37
362720	0.34
114612	0.33
81663	0.31
305623	0.31
298712	0.30
80843	0.28
29565	0.27
84486	0.25
298942	0.23
24223	0.22
24183	0.22
25176	0.19
288615	0.17
171350	0.12
303831	0.08
691531	0.08
288480	0.07
364656	0.05
24968	0.04
24699	0.03
54398	0.03
79209	0.02
298517	0.02
301240	0.01
363633	-0.01
360572	-0.01
288666	-0.02
100362640	-0.02
24829	-0.03
309626	-0.03
298700	-0.04
312538	-0.04
304388	-0.04
84509	-0.04
83789	-0.05
24790	-0.05
685325	-0.06
29285	-0.07
246773	-0.07
29624	-0.12
288444	-0.14
122799	-0.14
28298	-0.14
54318	-0.15
259272	-0.16
124323	-0.18
689399	-0.22
64158	-0.22
81774	-0.22
64205	-0.23
64640	-0.25
171361	-0.25
296501	-0.26
25737	-0.27
288778	-0.28
29395	-0.28
498185	-0.28
65165	-0.29
362952	-0.29
294390	-0.29
83504	-0.29
191569	-0.31
300079	-0.32
25742	-0.33
29461	-0.34
64665	-0.34
24516	-0.36
140655	-0.36
365601	-0.36
25308	-0.37
60416	-0.38
302855	-0.38
54257	-0.40
65136	-0.41
311833	-0.41
282845	-0.42
25599	-0.42
361784	-0.43
304278	-0.43
94266	-0.43
89819	-0.43
298441	-0.43
293725	-0.45
29288	-0.47
245976	-0.50
317163	-0.51
100912032	-0.51
81764	-0.51
114090	-0.52
64527	-0.54
292028	-0.55
64306	-0.57
29236	-0.59
83712	-0.60
296178	-0.63
63868	-0.63
288498	-0.64
681429	-0.65
309790	-0.67
24799	-0.67
117526	-0.68
59102	-0.70
83503	-0.70
406168	-0.73
287561	-0.75
117270	-0.75
84578	-0.76
297755	-0.77
117263	-0.79
81769	-0.80
361866	-0.81
245981	-0.81
29353	-0.82
29304	-0.83
25369	-0.85
58934	-0.93
64307	-0.94
406167	-0.95
29425	-0.95
361808	-0.97
246146	-0.97
113958	-0.98
246281	-0.98
56010	-1.00
24392	-1.03
83427	-1.11
81763	-1.11
361402	-1.13
363241	-1.28
24944	-1.38
83474	-1.38
299809	-1.45
288597	-1.49
29668	-1.59
29374	-1.64
