288666	4.91
296501	3.29
25176	3.27
84509	2.81
363854	2.70
494445	2.56
497778	2.54
299809	2.53
54318	2.52
65262	2.49
25737	2.41
282845	2.39
65165	2.31
298441	2.28
171361	2.05
83712	1.98
365601	1.83
29395	1.77
303831	1.72
302855	1.67
81769	1.63
298942	1.61
364656	1.60
192255	1.60
81822	1.56
29693	1.53
309626	1.43
29374	1.38
114612	1.37
363241	1.37
25348	1.31
122799	1.29
100912032	1.28
300079	1.26
116646	1.25
117526	1.24
84578	1.22
83803	1.17
58934	1.15
84486	1.10
81763	1.07
292804	1.06
117030	1.05
293725	1.00
89819	0.99
64640	0.97
171350	0.96
297755	0.93
54398	0.90
29288	0.90
83474	0.89
81663	0.89
29668	0.88
83537	0.81
361866	0.80
24333	0.77
64527	0.77
298700	0.77
25308	0.74
363633	0.74
317163	0.71
298517	0.70
500545	0.68
84490	0.67
81829	0.66
25599	0.62
29236	0.61
288778	0.61
24651	0.55
83427	0.53
60416	0.53
29304	0.49
24183	0.47
81718	0.46
689399	0.46
259272	0.43
312538	0.41
288480	0.37
24790	0.37
117263	0.36
59102	0.34
289878	0.34
24422	0.34
192241	0.32
80843	0.31
140608	0.28
60460	0.27
24944	0.27
29425	0.25
361784	0.22
63868	0.21
681429	0.21
65144	0.20
94266	0.19
288498	0.19
64158	0.17
28298	0.17
79209	0.13
294390	0.13
292028	0.13
304429	0.12
64306	0.11
64307	0.10
288444	0.10
360572	0.09
24223	0.09
361808	0.07
24699	0.06
406167	0.04
81774	0.03
296178	0.01
140655	-0.00
64205	-0.00
24392	-0.02
54257	-0.02
25369	-0.03
304278	-0.03
24829	-0.03
287561	-0.04
83504	-0.06
288615	-0.06
100362640	-0.10
65136	-0.11
59329	-0.14
24817	-0.17
24649	-0.18
362720	-0.18
362952	-0.21
83789	-0.21
288718	-0.24
60349	-0.24
29285	-0.29
29565	-0.31
316122	-0.32
309790	-0.34
25517	-0.34
245981	-0.34
124323	-0.35
83503	-0.37
24968	-0.38
29659	-0.40
24786	-0.40
305623	-0.43
288597	-0.43
29580	-0.44
29461	-0.46
81764	-0.59
29353	-0.60
691531	-0.60
298712	-0.62
25740	-0.64
89833	-0.64
56010	-0.70
29624	-0.75
191569	-0.77
114090	-0.80
25742	-0.80
685325	-0.81
24516	-0.85
246281	-0.87
498185	-0.88
304388	-0.91
406168	-0.93
685890	-1.03
117270	-1.07
192172	-1.22
24383	-1.32
301240	-1.42
24799	-1.44
246146	-1.46
245976	-1.47
113958	-1.48
64665	-1.62
311833	-2.04
246773	-2.06
361402	-2.19
