304388	2.73
25369	2.55
191569	2.16
64158	1.83
361866	1.51
60349	1.41
60416	1.13
246146	1.09
29353	1.03
25740	1.00
84509	0.88
83504	0.80
25308	0.77
56010	0.74
292804	0.74
29425	0.73
309790	0.66
59329	0.66
64665	0.65
406168	0.60
304278	0.58
301240	0.58
29461	0.58
83789	0.53
259272	0.48
29624	0.45
288480	0.45
81829	0.44
81822	0.44
317163	0.42
113958	0.36
288597	0.31
498185	0.31
362720	0.30
685325	0.29
24183	0.29
365601	0.26
64205	0.24
89833	0.22
24817	0.21
83712	0.20
60460	0.18
81764	0.18
500545	0.15
192241	0.15
305623	0.15
24422	0.11
29236	0.10
83537	0.05
311833	0.02
192172	0.02
54318	0.02
689399	0.00
361402	-0.04
316122	-0.05
298441	-0.06
24651	-0.07
117270	-0.10
302855	-0.12
29693	-0.13
24392	-0.14
24383	-0.14
29285	-0.16
114090	-0.16
81663	-0.17
24699	-0.18
83427	-0.18
64640	-0.19
681429	-0.19
25517	-0.20
245981	-0.22
298942	-0.22
116646	-0.26
83503	-0.26
287561	-0.29
59102	-0.29
288666	-0.29
24333	-0.30
84490	-0.34
80843	-0.35
192255	-0.38
64306	-0.38
25348	-0.44
81718	-0.50
294390	-0.50
29668	-0.51
54398	-0.52
288778	-0.52
171361	-0.54
65165	-0.54
100362640	-0.55
65262	-0.55
363241	-0.55
29580	-0.56
24649	-0.57
65136	-0.58
29395	-0.59
24516	-0.60
304429	-0.60
140608	-0.61
29565	-0.61
494445	-0.62
81769	-0.63
54257	-0.66
691531	-0.66
293725	-0.66
64527	-0.69
25742	-0.70
362952	-0.71
65144	-0.71
364656	-0.72
79209	-0.72
246281	-0.72
83803	-0.74
29288	-0.74
25737	-0.77
289878	-0.79
63868	-0.80
298517	-0.80
29304	-0.80
312538	-0.80
124323	-0.83
303831	-0.84
361808	-0.85
360572	-0.87
24829	-0.88
84578	-0.89
24944	-0.89
81774	-0.89
89819	-0.90
300079	-0.92
81763	-0.95
24223	-0.96
29659	-0.97
29374	-0.97
406167	-0.98
25176	-0.99
298700	-1.02
24968	-1.04
117030	-1.04
361784	-1.07
122799	-1.09
299809	-1.09
296178	-1.10
140655	-1.12
282845	-1.14
28298	-1.14
100912032	-1.18
94266	-1.22
25599	-1.23
685890	-1.23
296501	-1.23
288498	-1.24
297755	-1.25
292028	-1.28
288444	-1.28
24799	-1.31
117263	-1.32
83474	-1.32
58934	-1.34
64307	-1.36
24786	-1.44
288615	-1.48
288718	-1.59
171350	-1.61
24790	-1.67
84486	-1.74
117526	-1.79
114612	-1.85
245976	-1.88
497778	-1.88
363633	-1.96
363854	-2.04
309626	-2.04
24669	-2.06
298712	-2.29
