25599	4.11
29624	3.55
84486	1.90
24968	1.81
298441	1.81
24223	1.72
116646	1.52
81822	1.48
312538	1.31
245981	1.24
171350	1.11
24383	1.06
29304	1.06
303831	1.04
81774	1.03
171361	0.97
494445	0.96
122799	0.94
29668	0.90
114090	0.89
29395	0.87
298942	0.84
84509	0.83
54318	0.80
302855	0.78
114612	0.77
81763	0.71
316122	0.70
309626	0.70
83803	0.67
288597	0.67
64205	0.66
81764	0.65
83427	0.63
299809	0.62
29659	0.62
84490	0.62
25348	0.60
83712	0.59
294390	0.58
360572	0.57
288778	0.57
79209	0.54
296501	0.53
25737	0.53
497778	0.52
500545	0.51
296178	0.51
140655	0.48
63868	0.48
317163	0.48
65165	0.47
81829	0.47
64307	0.45
29461	0.43
83789	0.41
65262	0.41
60460	0.37
298700	0.37
29285	0.36
80843	0.35
24392	0.33
124323	0.33
64640	0.33
60349	0.33
363633	0.32
64306	0.31
65136	0.31
300079	0.27
29353	0.27
65144	0.26
29288	0.25
100362640	0.24
689399	0.24
24944	0.24
363241	0.23
309790	0.23
24799	0.21
29425	0.20
64665	0.20
287561	0.19
117270	0.18
24422	0.17
29374	0.17
293725	0.15
24790	0.14
406167	0.14
289878	0.14
288444	0.11
259272	0.10
311833	0.10
28298	0.09
362720	0.08
64527	0.07
24669	0.06
60416	0.05
361808	0.04
24651	0.03
29236	0.02
94266	-0.01
58934	-0.01
292028	-0.01
29580	-0.03
117030	-0.03
298712	-0.05
59329	-0.06
362952	-0.08
29565	-0.09
83504	-0.11
29693	-0.12
288615	-0.12
298517	-0.13
89833	-0.15
117263	-0.16
246773	-0.18
24516	-0.20
24829	-0.21
297755	-0.23
59102	-0.25
83474	-0.26
192172	-0.26
24817	-0.28
81769	-0.28
140608	-0.29
363854	-0.31
25176	-0.31
282845	-0.32
24786	-0.34
25742	-0.34
305623	-0.36
304429	-0.36
25308	-0.37
361866	-0.37
192241	-0.37
192255	-0.38
100912032	-0.41
288480	-0.41
24649	-0.41
191569	-0.42
685890	-0.43
56010	-0.44
24333	-0.47
246146	-0.47
292804	-0.48
691531	-0.48
288718	-0.48
117526	-0.49
83537	-0.51
113958	-0.54
25517	-0.55
54398	-0.57
361402	-0.61
81718	-0.63
89819	-0.65
498185	-0.66
685325	-0.67
25740	-0.69
364656	-0.73
84578	-0.73
81663	-0.74
24183	-0.77
54257	-0.80
25369	-0.82
245976	-0.85
361784	-0.88
64158	-0.98
288498	-1.05
681429	-1.05
304278	-1.08
246281	-1.28
365601	-1.31
301240	-1.33
406168	-1.34
83503	-1.50
288666	-2.04
304388	-2.06
