81769	6.17
63868	5.57
192241	5.51
140608	5.42
29668	5.09
29425	4.30
288444	4.07
361808	3.94
29374	3.88
83503	3.84
117263	3.79
691531	3.75
117030	3.67
301240	3.66
299809	3.54
24223	3.54
113958	3.43
100912032	3.37
192255	3.32
29304	3.31
24383	3.16
81764	3.08
497778	3.03
65136	3.03
25348	2.99
64306	2.98
360572	2.97
81774	2.95
100362640	2.94
94266	2.90
116646	2.85
64307	2.85
25308	2.84
28298	2.81
84509	2.80
298517	2.78
140655	2.74
297755	2.70
298700	2.68
364656	2.67
81763	2.63
65262	2.59
124323	2.58
29285	2.58
363241	2.45
24944	2.38
25176	2.34
288718	2.25
681429	2.20
24333	2.19
288615	2.12
29288	2.11
65144	1.98
89819	1.98
83474	1.94
81829	1.93
192172	1.92
245981	1.89
24968	1.85
64527	1.82
65165	1.78
24422	1.71
171361	1.65
24651	1.58
58934	1.56
83427	1.54
288666	1.50
365601	1.47
685890	1.36
81718	1.29
361784	1.29
245976	1.27
122799	1.27
298942	1.21
292804	1.21
29693	1.16
64640	1.13
362952	1.13
363633	1.07
300079	1.07
56010	1.06
304429	1.04
64665	1.03
83712	1.00
25742	0.98
288498	0.96
298712	0.96
25740	0.92
246146	0.90
25599	0.88
296501	0.86
25737	0.85
29236	0.77
293725	0.76
81822	0.73
288778	0.68
64205	0.65
494445	0.60
25517	0.59
83803	0.50
29565	0.50
309626	0.49
29580	0.47
406168	0.45
288480	0.44
83789	0.43
303831	0.35
29659	0.34
24516	0.28
292028	0.27
24799	0.24
89833	0.22
317163	0.22
80843	0.19
289878	0.15
60460	0.13
316122	0.12
84490	0.09
59329	0.07
246281	0.06
29461	0.05
83537	0.04
24817	0.03
81663	0.03
282845	0.03
29624	-0.02
363854	-0.05
60416	-0.06
362720	-0.08
294390	-0.09
304278	-0.11
84486	-0.18
311833	-0.19
29353	-0.20
288597	-0.20
689399	-0.20
117526	-0.21
309790	-0.25
24829	-0.28
64158	-0.29
24699	-0.34
25369	-0.38
24669	-0.40
498185	-0.45
83504	-0.47
114612	-0.51
685325	-0.53
54318	-0.58
298441	-0.59
24392	-0.60
79209	-0.64
259272	-0.64
54257	-0.67
29395	-0.72
59102	-0.75
500545	-0.82
24790	-0.83
24183	-0.94
302855	-0.99
24649	-1.01
84578	-1.06
304388	-1.08
361402	-1.13
117270	-1.13
361866	-1.16
312538	-1.20
171350	-1.21
114090	-1.26
406167	-1.39
246773	-1.44
287561	-1.46
191569	-1.51
60349	-1.53
305623	-1.54
296178	-1.72
54398	-1.75
