24183	3.34
25740	2.53
29461	2.41
29353	2.29
685890	2.16
292804	1.79
24383	1.73
56010	1.63
64665	1.59
81764	1.54
29565	1.45
309626	1.22
114612	1.00
64205	0.97
140608	0.95
81829	0.91
245976	0.82
117270	0.79
406167	0.78
293725	0.76
83803	0.76
288778	0.75
116646	0.75
65262	0.74
24392	0.74
24516	0.69
83427	0.66
246281	0.66
29668	0.63
25742	0.60
140655	0.59
28298	0.57
122799	0.55
29659	0.54
29304	0.53
24223	0.52
64527	0.50
64307	0.48
65136	0.44
171350	0.42
81774	0.42
288498	0.41
192172	0.38
685325	0.36
406168	0.36
64158	0.34
192255	0.33
54398	0.32
296501	0.31
303831	0.29
289878	0.27
300079	0.25
171361	0.25
24786	0.24
29693	0.24
192241	0.23
305623	0.22
317163	0.22
298942	0.22
24699	0.21
117263	0.20
24422	0.20
94266	0.19
298517	0.19
29285	0.18
25369	0.16
24968	0.16
29236	0.16
304278	0.16
246146	0.15
363241	0.15
245981	0.11
83474	0.11
29580	0.11
83789	0.11
362952	0.09
299809	0.09
288718	0.08
288444	0.08
298700	0.04
292028	0.04
24333	0.04
29288	0.04
25348	0.00
60460	-0.02
64306	-0.02
191569	-0.03
60416	-0.04
296178	-0.04
497778	-0.05
361866	-0.05
312538	-0.06
361808	-0.07
124323	-0.14
362720	-0.16
81763	-0.19
25517	-0.20
25599	-0.21
287561	-0.26
29624	-0.26
114090	-0.27
360572	-0.27
81663	-0.28
84490	-0.29
288597	-0.30
691531	-0.31
29374	-0.32
84486	-0.33
311833	-0.33
117526	-0.33
64640	-0.34
361402	-0.35
84578	-0.36
25308	-0.38
81718	-0.38
54318	-0.42
689399	-0.45
363633	-0.46
117030	-0.46
29425	-0.46
304388	-0.49
24944	-0.52
113958	-0.52
84509	-0.56
297755	-0.57
282845	-0.57
259272	-0.58
298441	-0.59
294390	-0.59
301240	-0.59
302855	-0.60
25737	-0.61
25176	-0.63
83712	-0.63
24651	-0.67
63868	-0.68
80843	-0.69
60349	-0.69
65144	-0.71
361784	-0.74
83504	-0.75
24829	-0.75
288480	-0.76
500545	-0.76
681429	-0.78
365601	-0.78
54257	-0.81
58934	-0.81
100912032	-0.83
498185	-0.83
79209	-0.86
89833	-0.88
59102	-0.88
100362640	-0.90
24649	-0.93
494445	-0.94
89819	-0.95
309790	-0.96
363854	-0.98
81769	-1.02
364656	-1.05
29395	-1.07
316122	-1.10
65165	-1.16
59329	-1.17
24790	-1.17
298712	-1.18
288615	-1.18
83503	-1.21
246773	-1.31
24817	-1.32
24669	-1.44
81822	-1.52
83537	-1.65
304429	-1.80
288666	-1.95
