363854	6.63
297755	2.87
363633	2.77
29236	2.55
64205	2.49
171350	2.40
100362640	2.31
84486	2.21
117526	2.05
83427	2.03
29288	1.98
312538	1.94
29304	1.91
100912032	1.89
81764	1.85
140655	1.83
64640	1.81
245976	1.73
81763	1.72
94266	1.72
292028	1.71
245981	1.66
58934	1.64
79209	1.62
300079	1.60
360572	1.56
24944	1.50
81774	1.46
24649	1.43
29395	1.40
29285	1.39
293725	1.37
363241	1.31
64307	1.31
65136	1.30
498185	1.26
64306	1.23
122799	1.23
296501	1.19
28298	1.13
361784	1.07
83803	1.05
59102	1.01
25348	1.01
29565	1.00
192172	0.99
259272	0.92
124323	0.92
691531	0.91
116646	0.91
60349	0.90
171361	0.86
288778	0.83
24392	0.82
24516	0.81
288718	0.81
299809	0.79
296178	0.79
500545	0.77
24829	0.73
497778	0.67
65165	0.66
24817	0.63
83789	0.61
29624	0.58
362952	0.58
25737	0.56
65144	0.53
24223	0.50
361808	0.49
25176	0.47
24333	0.45
63868	0.44
59329	0.43
298700	0.38
29374	0.38
24669	0.37
84490	0.35
494445	0.33
83474	0.30
364656	0.29
304278	0.27
29580	0.26
301240	0.21
309626	0.15
24699	0.14
25308	0.11
29659	0.11
681429	0.09
288498	0.05
311833	0.05
83712	0.04
81663	0.04
317163	0.02
298441	0.01
117270	-0.03
24651	-0.05
25599	-0.09
316122	-0.10
24968	-0.10
80843	-0.10
81769	-0.10
309790	-0.10
54318	-0.11
114612	-0.12
64665	-0.14
362720	-0.15
24383	-0.15
298712	-0.16
113958	-0.17
29693	-0.20
25517	-0.22
81822	-0.23
365601	-0.27
294390	-0.30
54398	-0.31
114090	-0.34
689399	-0.35
89833	-0.36
56010	-0.36
84509	-0.38
361866	-0.41
25742	-0.42
24422	-0.43
289878	-0.44
298942	-0.45
304388	-0.46
25369	-0.48
64527	-0.48
298517	-0.50
29353	-0.51
24183	-0.51
287561	-0.52
246281	-0.55
83504	-0.60
89819	-0.62
81829	-0.62
303831	-0.64
81718	-0.68
302855	-0.70
29668	-0.74
406167	-0.75
288444	-0.75
60416	-0.81
192255	-0.82
65262	-0.83
117263	-0.83
24786	-0.83
288597	-0.87
288615	-0.90
29425	-0.90
282845	-0.91
192241	-0.93
361402	-0.94
288480	-0.97
191569	-0.98
685890	-0.99
292804	-1.01
25740	-1.06
84578	-1.07
117030	-1.09
685325	-1.09
54257	-1.10
83537	-1.11
64158	-1.12
29461	-1.15
24799	-1.17
246146	-1.17
83503	-1.36
60460	-1.36
288666	-1.43
406168	-1.55
246773	-1.67
304429	-1.95
140608	-1.97
305623	-2.87
