65144	3.75
24651	2.67
288718	1.99
83537	1.97
24422	1.60
83803	1.58
304278	1.55
309626	1.41
29693	1.31
245976	1.13
89833	1.13
25599	1.03
65262	0.94
54398	0.94
58934	0.90
25176	0.84
117030	0.84
64640	0.81
304429	0.78
301240	0.77
288615	0.74
246281	0.70
24790	0.63
365601	0.62
363241	0.54
364656	0.53
80843	0.51
298942	0.50
246146	0.50
304388	0.47
296178	0.46
63868	0.46
114612	0.45
29285	0.44
29565	0.42
81829	0.41
94266	0.41
79209	0.38
192172	0.36
117526	0.36
140608	0.33
25308	0.31
64527	0.28
56010	0.28
25348	0.24
24383	0.22
246773	0.21
305623	0.21
289878	0.21
288666	0.20
24333	0.20
29236	0.18
116646	0.18
28298	0.17
60349	0.16
25740	0.15
54257	0.14
83789	0.13
498185	0.08
500545	0.07
685325	0.06
29624	0.04
24786	0.03
298517	0.02
191569	0.02
24968	0.01
292804	0.00
84490	-0.02
113958	-0.02
691531	-0.02
298712	-0.05
288778	-0.06
192241	-0.06
117270	-0.07
100912032	-0.07
362720	-0.08
288597	-0.12
312538	-0.14
363633	-0.15
122799	-0.16
29395	-0.16
29353	-0.17
83503	-0.17
24669	-0.17
302855	-0.17
406168	-0.18
25517	-0.19
259272	-0.21
361784	-0.25
685890	-0.27
24699	-0.28
64306	-0.28
81763	-0.28
303831	-0.29
288444	-0.29
83504	-0.30
84486	-0.31
81822	-0.32
64205	-0.33
288498	-0.33
29580	-0.34
81663	-0.34
494445	-0.35
54318	-0.35
81718	-0.37
362952	-0.37
297755	-0.39
363854	-0.39
497778	-0.41
360572	-0.41
298700	-0.42
81769	-0.46
60416	-0.48
83427	-0.48
293725	-0.50
29304	-0.52
29659	-0.52
24223	-0.54
100362640	-0.54
29288	-0.55
25737	-0.56
29425	-0.56
24944	-0.56
299809	-0.57
317163	-0.58
171361	-0.59
24392	-0.60
298441	-0.61
124323	-0.62
64307	-0.62
89819	-0.62
59102	-0.64
24516	-0.65
24829	-0.66
300079	-0.66
65165	-0.67
81774	-0.70
65136	-0.71
59329	-0.71
294390	-0.73
25742	-0.74
24183	-0.77
24649	-0.77
64158	-0.79
245981	-0.83
296501	-0.83
29461	-0.86
84509	-0.86
84578	-0.87
361866	-0.89
140655	-0.92
83712	-0.95
83474	-0.95
689399	-0.96
292028	-0.97
361402	-0.98
117263	-0.99
114090	-1.01
288480	-1.02
25369	-1.03
29668	-1.04
60460	-1.05
81764	-1.11
282845	-1.12
406167	-1.16
361808	-1.23
681429	-1.26
171350	-1.28
309790	-1.30
24799	-1.32
64665	-1.42
287561	-1.44
316122	-1.53
192255	-1.62
29374	-1.62
311833	-1.70
