246281	2.38
288597	1.52
64307	1.50
24649	1.35
60349	1.33
363854	1.26
289878	1.17
360572	1.13
288498	1.12
292028	1.07
406168	1.05
316122	0.95
296178	0.89
81774	0.89
299809	0.81
64205	0.80
689399	0.79
59102	0.78
171350	0.77
29374	0.76
361808	0.74
24790	0.73
298700	0.72
301240	0.70
81769	0.68
691531	0.68
83503	0.68
304388	0.68
293725	0.66
681429	0.64
64306	0.62
89833	0.61
29236	0.59
364656	0.58
54257	0.55
89819	0.55
296501	0.53
287561	0.52
54318	0.51
84486	0.49
25517	0.49
29288	0.47
362952	0.45
83504	0.44
29395	0.41
84509	0.40
100912032	0.40
305623	0.39
83427	0.39
259272	0.38
245976	0.35
122799	0.29
25369	0.29
24968	0.28
282845	0.27
500545	0.26
685325	0.24
59329	0.24
58934	0.23
294390	0.23
288778	0.23
29425	0.23
245981	0.23
29565	0.22
80843	0.21
309626	0.20
311833	0.16
25737	0.16
117270	0.16
298517	0.16
113958	0.15
117030	0.14
297755	0.11
363241	0.09
25348	0.07
124323	0.07
192172	0.04
312538	0.04
28298	0.03
361784	0.02
29304	0.02
29285	0.02
298441	-0.00
64640	-0.00
298712	-0.01
83789	-0.01
29668	-0.01
288666	-0.02
24651	-0.03
24669	-0.03
114612	-0.06
362720	-0.08
94266	-0.11
81763	-0.11
117526	-0.12
317163	-0.12
685890	-0.12
365601	-0.14
494445	-0.16
140655	-0.17
117263	-0.19
29580	-0.20
60460	-0.20
65165	-0.20
24699	-0.21
361402	-0.26
24786	-0.28
25599	-0.30
65136	-0.31
25308	-0.33
114090	-0.34
497778	-0.35
64158	-0.35
304429	-0.36
288480	-0.37
100362640	-0.37
29624	-0.38
81663	-0.39
191569	-0.40
406167	-0.40
192241	-0.41
81718	-0.42
25740	-0.44
81829	-0.44
84578	-0.45
64527	-0.47
300079	-0.47
24392	-0.48
54398	-0.49
309790	-0.49
192255	-0.49
498185	-0.53
288444	-0.56
81764	-0.56
84490	-0.59
29461	-0.65
24817	-0.66
288718	-0.72
24183	-0.73
83712	-0.73
363633	-0.73
25742	-0.74
24799	-0.75
140608	-0.75
361866	-0.76
79209	-0.78
60416	-0.80
24223	-0.82
65144	-0.85
298942	-0.87
246773	-0.88
81822	-0.89
83537	-0.91
83803	-0.92
29693	-0.95
24383	-0.96
24516	-0.97
65262	-0.99
302855	-0.99
63868	-1.02
24422	-1.03
171361	-1.07
303831	-1.09
83474	-1.11
288615	-1.12
29659	-1.12
24333	-1.13
56010	-1.13
64665	-1.15
29353	-1.25
116646	-1.26
292804	-1.31
24944	-1.36
25176	-1.48
304278	-1.51
246146	-1.72
