24223	5.57
25308	4.23
171361	2.91
171350	2.69
29659	2.52
498185	2.43
24786	2.38
25176	2.25
116646	2.15
84486	2.07
83712	2.05
29668	2.03
192255	1.92
365601	1.86
288666	1.82
81764	1.75
94266	1.73
81763	1.72
316122	1.71
79209	1.68
81663	1.62
24790	1.50
83803	1.48
58934	1.37
288615	1.30
64306	1.26
299809	1.13
24968	1.09
29565	1.05
317163	1.02
54318	1.02
100362640	0.99
80843	0.96
24392	0.96
25599	0.96
29304	0.95
65136	0.95
25742	0.95
29693	0.94
24333	0.93
117263	0.89
29288	0.89
24383	0.88
298942	0.86
29285	0.86
64640	0.83
63868	0.76
304388	0.75
691531	0.71
60460	0.70
361866	0.67
360572	0.62
89819	0.61
364656	0.60
122799	0.55
29374	0.52
60416	0.47
301240	0.47
83789	0.47
245981	0.42
83427	0.42
117030	0.41
65165	0.40
81718	0.39
25737	0.38
681429	0.37
363633	0.33
25348	0.30
81829	0.28
363241	0.28
302855	0.28
245976	0.27
24669	0.27
192241	0.27
297755	0.26
289878	0.25
305623	0.24
24699	0.24
64205	0.23
81822	0.22
288778	0.21
29425	0.21
292804	0.20
29624	0.20
25517	0.20
29395	0.19
81769	0.19
65262	0.18
124323	0.16
114090	0.15
288718	0.14
83537	0.12
298712	0.10
65144	0.09
81774	0.08
303831	0.05
117270	0.02
24422	0.01
64665	0.00
56010	-0.03
29461	-0.07
363854	-0.08
64527	-0.08
304429	-0.10
288597	-0.12
311833	-0.12
29236	-0.13
113958	-0.13
24516	-0.13
309626	-0.14
192172	-0.15
288444	-0.15
362720	-0.15
287561	-0.17
60349	-0.18
361808	-0.18
298517	-0.19
259272	-0.21
28298	-0.21
288498	-0.22
59329	-0.26
24649	-0.27
292028	-0.29
300079	-0.30
294390	-0.30
406167	-0.34
689399	-0.37
140608	-0.38
64307	-0.39
83474	-0.40
406168	-0.44
117526	-0.44
362952	-0.44
54398	-0.49
191569	-0.49
685325	-0.51
24799	-0.52
100912032	-0.52
24817	-0.56
293725	-0.58
84509	-0.58
54257	-0.59
83504	-0.67
140655	-0.68
296501	-0.69
304278	-0.71
64158	-0.73
29580	-0.73
25740	-0.73
29353	-0.78
298700	-0.78
89833	-0.84
246773	-0.89
298441	-0.92
84578	-0.95
246146	-0.96
282845	-1.03
246281	-1.14
25369	-1.15
312538	-1.15
296178	-1.17
83503	-1.18
309790	-1.18
494445	-1.20
361402	-1.30
24829	-1.36
24651	-1.38
24183	-1.38
114612	-1.43
288480	-1.47
500545	-1.63
685890	-1.67
361784	-1.75
84490	-1.96
497778	-2.35
59102	-2.41
