24223	8.06
25599	4.57
681429	2.37
292028	1.98
24786	1.85
24699	1.81
124323	1.79
361784	1.79
64665	1.68
171350	1.63
312538	1.61
81769	1.52
117030	1.43
301240	1.43
500545	1.35
79209	1.34
309626	1.33
83537	1.28
81763	1.21
65136	1.21
29304	1.19
83427	1.19
29659	1.17
29395	1.16
81774	1.14
29285	1.11
60460	1.11
192241	1.10
29236	1.10
24944	1.09
245976	1.06
297755	1.03
100362640	1.02
363854	0.99
24383	0.99
494445	0.99
300079	0.98
29288	0.98
100912032	0.98
81822	0.97
60416	0.97
406168	0.96
498185	0.91
309790	0.90
25742	0.89
64158	0.87
94266	0.83
288597	0.80
84509	0.77
64205	0.76
122799	0.76
25308	0.75
360572	0.75
83789	0.73
29461	0.71
192172	0.69
245981	0.69
114612	0.69
64306	0.68
24516	0.67
691531	0.66
685890	0.66
29668	0.65
29425	0.65
83803	0.64
29374	0.62
298517	0.61
140655	0.60
28298	0.58
361808	0.56
293725	0.55
299809	0.53
298441	0.53
81764	0.52
497778	0.49
689399	0.43
116646	0.43
54398	0.43
29565	0.42
64307	0.40
84490	0.38
25369	0.38
25348	0.38
24422	0.31
80843	0.29
287561	0.28
59102	0.28
24829	0.28
246146	0.25
192255	0.23
171361	0.23
298700	0.23
29353	0.23
65262	0.22
362952	0.22
288444	0.20
64640	0.19
24649	0.18
298712	0.17
29624	0.17
24799	0.16
685325	0.14
89819	0.14
294390	0.13
29580	0.11
363241	0.09
289878	0.08
81829	0.08
140608	0.07
282845	0.07
361402	0.05
24651	0.04
54257	0.03
117263	0.03
24183	0.01
296501	0.01
24817	0.01
25740	0.00
304429	-0.03
58934	-0.04
288778	-0.06
113958	-0.10
24790	-0.10
288480	-0.11
288718	-0.12
83503	-0.13
406167	-0.13
25176	-0.20
83712	-0.20
25737	-0.23
83504	-0.23
64527	-0.25
362720	-0.25
363633	-0.26
65165	-0.27
60349	-0.32
259272	-0.36
24669	-0.38
89833	-0.38
292804	-0.38
24392	-0.39
288498	-0.39
83474	-0.42
365601	-0.43
191569	-0.44
84578	-0.51
81663	-0.53
65144	-0.53
56010	-0.57
114090	-0.59
288615	-0.60
317163	-0.62
364656	-0.66
296178	-0.66
298942	-0.67
304388	-0.68
305623	-0.70
304278	-0.75
311833	-0.80
117526	-0.85
54318	-0.88
25517	-0.89
63868	-0.92
288666	-1.02
246773	-1.04
81718	-1.07
246281	-1.08
24333	-1.08
361866	-1.10
117270	-1.10
59329	-1.12
316122	-1.17
302855	-1.24
84486	-1.26
29693	-1.28
303831	-1.31
