65262	8.07
81829	6.84
24333	6.74
192241	5.55
63868	5.39
29668	4.56
84509	4.33
298942	4.20
171361	3.84
25737	3.72
25308	3.63
192255	3.59
140608	3.51
113958	3.50
24383	3.42
288666	3.38
296501	3.37
300079	3.31
363241	3.31
24669	3.27
301240	2.95
494445	2.88
302855	2.79
60416	2.77
81822	2.71
361808	2.70
29693	2.56
64306	2.54
83712	2.53
117030	2.49
65136	2.47
29236	2.42
497778	2.42
100362640	2.38
299809	2.37
24786	2.34
64205	2.31
297755	2.25
24944	2.25
364656	2.24
81763	2.21
81769	2.21
29304	2.20
245981	2.18
117263	2.11
84486	2.07
304429	1.99
81774	1.97
81764	1.94
292804	1.90
54318	1.81
288615	1.76
80843	1.74
124323	1.74
83789	1.73
83427	1.73
65165	1.70
116646	1.70
29288	1.69
65144	1.67
114612	1.66
64158	1.65
122799	1.63
288778	1.61
140655	1.54
282845	1.54
362952	1.43
29425	1.28
24223	1.28
360572	1.22
365601	1.22
681429	1.19
28298	1.18
363854	1.10
303831	1.09
298712	1.09
292028	1.03
298441	1.03
84490	1.02
317163	1.02
298517	0.99
298700	0.97
64527	0.96
29659	0.95
83503	0.94
171350	0.92
89819	0.92
29285	0.92
81718	0.88
312538	0.87
316122	0.87
288444	0.85
24817	0.84
296178	0.83
293725	0.82
25599	0.78
24422	0.77
117526	0.75
59102	0.73
29374	0.73
64307	0.71
94266	0.70
100912032	0.65
691531	0.58
288480	0.55
29395	0.54
83537	0.51
191569	0.50
361784	0.47
24790	0.47
56010	0.45
29580	0.37
304278	0.36
25348	0.36
83803	0.35
60349	0.35
29565	0.35
246146	0.34
362720	0.28
500545	0.27
25742	0.21
294390	0.20
24651	0.19
192172	0.18
29461	0.15
689399	0.12
25369	0.11
363633	0.09
81663	0.06
288718	-0.04
64640	-0.07
287561	-0.08
25740	-0.12
406167	-0.13
83474	-0.15
79209	-0.19
24968	-0.20
29624	-0.21
246281	-0.22
24649	-0.22
498185	-0.24
83504	-0.27
259272	-0.30
685325	-0.31
24699	-0.31
54257	-0.40
54398	-0.41
361866	-0.45
288597	-0.53
84578	-0.54
24799	-0.63
289878	-0.66
117270	-0.70
59329	-0.72
309626	-0.74
685890	-0.75
361402	-0.81
89833	-0.88
114090	-0.91
24516	-0.95
304388	-0.96
246773	-0.99
24392	-0.99
309790	-1.02
305623	-1.06
64665	-1.21
288498	-1.26
311833	-1.27
24183	-1.30
406168	-1.32
25517	-1.33
60460	-1.39
58934	-1.44
245976	-1.46
24829	-1.48
29353	-1.63
