288666	6.84
81769	6.67
94266	5.65
100912032	5.56
25348	4.83
64307	4.73
64306	4.63
81764	4.43
24944	4.23
140608	4.21
140655	4.20
192241	4.17
29304	4.16
361784	4.16
691531	4.02
29285	3.97
360572	3.96
100362640	3.87
81774	3.81
363241	3.69
25176	3.63
122799	3.59
81763	3.55
64640	3.32
681429	3.27
29288	3.25
84509	3.25
116646	3.24
28298	3.06
245981	3.05
65136	3.04
297755	2.99
89819	2.96
24223	2.87
364656	2.87
24786	2.84
124323	2.83
288615	2.69
361808	2.64
83503	2.47
498185	2.42
60416	2.38
58934	2.19
29659	2.17
29425	2.15
54318	2.12
24333	2.10
29236	2.00
29668	1.98
64527	1.86
83427	1.86
25737	1.83
300079	1.77
113958	1.76
64665	1.74
171361	1.73
64205	1.59
64158	1.58
117270	1.57
117030	1.52
299809	1.31
81822	1.28
298700	1.27
317163	1.26
293725	1.19
24422	1.08
304429	1.07
83537	1.03
29624	0.95
301240	0.94
29461	0.93
83789	0.90
171350	0.90
316122	0.89
288597	0.87
246146	0.87
406168	0.86
292804	0.83
246773	0.77
24968	0.75
24669	0.74
84578	0.68
298517	0.61
25369	0.57
298712	0.56
289878	0.56
81829	0.53
65165	0.52
191569	0.47
309626	0.47
494445	0.44
304388	0.44
365601	0.41
282845	0.40
24383	0.40
25742	0.38
29374	0.36
81718	0.36
83712	0.36
24649	0.36
24392	0.35
192255	0.33
56010	0.33
29565	0.33
24817	0.31
296501	0.31
65262	0.29
117526	0.27
689399	0.26
79209	0.22
298942	0.20
311833	0.20
288778	0.18
83803	0.17
685890	0.13
24790	0.11
114090	0.10
60349	0.09
287561	0.04
54398	0.01
362720	-0.01
65144	-0.02
81663	-0.07
59329	-0.10
117263	-0.11
288480	-0.12
24183	-0.15
246281	-0.16
362952	-0.16
63868	-0.16
192172	-0.20
29395	-0.24
89833	-0.27
25599	-0.30
24829	-0.33
114612	-0.34
288718	-0.35
361866	-0.36
24651	-0.37
24699	-0.37
303831	-0.37
24799	-0.38
83504	-0.45
406167	-0.45
497778	-0.54
500545	-0.55
363633	-0.55
25517	-0.56
259272	-0.57
80843	-0.57
84486	-0.58
363854	-0.61
312538	-0.63
298441	-0.71
60460	-0.72
309790	-0.72
59102	-0.79
84490	-0.80
294390	-0.83
245976	-0.87
24516	-0.88
29693	-0.90
288444	-1.00
685325	-1.00
25740	-1.02
292028	-1.08
83474	-1.09
304278	-1.22
302855	-1.31
29580	-1.33
29353	-1.38
288498	-1.46
305623	-1.52
361402	-1.69
54257	-1.71
296178	-2.12
