94266	16.53
691531	16.46
29285	16.21
360572	15.75
100912032	14.97
81774	14.78
28298	14.29
100362640	13.88
140655	13.80
29288	12.47
64306	12.32
29236	12.05
65136	11.86
81769	11.82
64307	11.57
124323	11.57
81763	11.53
29304	11.36
122799	10.72
245981	10.52
64205	10.19
83427	10.17
116646	10.17
64640	10.08
363241	9.56
297755	9.47
81764	8.69
300079	7.66
293725	6.39
140608	6.09
171361	5.72
29565	4.95
25308	4.83
192241	4.53
681429	4.44
361784	4.01
171350	3.82
83503	3.80
83789	3.60
361808	3.60
298700	3.38
298517	3.04
58934	3.04
24786	2.99
84509	2.84
64527	2.73
29425	2.34
117030	2.30
24383	2.06
89819	2.03
364656	2.00
113958	1.96
24223	1.80
81822	1.63
309626	1.61
25737	1.61
288778	1.53
29374	1.50
288666	1.50
114612	1.37
29395	1.31
24669	1.31
192172	1.23
312538	1.18
64158	1.17
54318	1.13
362952	1.11
689399	1.03
24790	1.01
25742	1.00
29624	1.00
298441	0.93
64665	0.86
500545	0.84
292028	0.83
83712	0.80
363854	0.79
24333	0.74
80843	0.72
24699	0.60
299809	0.60
245976	0.58
59102	0.56
59329	0.54
25517	0.47
497778	0.45
25369	0.39
24968	0.38
362720	0.37
24651	0.37
25176	0.36
65165	0.34
117270	0.33
25599	0.32
81718	0.32
192255	0.31
24944	0.30
84486	0.30
365601	0.29
292804	0.25
24422	0.24
24817	0.24
288597	0.24
191569	0.24
494445	0.21
24649	0.20
302855	0.19
114090	0.17
498185	0.14
60460	0.12
60349	0.10
304388	0.09
301240	0.08
54257	0.08
24829	0.07
84490	0.07
89833	0.04
304429	0.04
83474	0.01
24799	0.00
289878	-0.02
304278	-0.02
363633	-0.03
288480	-0.04
259272	-0.05
317163	-0.06
83803	-0.12
311833	-0.14
361402	-0.15
81663	-0.15
60416	-0.17
24392	-0.17
83537	-0.17
303831	-0.20
685890	-0.21
54398	-0.22
246146	-0.24
298712	-0.27
29461	-0.28
296501	-0.30
84578	-0.32
288615	-0.33
316122	-0.37
288498	-0.43
246773	-0.44
287561	-0.45
29668	-0.46
246281	-0.48
24183	-0.49
288718	-0.50
24516	-0.50
117263	-0.52
56010	-0.55
63868	-0.58
685325	-0.59
294390	-0.60
81829	-0.69
83504	-0.75
29353	-0.75
361866	-0.77
29659	-0.79
29693	-0.81
309790	-0.82
406168	-0.92
117526	-0.93
288444	-0.93
25740	-0.94
79209	-1.00
29580	-1.00
296178	-1.02
65262	-1.04
406167	-1.08
65144	-1.16
298942	-1.35
282845	-1.95
305623	-2.48
