246773	2.55
304388	1.85
54398	1.51
361784	1.43
64158	1.42
59329	1.41
24649	1.37
191569	1.36
24392	1.28
361866	1.20
29395	1.18
29425	1.13
24333	1.04
497778	1.02
288718	0.97
309790	0.97
59102	0.96
246146	0.82
24383	0.79
81663	0.78
25517	0.73
362720	0.71
140655	0.71
113958	0.71
114612	0.69
288666	0.68
689399	0.67
317163	0.67
29285	0.63
60416	0.62
301240	0.59
117270	0.58
117263	0.57
25308	0.57
29668	0.57
304278	0.55
29236	0.55
64205	0.55
100362640	0.54
298517	0.53
287561	0.51
498185	0.51
84490	0.47
114090	0.47
288444	0.42
84578	0.41
116646	0.41
25348	0.39
282845	0.38
24968	0.38
140608	0.37
89833	0.36
245981	0.36
300079	0.34
29659	0.32
65136	0.32
80843	0.31
691531	0.30
312538	0.29
29288	0.29
24829	0.29
83504	0.28
361402	0.26
81764	0.26
94266	0.25
500545	0.25
81769	0.24
302855	0.22
81822	0.22
81774	0.22
56010	0.21
29353	0.21
60349	0.20
29461	0.18
64527	0.18
81829	0.17
24799	0.16
83503	0.16
54257	0.15
117526	0.14
171361	0.14
29565	0.13
29374	0.11
25176	0.11
294390	0.09
64306	0.09
361808	0.09
29624	0.08
65165	0.07
84509	0.07
292028	0.06
25737	0.05
292804	0.05
28298	0.03
316122	0.03
124323	0.02
406167	0.00
288480	-0.01
245976	-0.01
363241	-0.02
64307	-0.02
83789	-0.02
64640	-0.02
494445	-0.02
24669	-0.03
171350	-0.04
362952	-0.05
192172	-0.05
298441	-0.06
288498	-0.06
685890	-0.07
246281	-0.07
64665	-0.07
117030	-0.07
192255	-0.08
363854	-0.10
192241	-0.11
365601	-0.12
83537	-0.12
83474	-0.13
305623	-0.14
29304	-0.15
681429	-0.19
311833	-0.19
122799	-0.20
83427	-0.21
293725	-0.22
65262	-0.22
84486	-0.22
297755	-0.26
360572	-0.28
259272	-0.28
685325	-0.29
309626	-0.29
29580	-0.30
24183	-0.31
54318	-0.35
25740	-0.37
24786	-0.38
100912032	-0.45
298942	-0.45
81718	-0.46
296501	-0.47
24790	-0.48
298700	-0.57
296178	-0.57
288615	-0.60
288597	-0.71
303831	-0.74
58934	-0.76
25599	-0.77
83803	-0.78
89819	-0.78
364656	-0.78
298712	-0.79
24516	-0.81
81763	-0.82
24699	-0.82
24651	-0.85
25742	-0.85
288778	-0.91
63868	-0.92
24223	-0.99
29693	-1.02
24817	-1.03
65144	-1.04
304429	-1.11
289878	-1.14
24944	-1.15
406168	-1.16
83712	-1.28
299809	-1.31
60460	-1.36
363633	-1.55
79209	-1.62
24422	-1.70
