83504	1.90
58934	1.84
288615	1.26
365601	1.16
117270	0.89
24651	0.89
89819	0.86
289878	0.75
362952	0.74
25369	0.73
406167	0.73
288718	0.60
83712	0.59
24786	0.59
117030	0.55
29461	0.52
64640	0.51
24829	0.49
25348	0.47
288480	0.45
361784	0.44
54257	0.41
65165	0.41
81769	0.40
292028	0.40
117526	0.39
64307	0.38
64665	0.32
140608	0.31
691531	0.31
24649	0.30
685890	0.30
498185	0.30
245976	0.28
304388	0.27
288498	0.26
312538	0.24
24944	0.20
305623	0.19
114090	0.17
288444	0.15
29374	0.15
294390	0.14
28298	0.13
29425	0.13
406168	0.11
309790	0.11
24392	0.09
689399	0.08
29659	0.08
363633	0.08
83789	0.06
287561	0.05
83537	0.05
83503	0.04
117263	0.04
298700	0.02
25740	0.02
246281	0.01
293725	-0.00
363854	-0.01
304429	-0.01
80843	-0.01
83474	-0.01
29565	-0.03
29288	-0.03
685325	-0.08
500545	-0.08
29353	-0.08
113958	-0.11
361808	-0.11
81718	-0.14
259272	-0.15
360572	-0.18
24817	-0.19
246773	-0.20
24799	-0.20
24790	-0.22
298517	-0.22
316122	-0.23
60460	-0.28
288778	-0.28
59329	-0.28
364656	-0.31
29668	-0.31
124323	-0.31
60349	-0.32
192172	-0.33
304278	-0.34
100912032	-0.34
24669	-0.34
29395	-0.34
298441	-0.35
83803	-0.37
171350	-0.37
311833	-0.38
296178	-0.38
79209	-0.38
292804	-0.38
25737	-0.39
297755	-0.41
56010	-0.41
64158	-0.42
24183	-0.42
29693	-0.42
497778	-0.45
54318	-0.46
60416	-0.48
282845	-0.48
84490	-0.48
24223	-0.49
94266	-0.49
89833	-0.49
84486	-0.49
29580	-0.50
81764	-0.51
122799	-0.52
29236	-0.52
317163	-0.53
65144	-0.54
301240	-0.54
246146	-0.55
24699	-0.55
363241	-0.55
59102	-0.56
81663	-0.56
361402	-0.56
25308	-0.56
54398	-0.57
24422	-0.57
64205	-0.58
25742	-0.58
116646	-0.60
288666	-0.60
81822	-0.62
192255	-0.63
100362640	-0.63
114612	-0.65
362720	-0.67
64306	-0.67
84578	-0.68
64527	-0.70
84509	-0.73
63868	-0.73
65136	-0.73
300079	-0.73
83427	-0.73
302855	-0.75
24333	-0.75
29624	-0.75
24516	-0.75
29304	-0.76
299809	-0.79
296501	-0.79
29285	-0.81
681429	-0.81
81774	-0.82
361866	-0.82
309626	-0.83
288597	-0.88
298712	-0.88
24968	-0.89
191569	-0.94
140655	-0.94
192241	-0.94
81763	-0.95
245981	-1.00
494445	-1.03
303831	-1.06
25599	-1.09
65262	-1.22
25176	-1.33
298942	-1.36
81829	-1.55
171361	-1.63
24383	-1.75
