24223	4.93
24968	4.57
24699	4.11
84509	1.42
65144	1.36
81829	1.29
24383	1.27
24516	1.27
83803	1.11
309626	1.05
24817	1.03
65262	1.02
64306	1.01
24944	0.96
363633	0.95
364656	0.92
24786	0.88
81774	0.87
83427	0.87
29659	0.86
288718	0.85
192255	0.85
298517	0.83
81822	0.83
298700	0.83
83537	0.79
29395	0.79
25176	0.78
64205	0.75
29285	0.74
116646	0.66
94266	0.66
298942	0.65
83504	0.62
24669	0.62
312538	0.61
29624	0.60
293725	0.59
171350	0.58
363854	0.56
245976	0.55
192241	0.52
29693	0.52
288597	0.50
292028	0.49
117030	0.48
24333	0.47
114612	0.46
296501	0.43
29565	0.42
84490	0.41
56010	0.40
494445	0.38
54398	0.38
24183	0.37
406167	0.35
245981	0.34
246146	0.34
81763	0.34
192172	0.34
29304	0.33
25348	0.32
83789	0.32
24392	0.29
29236	0.28
288480	0.28
29668	0.27
114090	0.27
691531	0.27
65136	0.26
292804	0.23
113958	0.23
122799	0.23
100362640	0.22
25737	0.21
303831	0.20
497778	0.19
24649	0.16
289878	0.16
685325	0.16
171361	0.14
288778	0.13
361784	0.13
296178	0.13
300079	0.10
65165	0.10
81764	0.09
29580	0.08
140608	0.07
500545	0.07
64665	0.07
689399	0.05
299809	0.05
124323	0.03
29374	0.02
191569	0.01
64158	0.00
297755	-0.02
361808	-0.02
84486	-0.03
81769	-0.04
259272	-0.05
360572	-0.06
63868	-0.07
64527	-0.07
29288	-0.07
64307	-0.08
24790	-0.09
363241	-0.09
301240	-0.10
282845	-0.11
29353	-0.11
54257	-0.12
64640	-0.12
84578	-0.14
498185	-0.15
24422	-0.19
89819	-0.19
81663	-0.20
79209	-0.20
24799	-0.21
140655	-0.23
80843	-0.24
25742	-0.27
406168	-0.28
28298	-0.28
24829	-0.30
25308	-0.30
362952	-0.31
29425	-0.31
59329	-0.32
60416	-0.33
117263	-0.37
362720	-0.37
304278	-0.38
309790	-0.40
302855	-0.40
685890	-0.41
305623	-0.41
24651	-0.42
60349	-0.45
288615	-0.46
288498	-0.47
100912032	-0.49
246281	-0.50
311833	-0.51
60460	-0.53
298441	-0.54
365601	-0.54
288444	-0.55
83503	-0.58
83712	-0.64
304388	-0.66
59102	-0.69
89833	-0.70
83474	-0.73
58934	-0.76
25369	-0.77
54318	-0.79
304429	-0.79
287561	-0.85
25740	-0.88
288666	-0.89
294390	-0.92
29461	-0.92
361402	-0.99
681429	-1.01
316122	-1.03
317163	-1.05
298712	-1.09
25517	-1.09
117270	-1.16
117526	-1.18
361866	-1.22
81718	-1.22
246773	-1.23
