296501	9.64
312538	7.85
298441	7.69
59102	7.54
84509	7.06
29395	5.61
84490	5.59
83712	4.70
299809	4.39
494445	4.35
362720	4.23
296178	4.06
497778	3.88
25176	3.72
361784	3.71
114612	3.69
300079	3.65
29374	3.52
54318	3.49
500545	3.47
288778	3.26
83427	3.17
29304	3.14
64158	3.07
29288	3.02
297755	2.90
81764	2.82
362952	2.79
117526	2.74
363241	2.72
64306	2.71
360572	2.65
81763	2.56
171350	2.48
24669	2.41
63868	2.38
298700	2.33
24649	2.28
689399	2.27
81822	2.23
361808	2.22
64307	2.20
29668	2.19
64205	2.19
65136	2.17
140655	2.14
245981	2.08
100362640	2.08
83474	1.95
60460	1.94
171361	1.92
192255	1.92
89819	1.91
117030	1.91
25308	1.83
81774	1.80
100912032	1.79
363854	1.77
28298	1.77
65262	1.73
59329	1.68
124323	1.63
116646	1.63
288615	1.62
25348	1.61
292028	1.60
29236	1.56
363633	1.56
288480	1.45
64640	1.40
691531	1.34
83503	1.31
282845	1.29
24516	1.25
304429	1.17
94266	1.15
303831	1.14
24223	1.07
681429	1.06
24333	1.05
81663	1.03
122799	1.03
302855	0.95
83504	0.94
60416	0.89
288718	0.89
24786	0.85
29285	0.80
114090	0.76
293725	0.75
288666	0.75
25742	0.73
309790	0.71
117263	0.65
117270	0.63
81769	0.61
259272	0.61
29624	0.61
24790	0.56
83789	0.56
24699	0.53
245976	0.53
24392	0.47
29580	0.46
287561	0.46
58934	0.44
64527	0.43
29565	0.41
80843	0.40
24944	0.38
246146	0.37
81829	0.37
65165	0.37
60349	0.33
246281	0.32
83803	0.30
191569	0.29
365601	0.25
84578	0.25
25599	0.21
294390	0.19
364656	0.19
24829	0.16
288444	0.09
113958	0.07
25369	0.05
81718	0.05
83537	0.04
298712	0.01
317163	0.01
24422	0.01
361866	-0.01
89833	-0.02
84486	-0.04
192241	-0.04
24383	-0.05
54257	-0.08
289878	-0.08
361402	-0.09
288498	-0.11
29425	-0.12
24968	-0.23
292804	-0.23
316122	-0.25
24651	-0.27
406167	-0.28
298942	-0.31
29353	-0.37
192172	-0.38
25517	-0.39
29461	-0.43
56010	-0.47
24817	-0.56
298517	-0.57
24799	-0.61
685890	-0.62
311833	-0.68
29693	-0.68
304388	-0.70
309626	-0.76
246773	-0.77
140608	-0.85
29659	-0.88
65144	-0.89
685325	-1.02
498185	-1.08
25740	-1.17
304278	-1.20
54398	-1.21
24183	-1.22
305623	-1.36
79209	-1.37
288597	-1.51
64665	-1.54
301240	-1.97
406168	-2.81
