81718	3.61
24223	2.56
288615	2.54
24392	1.92
60460	1.72
124323	1.37
406167	1.35
29304	1.32
192255	1.29
60416	1.28
282845	1.22
65136	1.17
100912032	1.14
29285	1.12
113958	1.11
288597	1.11
64158	1.00
81774	1.00
25348	1.00
140655	0.98
24786	0.98
24944	0.95
29353	0.94
29288	0.93
28298	0.91
94266	0.91
304429	0.89
24968	0.89
81763	0.87
29236	0.86
360572	0.85
64665	0.78
300079	0.77
24183	0.77
25737	0.73
56010	0.72
691531	0.68
245981	0.64
140608	0.64
297755	0.62
24799	0.60
84509	0.60
59102	0.57
259272	0.57
117030	0.57
83503	0.57
83427	0.48
114090	0.48
117263	0.46
54257	0.44
122799	0.43
64307	0.42
84490	0.41
171361	0.40
58934	0.39
305623	0.39
29659	0.38
25308	0.38
100362640	0.35
304278	0.29
29461	0.28
29624	0.27
303831	0.27
498185	0.27
364656	0.24
298517	0.23
287561	0.22
64205	0.21
25176	0.21
29565	0.21
363241	0.17
246146	0.16
312538	0.14
309790	0.13
81663	0.12
298700	0.11
83474	0.10
24333	0.07
81822	0.07
117526	0.07
685890	0.06
24422	0.05
685325	0.03
192241	0.02
171350	0.00
302855	-0.01
83789	-0.02
293725	-0.03
191569	-0.04
294390	-0.08
64306	-0.09
64527	-0.09
64640	-0.09
288666	-0.10
292804	-0.11
116646	-0.13
246281	-0.15
84486	-0.15
494445	-0.18
81769	-0.18
296178	-0.18
81764	-0.19
63868	-0.22
65262	-0.22
29580	-0.22
114612	-0.23
289878	-0.23
29374	-0.25
309626	-0.26
29395	-0.26
24516	-0.27
25599	-0.27
83504	-0.28
84578	-0.28
25740	-0.29
500545	-0.31
79209	-0.31
24651	-0.33
192172	-0.34
24699	-0.34
288718	-0.37
311833	-0.40
117270	-0.40
29425	-0.41
24383	-0.41
365601	-0.42
362952	-0.42
292028	-0.42
24790	-0.42
301240	-0.43
81829	-0.44
681429	-0.45
245976	-0.46
361808	-0.46
304388	-0.46
24649	-0.49
299809	-0.49
288444	-0.50
362720	-0.50
363633	-0.51
80843	-0.53
497778	-0.54
316122	-0.58
25517	-0.58
361402	-0.60
288480	-0.63
689399	-0.66
298712	-0.69
298441	-0.69
246773	-0.70
298942	-0.70
24829	-0.74
24817	-0.74
83712	-0.75
361866	-0.76
89819	-0.78
288778	-0.79
24669	-0.80
288498	-0.81
296501	-0.83
25369	-0.85
317163	-0.89
65165	-0.92
29668	-0.93
60349	-0.93
54318	-1.01
361784	-1.05
59329	-1.10
83537	-1.12
406168	-1.17
83803	-1.29
29693	-1.41
89833	-1.41
363854	-1.58
54398	-1.58
65144	-1.60
