24799	2.53
60460	2.17
259272	2.02
24183	1.99
60416	1.95
64665	1.47
192255	1.46
292804	1.38
29461	1.38
288444	1.35
406168	1.33
24651	1.28
406167	1.26
81822	1.22
29624	1.05
246773	1.00
81718	0.95
56010	0.93
24786	0.92
64158	0.86
65262	0.80
289878	0.77
685890	0.76
288498	0.70
497778	0.70
65165	0.67
317163	0.66
24422	0.58
192172	0.57
83803	0.53
361866	0.50
29693	0.49
304429	0.46
309790	0.44
171361	0.38
246146	0.35
81829	0.35
83789	0.32
282845	0.30
24649	0.28
83712	0.27
80843	0.25
494445	0.25
305623	0.24
29353	0.23
364656	0.22
171350	0.22
60349	0.20
63868	0.19
117270	0.18
303831	0.17
24817	0.15
29395	0.15
29374	0.11
59329	0.10
246281	0.07
24223	0.05
293725	0.03
25517	0.02
245981	0.02
299809	0.01
24968	0.00
83474	-0.02
117526	-0.02
140608	-0.03
29668	-0.08
29580	-0.09
25176	-0.12
94266	-0.14
84509	-0.14
54318	-0.15
29565	-0.16
89819	-0.17
311833	-0.19
65144	-0.20
288480	-0.20
24383	-0.22
287561	-0.22
298942	-0.22
498185	-0.23
304278	-0.25
362720	-0.25
288597	-0.27
81764	-0.28
64527	-0.28
25742	-0.29
288778	-0.31
81769	-0.31
117030	-0.31
191569	-0.32
100362640	-0.35
25369	-0.37
24516	-0.37
24333	-0.38
312538	-0.38
64205	-0.42
288718	-0.42
116646	-0.43
24829	-0.44
685325	-0.47
89833	-0.50
81663	-0.52
29304	-0.53
316122	-0.54
301240	-0.56
361402	-0.57
81763	-0.58
29659	-0.59
122799	-0.62
192241	-0.63
304388	-0.63
24669	-0.64
288615	-0.65
83537	-0.66
363633	-0.68
365601	-0.69
24699	-0.69
84490	-0.69
298441	-0.70
294390	-0.70
292028	-0.72
24944	-0.73
363241	-0.76
124323	-0.76
54257	-0.79
288666	-0.80
296178	-0.85
500545	-0.85
298700	-0.86
25599	-0.88
114090	-0.88
29425	-0.88
363854	-0.90
25348	-0.94
300079	-0.97
298712	-0.98
79209	-0.99
689399	-1.00
100912032	-1.00
84486	-1.00
25308	-1.02
114612	-1.03
54398	-1.03
113958	-1.04
64307	-1.04
24790	-1.06
84578	-1.06
58934	-1.06
83504	-1.06
309626	-1.07
296501	-1.08
29288	-1.10
140655	-1.12
362952	-1.13
83427	-1.14
681429	-1.16
64306	-1.17
25737	-1.17
297755	-1.18
65136	-1.20
361784	-1.27
29285	-1.28
64640	-1.30
81774	-1.30
59102	-1.33
117263	-1.38
691531	-1.41
29236	-1.42
245976	-1.44
302855	-1.45
24392	-1.46
298517	-1.47
83503	-1.50
28298	-1.56
360572	-1.58
361808	-1.62
