685890	2.65
406167	2.65
25740	2.02
309790	1.87
29461	1.78
309626	1.60
311833	1.52
246281	1.29
191569	1.19
24649	1.11
24392	1.08
363854	1.07
59329	1.01
317163	0.97
304388	0.93
24790	0.92
494445	0.88
114612	0.83
54318	0.79
171350	0.77
171361	0.71
246146	0.71
24183	0.70
117526	0.66
29374	0.64
25737	0.61
25742	0.57
54398	0.54
81718	0.52
362720	0.49
287561	0.49
246773	0.48
362952	0.48
79209	0.47
60416	0.46
60349	0.46
24669	0.43
361808	0.42
24829	0.38
360572	0.36
363633	0.36
80843	0.36
122799	0.34
65144	0.34
312538	0.34
296501	0.33
140655	0.33
29288	0.33
83504	0.31
64306	0.28
288597	0.23
81769	0.22
299809	0.21
500545	0.20
29285	0.18
497778	0.14
63868	0.12
58934	0.11
24699	0.10
29580	0.08
84486	0.08
316122	0.08
64205	0.04
65136	0.03
29565	0.02
681429	-0.01
100912032	-0.01
29395	-0.05
25348	-0.05
691531	-0.05
25599	-0.05
298441	-0.06
288778	-0.07
89833	-0.09
192172	-0.09
81764	-0.09
113958	-0.11
302855	-0.13
304429	-0.14
25517	-0.15
24651	-0.16
83803	-0.16
364656	-0.17
81774	-0.18
29236	-0.20
297755	-0.21
24944	-0.21
24817	-0.21
298700	-0.21
81763	-0.22
303831	-0.22
28298	-0.22
361784	-0.22
363241	-0.23
94266	-0.23
64307	-0.25
24333	-0.26
116646	-0.26
64640	-0.27
296178	-0.28
25369	-0.28
89819	-0.29
65165	-0.29
25176	-0.30
124323	-0.34
84509	-0.34
245976	-0.35
54257	-0.36
24968	-0.36
361866	-0.39
83789	-0.39
300079	-0.40
114090	-0.42
84578	-0.42
81822	-0.44
29304	-0.45
689399	-0.45
304278	-0.46
192255	-0.47
294390	-0.48
83427	-0.48
24516	-0.50
288718	-0.50
289878	-0.51
117263	-0.52
64527	-0.53
29693	-0.56
25308	-0.57
24799	-0.58
293725	-0.58
83474	-0.60
59102	-0.61
24786	-0.64
288498	-0.64
292028	-0.67
84490	-0.68
83712	-0.69
361402	-0.74
245981	-0.77
64158	-0.77
117270	-0.78
685325	-0.78
301240	-0.80
298712	-0.82
406168	-0.84
81663	-0.85
282845	-0.86
29624	-0.86
83503	-0.87
305623	-0.89
365601	-0.91
298517	-0.92
60460	-0.92
24223	-0.94
192241	-1.02
24383	-1.04
29353	-1.05
117030	-1.08
100362640	-1.12
288615	-1.21
83537	-1.25
29425	-1.27
29668	-1.29
298942	-1.29
81829	-1.30
29659	-1.36
140608	-1.43
288666	-1.44
65262	-1.44
498185	-1.44
288444	-1.46
24422	-1.47
56010	-1.51
288480	-1.80
64665	-1.90
292804	-2.08
