305623	3.73
309790	3.12
192255	2.69
117526	2.57
24669	2.39
296501	2.33
60416	2.18
299809	2.15
60460	2.04
64158	1.99
288615	1.74
294390	1.67
288597	1.65
288444	1.63
84578	1.56
25176	1.54
288498	1.50
117263	1.40
84490	1.32
25737	1.29
29374	1.29
298712	1.28
81663	1.24
25742	1.22
56010	1.19
296178	1.17
361784	1.15
84509	1.10
65262	1.08
83504	1.07
406168	1.06
81822	1.05
304429	0.96
54257	0.96
363633	0.92
288480	0.90
363854	0.89
298700	0.86
65165	0.85
289878	0.84
59102	0.83
304278	0.81
83712	0.78
24392	0.77
293725	0.76
303831	0.72
24183	0.70
300079	0.68
298441	0.65
83503	0.65
124323	0.58
288666	0.51
29668	0.46
309626	0.46
24649	0.43
497778	0.42
25308	0.40
25369	0.38
500545	0.37
298942	0.35
63868	0.34
302855	0.32
361808	0.31
25740	0.30
54318	0.29
29624	0.28
24829	0.27
171361	0.26
297755	0.25
365601	0.24
316122	0.23
191569	0.21
114612	0.20
117030	0.19
29353	0.17
246281	0.16
29580	0.16
83789	0.14
81829	0.13
29304	0.12
361866	0.12
24333	0.11
24968	0.07
29693	0.07
58934	0.06
312538	0.06
24786	0.03
29395	0.03
89819	0.03
361402	0.02
287561	0.01
83474	0.00
24383	0.00
245976	0.00
83537	-0.02
681429	-0.05
362952	-0.07
245981	-0.07
54398	-0.10
117270	-0.10
25599	-0.11
685325	-0.14
83803	-0.19
29461	-0.20
301240	-0.20
317163	-0.24
140655	-0.25
292028	-0.27
24699	-0.32
81774	-0.33
246146	-0.33
100912032	-0.33
100362640	-0.35
29659	-0.37
24422	-0.37
80843	-0.41
24651	-0.42
89833	-0.43
83427	-0.47
288718	-0.48
25517	-0.48
311833	-0.49
494445	-0.49
171350	-0.51
84486	-0.53
498185	-0.53
363241	-0.56
29288	-0.56
24799	-0.57
81718	-0.58
140608	-0.61
29425	-0.64
362720	-0.65
24223	-0.70
64665	-0.71
689399	-0.81
113958	-0.82
81764	-0.82
691531	-0.83
64307	-0.84
364656	-0.84
24516	-0.85
259272	-0.86
64306	-0.87
65144	-0.90
65136	-0.90
24790	-0.91
64205	-0.95
685890	-1.00
406167	-1.02
81769	-1.02
24944	-1.03
114090	-1.08
29236	-1.11
24817	-1.12
246773	-1.14
81763	-1.16
59329	-1.21
360572	-1.22
79209	-1.22
122799	-1.22
64527	-1.22
292804	-1.24
304388	-1.27
60349	-1.28
298517	-1.39
192241	-1.40
29565	-1.42
288778	-1.45
94266	-1.50
64640	-1.52
192172	-1.53
28298	-1.64
116646	-1.77
25348	-1.95
29285	-2.27
