360572	18.19
81774	17.30
691531	17.04
100912032	16.73
29285	16.58
29288	16.41
64307	16.40
65136	15.95
94266	15.75
29304	15.47
140655	15.25
124323	14.44
29236	14.44
25348	14.29
245981	14.25
64306	13.79
83427	13.67
81763	13.54
363241	13.44
100362640	13.16
64205	12.63
300079	12.27
297755	12.14
122799	12.01
81764	11.99
81769	10.63
64640	10.45
293725	8.93
116646	8.80
171361	7.31
298700	6.62
29565	6.27
83789	5.67
681429	5.59
362952	5.24
192241	4.92
361784	4.69
171350	4.66
58934	4.58
84509	3.54
140608	3.54
361808	3.42
29374	3.38
288778	3.16
83503	3.16
64527	3.12
25308	3.06
24786	2.81
113958	2.62
299809	2.59
114612	2.34
292028	2.30
29425	2.13
24383	2.07
298517	2.06
59102	2.03
117030	1.90
25737	1.77
361402	1.71
84486	1.63
89819	1.62
80843	1.59
312538	1.58
24333	1.55
65165	1.46
497778	1.39
363854	1.34
364656	1.32
24223	1.31
192172	1.29
54318	1.21
25176	1.18
24790	1.13
317163	1.12
83712	1.10
298712	1.09
29668	1.06
64158	1.01
298441	1.00
117263	1.00
25742	0.91
245976	0.89
83474	0.86
29395	0.85
117270	0.80
81822	0.79
304429	0.77
301240	0.73
294390	0.63
288480	0.61
24968	0.58
24799	0.57
303831	0.45
117526	0.44
191569	0.40
288666	0.39
689399	0.38
292804	0.27
311833	0.26
24669	0.17
24817	0.17
309626	0.15
25517	0.13
84490	0.12
54257	0.12
24699	0.09
24422	0.08
365601	0.07
83803	0.06
114090	0.06
83537	0.06
84578	0.06
81718	0.05
60349	0.05
63868	0.05
25369	0.03
24829	0.03
56010	0.02
362720	-0.00
192255	-0.02
685890	-0.02
302855	-0.03
500545	-0.04
296178	-0.10
246281	-0.10
363633	-0.13
498185	-0.13
24651	-0.14
288597	-0.15
59329	-0.16
304388	-0.17
24944	-0.21
259272	-0.22
64665	-0.22
25599	-0.28
60416	-0.30
304278	-0.33
89833	-0.33
24649	-0.34
494445	-0.37
24516	-0.37
24392	-0.39
296501	-0.40
288615	-0.41
288718	-0.45
287561	-0.46
29353	-0.48
685325	-0.50
406168	-0.53
29624	-0.54
81663	-0.57
309790	-0.66
289878	-0.67
288444	-0.67
29659	-0.68
361866	-0.69
65262	-0.70
65144	-0.71
246146	-0.73
60460	-0.87
29461	-0.87
83504	-0.95
81829	-1.00
288498	-1.07
305623	-1.08
29580	-1.12
24183	-1.14
246773	-1.14
79209	-1.16
29693	-1.33
298942	-1.35
25740	-1.56
282845	-1.64
54398	-1.66
316122	-1.67
406167	-2.02
