114090	3.90
24649	1.75
681429	1.19
292028	1.02
29461	0.99
64158	0.98
54318	0.98
317163	0.97
24183	0.86
29659	0.84
117263	0.81
29425	0.80
84509	0.74
309790	0.72
246281	0.71
81718	0.69
24392	0.68
316122	0.64
56010	0.60
29668	0.60
117270	0.57
59329	0.56
361808	0.55
24829	0.52
81769	0.52
25369	0.51
303831	0.50
259272	0.49
25737	0.46
64307	0.45
498185	0.44
361784	0.44
83474	0.43
29374	0.42
689399	0.40
100912032	0.39
89819	0.37
59102	0.36
81822	0.36
24516	0.35
299809	0.31
54257	0.29
288615	0.29
191569	0.29
24223	0.29
24968	0.28
60460	0.27
60349	0.25
288480	0.25
500545	0.22
289878	0.22
25742	0.22
113958	0.22
24699	0.19
114612	0.18
363241	0.16
494445	0.16
288444	0.15
84578	0.15
361866	0.15
140655	0.14
83504	0.13
406167	0.13
122799	0.12
116646	0.11
60416	0.11
362720	0.10
304388	0.09
296501	0.07
84486	0.07
294390	0.05
25517	0.05
83789	0.05
288666	0.04
25308	0.04
79209	0.03
282845	0.01
296178	-0.00
29236	-0.02
293725	-0.02
83503	-0.03
362952	-0.04
24669	-0.04
245981	-0.05
288778	-0.06
100362640	-0.06
124323	-0.07
29288	-0.07
25176	-0.08
298441	-0.09
246146	-0.10
300079	-0.10
81774	-0.11
298712	-0.17
192255	-0.17
64306	-0.17
288597	-0.17
24944	-0.17
312538	-0.18
29693	-0.19
298700	-0.19
171350	-0.19
64665	-0.20
83427	-0.20
83712	-0.22
25740	-0.22
298942	-0.26
24799	-0.26
365601	-0.27
80843	-0.28
302855	-0.29
246773	-0.29
29304	-0.29
29624	-0.30
81829	-0.31
311833	-0.31
81764	-0.32
304429	-0.33
360572	-0.35
288498	-0.37
81763	-0.39
63868	-0.40
24383	-0.41
685890	-0.41
64205	-0.42
84490	-0.42
171361	-0.43
117526	-0.44
29285	-0.45
25348	-0.45
140608	-0.46
65136	-0.46
28298	-0.46
29395	-0.46
58934	-0.47
65165	-0.48
24333	-0.48
363633	-0.50
89833	-0.52
24790	-0.52
363854	-0.52
297755	-0.52
364656	-0.52
29580	-0.53
361402	-0.56
406168	-0.58
192241	-0.61
24422	-0.63
64527	-0.63
54398	-0.64
288718	-0.64
64640	-0.64
497778	-0.69
83537	-0.70
81663	-0.73
309626	-0.73
24651	-0.75
117030	-0.75
691531	-0.80
94266	-0.81
65262	-0.83
25599	-0.85
245976	-0.91
298517	-0.94
29565	-0.99
301240	-1.00
29353	-1.06
304278	-1.07
292804	-1.09
685325	-1.13
305623	-1.15
192172	-1.19
65144	-1.32
24817	-1.44
83803	-1.44
24786	-1.46
