298700	6.55
81829	5.52
362952	4.51
24383	4.17
29425	4.07
288778	3.87
361808	3.78
192241	3.68
84509	3.68
54318	3.53
83503	3.50
298517	3.48
89819	3.20
117263	3.04
65262	3.04
292804	3.02
361402	2.85
29374	2.71
361784	2.66
113958	2.64
293725	2.60
58934	2.53
29668	2.47
288444	2.46
288498	2.44
59102	2.41
83474	2.38
83427	2.31
301240	2.24
246146	2.16
63868	2.16
81774	2.11
64158	2.10
292028	2.04
192255	2.02
56010	2.00
64205	2.00
24333	2.00
363854	1.96
83712	1.94
140608	1.91
245981	1.91
81822	1.89
299809	1.89
363241	1.87
406168	1.82
288666	1.81
298441	1.79
64527	1.79
364656	1.66
681429	1.64
60460	1.63
317163	1.56
296501	1.56
297755	1.50
691531	1.48
25737	1.45
305623	1.45
304278	1.34
300079	1.30
100362640	1.29
140655	1.23
83537	1.20
29236	1.19
81764	1.18
65136	1.16
29304	1.11
288615	1.07
83789	1.06
304429	1.05
245976	1.04
298712	1.04
288718	0.95
29288	0.94
494445	0.94
60416	0.93
298942	0.92
282845	0.90
29285	0.84
64306	0.83
171350	0.80
64307	0.80
117030	0.79
29693	0.74
81769	0.73
363633	0.71
312538	0.64
28298	0.61
80843	0.60
25176	0.55
100912032	0.54
81763	0.51
360572	0.50
24516	0.47
25517	0.45
246773	0.45
24786	0.44
685325	0.40
60349	0.38
84490	0.38
24669	0.37
289878	0.36
29624	0.35
365601	0.31
362720	0.31
25599	0.28
83504	0.26
114612	0.26
287561	0.25
64665	0.22
117526	0.19
83803	0.18
84578	0.17
29353	0.14
122799	0.13
288597	0.11
303831	0.10
500545	0.07
24651	0.07
25369	-0.01
29565	-0.02
25348	-0.04
29580	-0.05
24392	-0.06
124323	-0.09
64640	-0.10
24968	-0.11
25308	-0.12
192172	-0.12
65165	-0.15
54398	-0.16
117270	-0.17
25740	-0.20
311833	-0.21
689399	-0.25
65144	-0.26
84486	-0.31
171361	-0.32
497778	-0.34
24183	-0.35
24829	-0.37
296178	-0.37
24699	-0.41
24422	-0.45
54257	-0.46
191569	-0.47
94266	-0.50
29461	-0.55
24649	-0.55
116646	-0.55
81718	-0.62
25742	-0.63
89833	-0.67
79209	-0.68
114090	-0.72
24799	-0.76
59329	-0.77
498185	-0.81
309790	-0.83
316122	-0.87
294390	-0.90
29395	-0.94
302855	-0.96
24790	-0.97
304388	-0.97
246281	-0.99
24817	-1.02
685890	-1.04
29659	-1.22
361866	-1.23
81663	-1.26
406167	-1.39
24944	-1.47
259272	-1.80
24223	-1.99
309626	-2.74
