63868	7.59
299809	5.56
29374	5.33
56010	4.76
24786	4.07
363854	3.50
246146	3.49
29693	3.44
117263	3.31
303831	3.08
288498	2.76
317163	2.46
288480	2.46
84509	2.25
192255	2.17
288718	1.95
29668	1.93
54318	1.93
288666	1.84
81822	1.83
113958	1.80
60460	1.70
282845	1.63
83474	1.55
29425	1.53
64527	1.46
245976	1.44
117030	1.40
288778	1.38
305623	1.36
25740	1.35
89819	1.22
298942	1.17
24333	1.16
406168	1.15
83503	1.05
83712	0.96
29461	0.94
65165	0.91
361402	0.89
25176	0.85
304429	0.84
304278	0.82
685325	0.81
171361	0.79
117526	0.76
24392	0.76
365601	0.73
114090	0.72
65144	0.68
24383	0.67
24223	0.62
292028	0.57
362952	0.54
316122	0.54
81718	0.54
292804	0.50
60416	0.48
361866	0.48
29565	0.46
83789	0.43
25369	0.42
81829	0.40
59329	0.37
298712	0.36
246281	0.34
363241	0.32
79209	0.27
29624	0.26
64665	0.25
24968	0.20
64158	0.20
298441	0.17
287561	0.15
81663	0.15
25517	0.15
494445	0.15
24699	0.11
497778	0.10
24669	0.10
25737	0.09
406167	0.08
81774	0.08
24799	0.08
116646	0.07
296501	0.06
171350	0.03
24649	0.02
24516	-0.00
298700	-0.07
691531	-0.07
288615	-0.07
311833	-0.08
364656	-0.10
80843	-0.12
289878	-0.12
24651	-0.14
65136	-0.14
24944	-0.15
100362640	-0.15
140655	-0.16
81764	-0.17
297755	-0.19
294390	-0.19
363633	-0.20
64640	-0.20
24422	-0.22
65262	-0.22
500545	-0.24
124323	-0.25
29288	-0.26
24817	-0.29
83504	-0.29
114612	-0.29
245981	-0.31
54398	-0.38
60349	-0.39
29304	-0.40
298517	-0.40
685890	-0.41
140608	-0.42
293725	-0.43
361808	-0.44
64205	-0.46
54257	-0.47
64306	-0.50
25742	-0.50
681429	-0.50
300079	-0.51
362720	-0.52
25599	-0.55
122799	-0.55
24183	-0.55
360572	-0.55
24829	-0.56
89833	-0.57
81763	-0.60
84486	-0.60
83537	-0.64
29580	-0.64
59102	-0.65
84490	-0.66
28298	-0.67
361784	-0.69
24790	-0.75
83427	-0.79
29395	-0.84
94266	-0.86
29236	-0.88
29285	-0.90
288597	-0.91
309790	-0.92
301240	-0.92
25348	-0.93
81769	-0.95
64307	-0.96
25308	-1.00
29353	-1.07
192241	-1.09
58934	-1.13
117270	-1.15
312538	-1.17
309626	-1.27
100912032	-1.28
246773	-1.28
84578	-1.33
192172	-1.40
304388	-1.45
259272	-1.46
498185	-1.75
689399	-1.83
191569	-1.95
296178	-1.97
302855	-2.13
29659	-2.24
83803	-2.81
