89819	4.60
117263	3.41
361402	3.37
288718	3.20
24649	2.83
288444	2.76
83474	2.68
58934	2.60
316122	2.46
288480	2.44
363854	2.37
29374	2.36
362952	2.33
84509	2.22
298700	2.22
292028	2.12
245976	2.11
298712	2.07
361866	2.06
171350	2.03
406168	1.97
29565	1.92
29461	1.60
192255	1.57
29425	1.53
64527	1.52
282845	1.50
299809	1.31
361784	1.24
54318	1.21
288778	1.19
117526	1.14
304429	1.13
24829	1.12
84578	1.08
304278	1.07
365601	1.05
246146	1.00
24786	0.96
298517	0.95
498185	0.87
288615	0.83
81718	0.83
81663	0.79
317163	0.78
63868	0.75
89833	0.75
289878	0.72
25740	0.70
311833	0.69
83537	0.65
29668	0.62
296501	0.60
309626	0.57
113958	0.57
363633	0.52
60460	0.51
309790	0.49
79209	0.42
24799	0.41
288597	0.41
59329	0.36
305623	0.35
301240	0.31
24333	0.30
171361	0.28
25517	0.26
494445	0.24
83803	0.22
296178	0.19
303831	0.19
24669	0.19
65262	0.19
29580	0.15
29353	0.14
246281	0.13
83427	0.09
59102	0.09
65165	0.08
24790	0.05
56010	0.03
298942	0.01
500545	-0.01
689399	-0.06
25369	-0.06
29395	-0.07
29693	-0.07
124323	-0.08
298441	-0.10
25737	-0.11
288666	-0.14
364656	-0.15
114612	-0.16
117270	-0.17
300079	-0.18
54257	-0.18
94266	-0.22
81829	-0.22
24944	-0.22
681429	-0.25
24383	-0.26
83789	-0.28
363241	-0.29
64640	-0.31
64205	-0.32
24817	-0.33
362720	-0.34
685325	-0.36
287561	-0.37
293725	-0.37
84490	-0.38
24968	-0.39
25348	-0.43
29624	-0.44
64665	-0.47
691531	-0.47
25599	-0.47
24183	-0.48
140608	-0.48
60416	-0.49
83712	-0.49
191569	-0.54
64306	-0.54
361808	-0.54
80843	-0.54
245981	-0.56
81769	-0.59
83504	-0.61
83503	-0.61
24516	-0.62
100362640	-0.63
24651	-0.64
259272	-0.64
65144	-0.65
100912032	-0.66
65136	-0.67
81764	-0.68
81763	-0.72
192172	-0.77
685890	-0.78
25742	-0.81
24392	-0.82
81774	-0.82
24422	-0.84
114090	-0.85
292804	-0.87
360572	-0.91
297755	-0.93
312538	-0.94
54398	-1.02
64307	-1.03
60349	-1.03
24699	-1.05
497778	-1.05
84486	-1.06
28298	-1.07
29304	-1.09
24223	-1.10
192241	-1.19
294390	-1.21
140655	-1.24
246773	-1.24
29236	-1.25
25176	-1.26
29288	-1.35
29659	-1.36
122799	-1.39
116646	-1.42
29285	-1.45
25308	-1.46
304388	-1.78
406167	-1.92
81822	-1.95
302855	-2.04
117030	-2.07
64158	-2.15
