282845	1.65
64640	1.52
24829	1.52
305623	1.38
24183	1.35
89819	1.30
246281	1.18
25742	1.11
60416	1.10
24392	0.94
25308	0.87
288666	0.84
406168	0.83
24968	0.80
29353	0.78
58934	0.73
301240	0.72
24699	0.67
309790	0.66
94266	0.58
83712	0.56
60460	0.55
29565	0.53
361402	0.52
25599	0.50
296178	0.48
304278	0.47
122799	0.46
361784	0.45
29659	0.44
29461	0.43
140655	0.41
288498	0.41
364656	0.40
81663	0.39
498185	0.38
81763	0.38
288718	0.38
81769	0.37
311833	0.37
29624	0.34
246773	0.31
83537	0.31
100912032	0.30
316122	0.29
298700	0.29
298517	0.27
293725	0.25
192241	0.25
304388	0.25
25348	0.24
259272	0.23
289878	0.21
59102	0.20
114090	0.20
65262	0.15
81774	0.14
83789	0.12
288480	0.11
79209	0.10
298942	0.09
29285	0.08
681429	0.08
81829	0.07
84490	0.07
54318	0.06
113958	0.04
363241	0.04
24422	0.03
116646	0.03
246146	-0.01
83504	-0.01
361866	-0.01
54398	-0.02
29288	-0.02
117270	-0.02
81822	-0.04
304429	-0.05
29668	-0.05
362952	-0.05
192255	-0.06
124323	-0.07
296501	-0.08
288615	-0.09
64307	-0.10
24817	-0.12
24944	-0.12
65165	-0.14
117526	-0.14
28298	-0.15
294390	-0.15
89833	-0.15
29693	-0.15
287561	-0.17
191569	-0.18
29304	-0.18
245976	-0.19
65144	-0.19
24786	-0.20
292028	-0.21
83503	-0.22
303831	-0.22
81718	-0.23
63868	-0.24
691531	-0.26
297755	-0.26
25740	-0.27
317163	-0.27
292804	-0.27
64158	-0.28
83474	-0.30
24799	-0.30
65136	-0.30
300079	-0.33
80843	-0.34
360572	-0.34
64205	-0.35
171361	-0.36
81764	-0.38
363633	-0.38
24516	-0.39
84578	-0.43
64527	-0.43
24669	-0.43
29374	-0.45
299809	-0.47
365601	-0.49
83427	-0.50
406167	-0.52
25176	-0.53
100362640	-0.54
24383	-0.54
29580	-0.54
84509	-0.56
140608	-0.56
29425	-0.58
171350	-0.59
29236	-0.60
363854	-0.62
60349	-0.63
309626	-0.71
497778	-0.71
25369	-0.71
245981	-0.73
84486	-0.74
117263	-0.77
24223	-0.78
361808	-0.80
56010	-0.81
64665	-0.86
24790	-0.87
25517	-0.88
64306	-0.88
302855	-0.88
494445	-0.90
288444	-0.91
685325	-0.91
114612	-0.92
29395	-0.93
24333	-0.94
288778	-0.95
24649	-0.96
298712	-0.97
298441	-1.02
54257	-1.03
59329	-1.03
312538	-1.14
192172	-1.20
689399	-1.22
83803	-1.32
500545	-1.34
117030	-1.34
685890	-1.38
24651	-1.49
25737	-1.51
362720	-1.68
