113958	4.46
117263	3.34
64527	3.00
298712	2.83
25308	2.69
89819	2.60
25742	2.54
81769	2.24
81763	2.20
304278	2.16
364656	2.15
24786	2.12
63868	2.08
29304	2.06
83537	1.93
83503	1.86
288718	1.84
58934	1.81
25176	1.76
282845	1.74
140608	1.72
192255	1.67
25737	1.62
84490	1.60
497778	1.59
64665	1.48
304429	1.48
29288	1.40
24223	1.38
303831	1.32
298700	1.32
298942	1.31
24944	1.30
100912032	1.29
83504	1.28
25517	1.26
288666	1.24
65165	1.14
29624	1.13
288480	1.07
299809	1.05
65136	1.03
65144	0.99
362952	0.98
64158	0.97
117030	0.95
294390	0.93
64307	0.92
24333	0.91
29659	0.88
317163	0.88
288498	0.83
29395	0.82
124323	0.80
296501	0.79
29353	0.77
56010	0.76
301240	0.75
29668	0.75
24817	0.74
171350	0.72
59102	0.71
300079	0.70
83474	0.69
304388	0.67
81663	0.63
84509	0.60
29425	0.58
365601	0.55
494445	0.54
60416	0.54
246281	0.53
24516	0.52
289878	0.52
24422	0.51
360572	0.50
296178	0.50
64640	0.47
83712	0.44
54398	0.41
297755	0.40
309626	0.37
298517	0.37
288778	0.36
245976	0.36
500545	0.35
691531	0.35
116646	0.33
54318	0.31
81829	0.29
287561	0.29
361808	0.28
361866	0.27
81774	0.20
29565	0.20
302855	0.19
406168	0.19
114612	0.18
24651	0.17
94266	0.13
681429	0.12
191569	0.12
498185	0.12
140655	0.11
363241	0.11
298441	0.11
29236	0.10
29461	0.08
84486	0.07
60349	0.03
60460	0.02
29580	0.02
117270	0.01
89833	-0.03
24669	-0.06
288444	-0.07
288597	-0.09
24699	-0.12
100362640	-0.13
406167	-0.13
84578	-0.15
292028	-0.15
29374	-0.16
83803	-0.18
122799	-0.22
192172	-0.24
363633	-0.24
362720	-0.25
29285	-0.27
245981	-0.28
81764	-0.29
246146	-0.29
24383	-0.32
309790	-0.32
25348	-0.33
24649	-0.36
114090	-0.37
117526	-0.40
83789	-0.41
28298	-0.41
25599	-0.46
80843	-0.50
171361	-0.51
292804	-0.54
24392	-0.55
54257	-0.55
64205	-0.57
689399	-0.58
25369	-0.60
24968	-0.60
293725	-0.63
25740	-0.65
81718	-0.66
65262	-0.67
361784	-0.68
305623	-0.73
79209	-0.73
685325	-0.74
192241	-0.79
83427	-0.84
81822	-0.85
64306	-0.86
24790	-0.90
312538	-0.91
316122	-0.92
29693	-0.93
59329	-0.94
685890	-0.97
311833	-1.10
24829	-1.12
24183	-1.13
24799	-1.18
259272	-1.21
361402	-1.42
363854	-1.47
246773	-1.48
