25308	6.84
24669	4.91
364656	4.88
83503	3.95
29668	3.59
89819	3.43
84509	3.41
25176	3.38
29425	3.27
54318	2.85
304429	2.83
113958	2.79
192255	2.72
56010	2.48
361866	2.46
81769	2.39
192241	2.37
64527	2.37
681429	2.31
140608	2.05
117526	1.87
288444	1.84
24944	1.82
288480	1.81
84578	1.76
100912032	1.75
117030	1.73
298942	1.71
81822	1.69
81829	1.65
81718	1.63
83712	1.56
24786	1.50
25348	1.50
317163	1.49
24422	1.49
94266	1.49
117263	1.43
361808	1.41
685325	1.41
58934	1.40
298517	1.38
64158	1.34
288615	1.24
100362640	1.16
406168	1.13
316122	1.12
122799	1.02
65165	0.94
365601	0.93
64665	0.93
363241	0.93
64640	0.91
288597	0.84
24223	0.83
301240	0.83
171361	0.80
363854	0.80
24333	0.75
25737	0.75
83789	0.71
304278	0.71
691531	0.71
246146	0.70
297755	0.68
25369	0.68
81774	0.68
83537	0.62
24392	0.61
498185	0.56
81663	0.55
689399	0.53
54398	0.53
282845	0.51
500545	0.48
64306	0.48
59102	0.47
140655	0.45
29659	0.40
28298	0.39
65144	0.34
303831	0.34
65262	0.32
299809	0.30
29624	0.29
29285	0.25
24817	0.20
24383	0.19
298712	0.17
292804	0.13
79209	0.11
406167	0.11
117270	0.09
65136	0.08
245981	0.07
29236	0.05
287561	0.04
116646	0.01
114090	-0.01
29395	-0.01
63868	-0.01
24651	-0.02
24829	-0.02
288778	-0.03
362720	-0.03
304388	-0.03
29580	-0.05
29461	-0.06
361784	-0.06
84486	-0.07
289878	-0.08
64307	-0.10
60460	-0.10
25742	-0.10
29288	-0.11
29304	-0.13
288498	-0.14
24183	-0.21
494445	-0.27
246773	-0.29
29693	-0.29
60416	-0.33
360572	-0.34
80843	-0.36
29374	-0.38
83504	-0.40
60349	-0.41
288718	-0.44
83474	-0.46
24516	-0.48
497778	-0.55
302855	-0.56
81763	-0.60
25517	-0.60
300079	-0.61
293725	-0.61
191569	-0.63
305623	-0.72
296501	-0.75
25740	-0.80
64205	-0.84
54257	-0.85
25599	-0.89
81764	-0.91
83427	-0.91
362952	-0.98
89833	-0.99
298700	-0.99
311833	-1.00
294390	-1.01
296178	-1.02
24968	-1.02
114612	-1.03
246281	-1.06
309790	-1.06
298441	-1.09
685890	-1.12
124323	-1.18
59329	-1.29
29353	-1.33
309626	-1.35
24790	-1.43
259272	-1.44
363633	-1.46
361402	-1.49
312538	-1.58
171350	-1.58
84490	-1.82
292028	-1.83
24799	-1.95
24649	-1.96
83803	-2.00
24699	-2.04
245976	-2.37
192172	-2.50
29565	-3.23
