362952	8.37
298700	5.57
361808	5.43
361402	5.01
84509	4.99
292028	4.55
64527	4.51
65136	4.29
54318	4.23
299809	4.16
298441	4.01
171350	3.88
288480	3.87
100362640	3.85
29374	3.84
363241	3.82
360572	3.73
81763	3.53
100912032	3.51
81769	3.29
25737	3.26
29304	3.20
28298	3.16
63868	3.10
84490	3.05
494445	3.01
114612	2.97
309626	2.91
245981	2.90
298712	2.87
81774	2.83
83474	2.80
691531	2.71
363854	2.62
29668	2.60
81822	2.54
312538	2.53
94266	2.50
59102	2.48
363633	2.46
83427	2.44
29236	2.43
24383	2.39
681429	2.35
64307	2.34
300079	2.34
124323	2.31
122799	2.30
29288	2.27
296501	2.27
298517	2.22
117263	2.20
113958	2.16
245976	2.10
64205	2.09
83712	2.08
81764	2.07
317163	2.05
29565	2.04
116646	2.03
293725	1.99
83503	1.83
497778	1.74
25176	1.61
64306	1.60
361784	1.56
297755	1.54
25348	1.53
288718	1.51
171361	1.47
304429	1.45
288444	1.38
24333	1.37
246146	1.37
64640	1.36
58934	1.35
500545	1.34
56010	1.31
140655	1.24
29425	1.22
117526	1.22
288498	1.19
89819	1.19
65165	1.18
83537	1.17
80843	1.12
83803	1.03
60349	1.02
117030	1.00
60460	0.96
29693	0.87
29395	0.84
64158	0.83
24790	0.83
364656	0.80
24799	0.75
24786	0.68
29285	0.67
24669	0.61
24699	0.57
309790	0.50
296178	0.47
84578	0.41
685325	0.38
81829	0.37
288615	0.36
84486	0.36
685890	0.33
64665	0.31
362720	0.29
29461	0.28
114090	0.28
60416	0.24
24829	0.23
24944	0.21
25308	0.18
192172	0.17
302855	0.17
25599	0.13
83789	0.13
24422	0.13
289878	0.06
117270	0.03
24649	0.03
304278	0.02
288666	-0.03
24968	-0.06
287561	-0.06
24817	-0.06
259272	-0.07
311833	-0.09
192255	-0.11
65144	-0.18
24516	-0.18
65262	-0.20
689399	-0.21
406168	-0.22
83504	-0.24
24223	-0.25
81718	-0.26
292804	-0.26
29624	-0.27
24651	-0.28
25517	-0.28
25740	-0.31
29580	-0.32
24392	-0.32
301240	-0.36
294390	-0.37
365601	-0.37
89833	-0.44
29659	-0.45
316122	-0.52
246773	-0.52
191569	-0.53
59329	-0.63
192241	-0.68
246281	-0.70
140608	-0.75
54398	-0.78
25742	-0.79
304388	-0.83
81663	-0.83
79209	-0.88
361866	-0.90
25369	-0.91
29353	-0.94
288597	-0.95
24183	-0.96
305623	-1.01
303831	-1.17
406167	-1.18
54257	-1.26
298942	-1.30
282845	-1.45
498185	-1.66
