245976	9.09
362952	4.32
363633	3.50
29565	3.38
83537	3.20
288498	3.20
298700	3.15
117263	2.85
309626	2.84
361808	2.74
304278	2.56
192255	2.51
64527	2.51
83803	2.41
58934	2.27
24786	2.25
292028	2.23
84490	2.04
246146	2.01
24817	1.99
288444	1.95
29374	1.89
288615	1.84
114612	1.78
299809	1.73
83503	1.65
301240	1.54
80843	1.52
288778	1.51
29668	1.49
494445	1.43
361784	1.41
365601	1.36
685890	1.35
312538	1.27
361402	1.26
59102	1.20
54398	1.19
29425	1.08
246281	1.07
192172	1.06
63868	1.05
25369	0.97
81829	0.96
288480	0.95
24649	0.91
29693	0.91
25737	0.89
89819	0.88
25599	0.85
298712	0.85
24790	0.81
498185	0.79
24651	0.78
296501	0.71
113958	0.66
56010	0.65
29580	0.64
500545	0.62
296178	0.60
25517	0.60
84509	0.60
24333	0.56
300079	0.54
29659	0.53
64665	0.52
171350	0.52
363854	0.46
294390	0.42
288597	0.38
293725	0.38
84578	0.38
65144	0.35
81663	0.35
298942	0.28
65262	0.22
117526	0.19
24516	0.14
317163	0.14
59329	0.14
24944	0.14
54318	0.13
83474	0.12
81822	0.10
24799	0.08
140608	0.08
65136	0.06
81763	0.06
24422	0.04
685325	0.03
117030	0.01
297755	0.01
81764	-0.01
60349	-0.02
691531	-0.02
309790	-0.03
25176	-0.04
79209	-0.05
302855	-0.05
64640	-0.06
298517	-0.10
24968	-0.12
116646	-0.16
83504	-0.20
124323	-0.22
292804	-0.23
100912032	-0.23
24669	-0.24
316122	-0.28
81718	-0.29
298441	-0.29
406168	-0.31
24223	-0.31
64307	-0.32
25308	-0.35
117270	-0.35
25742	-0.37
54257	-0.40
25740	-0.42
288666	-0.44
28298	-0.45
282845	-0.48
24699	-0.48
311833	-0.50
259272	-0.50
25348	-0.50
362720	-0.63
29285	-0.64
287561	-0.64
64306	-0.66
64158	-0.66
363241	-0.67
304429	-0.68
171361	-0.68
289878	-0.68
191569	-0.69
24383	-0.71
83427	-0.71
24829	-0.72
360572	-0.77
303831	-0.79
64205	-0.80
29395	-0.80
305623	-0.82
83712	-0.88
81769	-0.92
192241	-0.93
84486	-0.96
60460	-0.97
29304	-0.99
245981	-1.02
29288	-1.03
60416	-1.04
65165	-1.04
29353	-1.05
81774	-1.12
29236	-1.12
140655	-1.12
100362640	-1.15
29624	-1.16
497778	-1.19
83789	-1.24
94266	-1.24
681429	-1.26
689399	-1.28
24183	-1.31
29461	-1.33
361866	-1.35
364656	-1.35
304388	-1.38
122799	-1.43
89833	-1.45
246773	-1.59
114090	-1.85
24392	-1.91
406167	-2.15
