29425	2.28
29461	1.85
24649	1.42
89819	1.21
24829	1.17
317163	1.10
117526	1.06
54318	1.05
58934	1.04
64640	1.04
122799	0.98
311833	0.96
171350	0.93
298700	0.92
60460	0.89
282845	0.84
140608	0.83
81769	0.77
25740	0.77
25517	0.75
288498	0.72
292028	0.69
83537	0.64
296501	0.60
25308	0.56
361402	0.54
64307	0.54
298942	0.53
29374	0.53
24651	0.53
288615	0.52
305623	0.52
100912032	0.52
24223	0.52
24422	0.51
83712	0.48
60416	0.47
24383	0.47
298712	0.46
65136	0.46
84578	0.43
81718	0.43
117270	0.41
29353	0.40
363633	0.40
288480	0.36
292804	0.35
24392	0.35
24669	0.34
298517	0.34
498185	0.33
360572	0.32
29624	0.31
361784	0.30
24799	0.27
84509	0.26
81822	0.26
100362640	0.26
59329	0.25
24944	0.25
59102	0.24
299809	0.24
114090	0.24
287561	0.22
293725	0.22
362720	0.21
288597	0.21
24817	0.21
24183	0.20
29580	0.19
25599	0.16
24786	0.15
294390	0.15
691531	0.14
171361	0.14
24699	0.14
245981	0.12
364656	0.11
54398	0.11
29565	0.10
24333	0.10
114612	0.08
298441	0.08
24968	0.08
83474	0.08
81764	0.07
29304	0.06
288778	0.06
79209	0.05
246281	0.05
113958	0.03
83504	0.03
685325	-0.01
362952	-0.01
406168	-0.01
25348	-0.02
84486	-0.03
64306	-0.04
83503	-0.04
81763	-0.04
116646	-0.08
288666	-0.08
25737	-0.08
83789	-0.09
304388	-0.09
65262	-0.10
494445	-0.10
29668	-0.11
303831	-0.12
60349	-0.12
288444	-0.12
301240	-0.13
117263	-0.16
29395	-0.20
316122	-0.22
192241	-0.23
25742	-0.23
81774	-0.23
363241	-0.26
296178	-0.28
83427	-0.28
94266	-0.30
29288	-0.30
363854	-0.30
29285	-0.31
80843	-0.32
297755	-0.36
361808	-0.37
81829	-0.38
300079	-0.38
309790	-0.38
497778	-0.39
83803	-0.40
84490	-0.41
29659	-0.41
81663	-0.41
312538	-0.42
304429	-0.43
64158	-0.44
689399	-0.44
24790	-0.44
304278	-0.45
124323	-0.46
64205	-0.49
361866	-0.51
259272	-0.51
65165	-0.51
24516	-0.52
63868	-0.56
681429	-0.56
245976	-0.57
64527	-0.61
685890	-0.61
29236	-0.63
64665	-0.65
25176	-0.66
28298	-0.67
288718	-0.68
192255	-0.71
365601	-0.72
246146	-0.72
246773	-0.79
54257	-0.83
56010	-0.88
500545	-0.89
309626	-1.03
117030	-1.04
140655	-1.05
191569	-1.13
302855	-1.13
25369	-1.14
192172	-1.21
65144	-1.24
406167	-1.25
29693	-1.32
89833	-1.68
