362952	7.62
117263	6.86
293725	6.76
299809	5.62
29374	5.45
298700	5.22
29565	4.92
361402	4.83
29668	4.56
288778	4.55
64205	4.40
83427	4.39
361808	4.02
64307	3.71
298517	3.67
114612	3.59
29236	3.57
245981	3.54
171350	3.50
300079	3.48
64306	3.42
81774	3.21
65262	3.20
81763	3.16
24649	3.08
81764	3.07
113958	2.96
29304	2.91
54318	2.83
297755	2.73
83474	2.63
24383	2.63
292804	2.63
29425	2.59
122799	2.57
100362640	2.50
360572	2.43
171361	2.41
84578	2.31
28298	2.30
84509	2.27
288718	2.23
65136	2.20
296501	2.17
29285	2.16
494445	2.16
288498	2.12
245976	2.09
24333	2.07
81829	2.07
83789	2.05
288480	2.04
24968	1.98
303831	1.98
80843	1.92
81822	1.90
64527	1.87
681429	1.82
100912032	1.81
246146	1.79
363241	1.78
83503	1.73
81769	1.73
24790	1.71
140655	1.65
24223	1.65
25737	1.60
363854	1.55
497778	1.54
124323	1.54
294390	1.51
29580	1.51
29288	1.43
94266	1.39
312538	1.32
29395	1.27
117526	1.27
65165	1.24
63868	1.23
116646	1.23
89819	1.20
83712	1.19
304278	1.12
24829	1.07
25176	1.03
296178	1.02
84486	1.02
287561	1.02
84490	1.01
56010	1.01
298441	0.96
361784	0.95
64158	0.92
298942	0.89
192241	0.88
25348	0.83
302855	0.72
83803	0.71
289878	0.69
29693	0.66
60416	0.63
363633	0.60
64665	0.60
192255	0.58
288444	0.57
298712	0.53
365601	0.52
25599	0.49
309626	0.48
192172	0.48
60349	0.40
25517	0.40
64640	0.32
24786	0.27
311833	0.25
301240	0.24
191569	0.22
29659	0.17
59102	0.16
24669	0.13
364656	0.12
691531	0.07
25369	0.06
24799	0.04
317163	0.04
58934	0.03
406168	0.01
59329	-0.00
24699	-0.01
309790	-0.04
288615	-0.15
498185	-0.17
685890	-0.20
24516	-0.20
288597	-0.21
500545	-0.21
24392	-0.23
81663	-0.23
282845	-0.27
29624	-0.27
689399	-0.28
29461	-0.28
24422	-0.28
24944	-0.29
79209	-0.30
54257	-0.33
114090	-0.38
25742	-0.42
316122	-0.43
117270	-0.43
140608	-0.43
81718	-0.44
24183	-0.50
83504	-0.52
24651	-0.55
259272	-0.67
305623	-0.67
89833	-0.68
117030	-0.68
25740	-0.72
60460	-0.73
362720	-0.82
24817	-0.97
54398	-1.07
25308	-1.08
685325	-1.19
29353	-1.21
246281	-1.23
246773	-1.28
65144	-1.40
304388	-1.50
361866	-1.57
304429	-1.58
83537	-1.61
288666	-1.83
406167	-1.98
