64205	23.64
83427	21.29
29285	17.59
29304	16.22
140655	16.14
81774	15.87
100362640	15.81
29288	15.50
100912032	15.44
81763	15.18
300079	14.70
28298	14.44
65136	14.44
363241	13.71
64307	13.28
297755	13.06
293725	12.99
360572	12.85
245981	12.73
94266	12.55
64306	12.46
25348	12.05
124323	11.93
691531	11.76
81764	11.46
122799	10.72
29565	10.58
171361	9.98
83789	9.51
81769	9.10
116646	8.07
64640	6.58
298700	6.46
171350	6.07
681429	5.67
362952	5.33
29374	4.53
299809	4.48
361808	3.68
292028	3.57
192241	3.51
192172	3.37
361784	3.34
113958	3.29
58934	3.27
83503	3.20
84509	3.14
29425	3.08
24790	2.55
59102	2.50
80843	2.47
117030	2.44
288778	2.43
25176	2.42
64527	2.35
65165	2.32
312538	2.21
114612	2.19
140608	2.11
361402	2.07
25308	2.00
24333	1.97
84486	1.90
298441	1.84
64158	1.81
54318	1.60
25737	1.56
83712	1.53
298517	1.52
304278	1.32
364656	1.30
500545	1.29
301240	1.26
497778	1.22
288480	1.19
24968	1.10
83474	1.10
117263	1.03
24383	1.03
89819	0.99
81822	0.93
303831	0.87
25742	0.86
29395	0.84
296501	0.82
365601	0.80
24786	0.77
84578	0.75
24223	0.75
246146	0.70
363854	0.67
292804	0.66
29624	0.65
24669	0.61
302855	0.61
81829	0.60
64665	0.60
24829	0.59
63868	0.57
25369	0.55
60349	0.55
304429	0.52
245976	0.51
317163	0.49
65262	0.45
304388	0.45
117270	0.43
689399	0.34
29353	0.31
25599	0.28
89833	0.24
362720	0.23
494445	0.22
309626	0.20
685325	0.19
24817	0.18
59329	0.17
24799	0.16
498185	0.16
191569	0.12
117526	0.12
294390	0.11
288615	0.10
246773	0.10
288666	0.05
24699	0.02
83803	0.01
24422	-0.01
287561	-0.02
83504	-0.07
84490	-0.12
24944	-0.13
81663	-0.18
259272	-0.20
192255	-0.20
296178	-0.21
24516	-0.24
24649	-0.25
685890	-0.28
81718	-0.32
298712	-0.32
60416	-0.37
54257	-0.37
29668	-0.42
25517	-0.52
60460	-0.54
29461	-0.56
311833	-0.56
24651	-0.59
54398	-0.59
288597	-0.60
83537	-0.62
289878	-0.63
65144	-0.64
29659	-0.67
406168	-0.70
114090	-0.78
29580	-0.88
288444	-0.88
24392	-0.95
246281	-0.96
406167	-0.98
79209	-0.99
363633	-1.07
56010	-1.09
282845	-1.11
288718	-1.12
298942	-1.17
288498	-1.25
316122	-1.27
24183	-1.28
309790	-1.38
25740	-1.42
29693	-1.54
361866	-1.66
305623	-2.50
