24383	12.31
24333	9.54
65262	7.27
81829	6.50
192241	5.18
24183	4.66
60416	4.05
298517	3.74
24651	3.57
288480	3.02
29565	2.90
298942	2.88
140608	2.80
56010	2.66
64665	2.63
292028	2.63
301240	2.58
293725	2.48
81822	2.37
64205	2.13
84578	2.12
83712	2.09
29353	2.08
192255	2.07
192172	2.02
54398	1.95
25176	1.90
29580	1.87
24799	1.79
117263	1.77
83789	1.67
363633	1.63
29693	1.45
81764	1.42
63868	1.40
117030	1.38
25740	1.38
300079	1.35
312538	1.30
83427	1.26
24786	1.21
100362640	1.19
84486	1.19
24392	1.11
406168	1.08
24669	1.06
362952	0.97
29461	0.97
296501	0.93
685325	0.90
114612	0.89
497778	0.85
29668	0.84
298700	0.83
25308	0.83
305623	0.83
84490	0.80
246773	0.74
64158	0.68
364656	0.68
246146	0.68
29236	0.66
362720	0.66
29285	0.64
81774	0.63
116646	0.63
171350	0.57
406167	0.54
303831	0.52
171361	0.52
299809	0.51
288444	0.50
24422	0.48
245981	0.45
361808	0.42
117270	0.42
83803	0.41
245976	0.40
29659	0.36
81663	0.36
289878	0.35
80843	0.32
140655	0.32
28298	0.27
25348	0.25
25599	0.23
191569	0.22
304388	0.21
24944	0.20
288666	0.13
296178	0.12
29624	0.10
29425	0.06
24649	0.06
25369	0.05
59329	0.04
64306	0.03
498185	0.01
24817	0.00
65144	-0.00
360572	-0.02
29395	-0.02
84509	-0.05
89833	-0.08
64527	-0.08
24516	-0.10
81769	-0.10
302855	-0.11
25742	-0.11
81763	-0.13
311833	-0.15
689399	-0.17
65165	-0.18
94266	-0.19
114090	-0.21
288718	-0.23
25737	-0.23
60460	-0.24
288778	-0.26
500545	-0.27
288597	-0.27
297755	-0.28
60349	-0.29
691531	-0.32
494445	-0.36
24223	-0.36
83537	-0.37
25517	-0.38
24968	-0.38
122799	-0.38
83504	-0.42
29374	-0.44
304278	-0.46
24699	-0.48
64307	-0.48
83503	-0.49
288615	-0.54
361402	-0.62
54257	-0.62
29304	-0.65
246281	-0.69
309790	-0.69
361866	-0.71
363854	-0.84
685890	-0.85
288498	-0.87
59102	-0.88
100912032	-0.90
65136	-0.91
113958	-0.93
64640	-0.94
681429	-0.95
29288	-0.96
24790	-1.01
304429	-1.07
287561	-1.09
54318	-1.15
298441	-1.16
363241	-1.19
298712	-1.20
282845	-1.24
294390	-1.31
24829	-1.31
117526	-1.33
124323	-1.35
83474	-1.43
361784	-1.47
365601	-1.50
89819	-1.62
79209	-1.77
316122	-1.95
309626	-1.97
81718	-1.97
259272	-2.08
317163	-2.50
58934	-3.05
