140655	18.79
29236	17.59
64205	17.01
81774	17.01
94266	16.70
28298	16.58
64306	16.36
25348	16.21
245981	14.98
691531	14.40
100912032	14.01
64307	13.78
83427	13.53
360572	13.47
29288	13.22
65136	13.04
29304	12.99
122799	12.20
81763	12.17
124323	11.90
81769	11.60
100362640	11.47
297755	11.08
81764	10.67
363241	10.04
300079	9.76
293725	8.85
64640	8.01
29565	7.33
116646	7.07
171361	6.81
298700	6.68
83789	6.56
83503	5.70
192241	4.89
361808	4.85
171350	4.70
140608	4.32
681429	4.29
64527	4.05
25308	3.97
361784	3.85
29425	3.60
113958	3.59
58934	2.93
84509	2.81
362952	2.73
29374	2.66
24786	2.58
192172	2.52
364656	2.38
299809	2.35
117030	2.31
292028	2.16
298517	2.15
246146	2.04
89819	1.97
24333	1.77
54318	1.71
114612	1.70
361402	1.66
24223	1.42
301240	1.39
24790	1.39
81822	1.27
312538	1.24
80843	1.24
84486	1.21
24383	1.16
245976	1.15
25742	1.12
309626	1.12
24968	1.11
494445	1.00
25176	0.92
117270	0.91
59102	0.86
24944	0.86
288480	0.84
84578	0.83
192255	0.82
25737	0.80
65165	0.75
25599	0.74
29624	0.72
304429	0.71
288778	0.67
292804	0.64
25369	0.63
303831	0.61
298441	0.59
64665	0.51
363854	0.50
89833	0.47
24817	0.44
60349	0.41
191569	0.38
24699	0.36
304388	0.33
29395	0.31
54257	0.31
685890	0.29
64158	0.29
59329	0.28
83537	0.28
117526	0.25
288666	0.25
81829	0.20
259272	0.18
500545	0.18
24799	0.18
317163	0.15
288597	0.08
114090	0.03
24829	0.02
83712	0.00
362720	-0.01
24422	-0.03
83474	-0.04
24651	-0.07
689399	-0.12
81663	-0.12
304278	-0.13
117263	-0.14
60460	-0.15
246773	-0.16
406167	-0.17
685325	-0.17
302855	-0.17
298712	-0.19
497778	-0.24
29353	-0.26
288615	-0.27
311833	-0.27
498185	-0.27
294390	-0.28
24669	-0.29
289878	-0.31
29668	-0.33
54398	-0.38
365601	-0.40
296178	-0.40
246281	-0.41
81718	-0.43
83803	-0.44
406168	-0.45
287561	-0.45
361866	-0.52
29461	-0.52
24516	-0.52
24392	-0.53
79209	-0.63
288718	-0.64
24649	-0.66
29580	-0.73
60416	-0.74
65262	-0.76
25517	-0.81
29659	-0.82
309790	-0.87
83504	-0.88
316122	-0.89
288444	-0.90
296501	-0.92
56010	-0.96
84490	-0.98
363633	-1.05
65144	-1.08
25740	-1.28
298942	-1.30
63868	-1.39
288498	-1.45
305623	-1.47
24183	-1.49
29693	-1.83
282845	-2.27
