29304	21.23
360572	19.84
81763	19.64
100912032	17.70
297755	17.70
81774	17.43
64307	16.61
28298	16.41
65136	16.15
29236	15.50
100362640	15.10
83427	14.99
363241	14.97
140655	14.56
300079	14.54
124323	14.19
94266	14.16
245981	13.30
64205	13.28
29285	13.22
691531	12.72
25348	12.47
81764	12.20
64306	12.16
122799	11.56
171361	11.26
81769	10.87
116646	10.56
64640	10.40
293725	8.13
29565	7.56
171350	6.48
29374	6.22
681429	6.16
298700	5.93
58934	5.55
83789	5.45
299809	4.95
362952	4.07
84509	3.85
83474	3.48
361784	3.31
25308	3.25
192241	3.17
54318	3.08
25737	3.02
89819	3.00
361808	2.86
83503	2.69
298441	2.49
83712	2.38
288778	2.27
24786	2.11
113958	2.11
59102	2.10
29668	2.06
64527	1.99
24790	1.98
114612	1.95
317163	1.71
25176	1.69
298712	1.65
65165	1.65
29425	1.64
24223	1.46
63868	1.44
292028	1.43
303831	1.40
288615	1.40
84486	1.39
192172	1.36
296501	1.31
245976	1.31
304429	1.31
140608	1.28
117030	1.12
29395	1.09
363854	1.01
117263	0.99
24968	0.98
497778	0.96
288480	0.94
24333	0.94
294390	0.94
25742	0.93
361402	0.92
24669	0.90
24944	0.89
64158	0.87
24383	0.86
80843	0.75
117270	0.74
365601	0.74
364656	0.73
29624	0.66
298517	0.61
24422	0.59
298942	0.56
192255	0.52
81718	0.49
24829	0.47
296178	0.45
309626	0.38
60349	0.36
312538	0.34
259272	0.33
59329	0.32
25369	0.29
191569	0.29
689399	0.25
24699	0.25
494445	0.25
24649	0.22
685890	0.16
24516	0.10
301240	0.10
24799	0.04
60460	-0.01
500545	-0.02
288597	-0.02
25517	-0.03
362720	-0.07
114090	-0.07
25599	-0.07
287561	-0.07
304388	-0.08
288666	-0.11
498185	-0.19
89833	-0.19
83803	-0.19
79209	-0.21
311833	-0.21
29353	-0.23
685325	-0.25
64665	-0.25
81822	-0.25
288444	-0.26
56010	-0.28
289878	-0.30
84490	-0.33
60416	-0.40
83537	-0.46
24651	-0.47
65262	-0.49
81663	-0.50
246281	-0.52
302855	-0.52
24817	-0.55
282845	-0.56
54257	-0.58
117526	-0.59
83504	-0.66
29461	-0.68
24392	-0.69
361866	-0.72
246773	-0.74
29659	-0.77
84578	-0.84
316122	-0.84
292804	-0.96
406168	-0.97
363633	-0.98
288718	-1.03
25740	-1.10
29693	-1.12
309790	-1.15
81829	-1.18
304278	-1.20
29580	-1.29
406167	-1.34
246146	-1.35
288498	-1.35
65144	-1.44
305623	-1.53
54398	-1.72
24183	-1.94
