81763	21.75
29288	21.23
100912032	20.01
81774	18.53
65136	18.48
100362640	18.36
300079	16.92
83427	16.79
29236	16.22
64307	16.17
245981	16.03
297755	15.69
360572	15.67
28298	15.47
140655	14.92
124323	14.72
363241	14.68
81764	14.37
64205	14.29
94266	13.32
64306	13.03
81769	12.99
29285	12.99
293725	12.09
171361	11.72
122799	11.51
25348	11.36
691531	10.87
116646	9.48
298700	8.53
29565	8.52
64640	7.79
171350	7.35
29374	6.19
83789	5.67
299809	5.66
362952	5.16
681429	4.89
84509	4.83
58934	4.29
25308	4.16
361784	3.46
24786	3.31
192241	3.25
64527	3.21
288778	3.20
25737	3.14
54318	3.05
113958	2.97
361808	2.97
292028	2.91
65165	2.82
89819	2.78
83474	2.76
83503	2.69
298441	2.53
59102	2.32
29425	2.28
25176	2.20
117263	2.13
63868	2.10
288615	2.06
317163	1.99
24223	1.97
140608	1.93
29668	1.92
114612	1.91
24790	1.91
83712	1.83
298517	1.78
298712	1.75
497778	1.58
312538	1.58
303831	1.50
494445	1.45
25742	1.32
117270	1.21
117030	1.21
24968	1.19
288480	1.11
29624	1.10
24699	1.06
361402	1.01
296501	0.98
24944	0.95
80843	0.91
60349	0.89
192172	0.88
29395	0.86
294390	0.85
24383	0.84
64158	0.80
81822	0.79
24333	0.76
24649	0.75
302855	0.70
84490	0.66
364656	0.60
192255	0.56
59329	0.56
24799	0.53
84486	0.52
365601	0.52
24669	0.49
309626	0.44
81718	0.43
60416	0.36
304429	0.34
25599	0.33
309790	0.28
29353	0.27
83803	0.26
29659	0.26
60460	0.24
685890	0.23
64665	0.21
363854	0.20
117526	0.16
282845	0.12
65262	0.07
289878	0.06
689399	0.05
24829	0.02
24422	0.02
191569	-0.01
301240	-0.04
500545	-0.07
89833	-0.09
24516	-0.11
84578	-0.13
288666	-0.13
25369	-0.15
288597	-0.18
245976	-0.18
114090	-0.23
287561	-0.29
304388	-0.34
362720	-0.35
56010	-0.35
288444	-0.40
311833	-0.44
259272	-0.45
81829	-0.48
24817	-0.52
25740	-0.53
24392	-0.56
54257	-0.59
29461	-0.64
83504	-0.65
292804	-0.65
406167	-0.68
81663	-0.68
498185	-0.71
363633	-0.72
25517	-0.76
304278	-0.76
79209	-0.77
246773	-0.80
298942	-0.80
24651	-0.83
246281	-0.84
296178	-0.84
83537	-0.86
288718	-0.99
406168	-1.06
288498	-1.09
65144	-1.16
685325	-1.23
29580	-1.24
246146	-1.43
29693	-1.45
361866	-1.46
316122	-1.65
54398	-1.67
24183	-2.03
305623	-2.64
