24383	2.54
24799	2.29
24183	2.20
292804	2.08
192172	1.97
305623	1.85
24392	1.78
29624	1.75
81829	1.50
685325	1.16
298517	1.05
246773	1.03
83503	0.99
192241	0.95
25742	0.94
60460	0.82
288597	0.78
59102	0.78
65262	0.78
288615	0.77
81663	0.74
83537	0.74
54398	0.71
29425	0.69
312538	0.66
297755	0.54
191569	0.54
140608	0.54
29693	0.50
246281	0.41
289878	0.40
64205	0.34
304278	0.32
29236	0.31
114090	0.28
64640	0.27
29304	0.27
24699	0.27
406168	0.26
64306	0.24
24968	0.23
25740	0.23
362720	0.22
301240	0.21
25369	0.21
64307	0.21
83789	0.18
282845	0.17
361866	0.15
288498	0.14
288480	0.14
681429	0.13
117270	0.11
83803	0.09
54257	0.08
304388	0.08
498185	0.03
113958	0.02
29580	0.02
192255	0.01
303831	0.01
117263	0.00
83712	-0.01
100362640	-0.03
81764	-0.03
65165	-0.06
116646	-0.06
294390	-0.07
25517	-0.08
304429	-0.08
84578	-0.09
309790	-0.09
311833	-0.09
83474	-0.10
122799	-0.11
25599	-0.11
65144	-0.12
365601	-0.15
299809	-0.15
298441	-0.16
24817	-0.17
497778	-0.17
83427	-0.19
24786	-0.20
81763	-0.21
140655	-0.21
298700	-0.22
29288	-0.23
89833	-0.25
29285	-0.26
24516	-0.27
24422	-0.30
406167	-0.30
65136	-0.33
298942	-0.36
29395	-0.36
25737	-0.37
691531	-0.37
24223	-0.40
296178	-0.40
298712	-0.40
302855	-0.41
689399	-0.41
124323	-0.41
24649	-0.43
245981	-0.47
363241	-0.48
28298	-0.48
56010	-0.49
84490	-0.50
117030	-0.50
81774	-0.50
24790	-0.51
81822	-0.56
296501	-0.59
24669	-0.60
29461	-0.63
361402	-0.65
64158	-0.68
360572	-0.70
363633	-0.72
114612	-0.72
84486	-0.73
293725	-0.75
25348	-0.75
63868	-0.78
94266	-0.78
24944	-0.78
60349	-0.78
83504	-0.79
316122	-0.80
84509	-0.80
24651	-0.82
59329	-0.84
171361	-0.84
362952	-0.84
500545	-0.85
300079	-0.85
363854	-0.86
117526	-0.86
245976	-0.90
246146	-0.93
29565	-0.93
288778	-0.94
100912032	-0.95
89819	-0.96
54318	-0.97
364656	-0.98
80843	-0.98
29668	-0.99
29659	-0.99
24333	-1.00
288718	-1.05
29374	-1.05
259272	-1.05
287561	-1.06
288444	-1.07
81718	-1.10
60416	-1.14
361784	-1.20
292028	-1.21
64527	-1.25
24829	-1.25
79209	-1.27
64665	-1.27
494445	-1.33
288666	-1.33
361808	-1.33
171350	-1.36
58934	-1.36
25308	-1.38
81769	-1.43
685890	-1.62
25176	-1.63
309626	-1.84
317163	-2.13
