64205	14.86
83427	13.09
29236	12.99
81774	12.41
100362640	12.27
29565	12.13
29304	12.09
100912032	11.38
245981	11.33
300079	11.08
81763	10.88
64307	10.67
81764	10.27
65136	9.84
297755	9.76
140655	9.71
28298	8.93
363241	8.93
29285	8.85
64306	8.70
171361	8.50
360572	8.28
29288	8.13
298700	7.83
122799	7.66
81769	7.65
124323	7.56
94266	7.37
116646	6.80
292028	6.76
83789	6.58
25348	6.39
691531	6.35
171350	5.79
362952	5.67
299809	4.80
84509	4.25
29374	4.18
361808	3.93
681429	3.92
64640	3.70
65165	3.16
29425	2.82
80843	2.74
64527	2.67
117263	2.61
288480	2.60
292804	2.48
54318	2.38
83712	2.37
113958	2.31
192241	2.16
303831	2.16
65262	2.15
114612	2.10
83503	2.08
288778	1.99
312538	1.98
361784	1.89
81822	1.85
64158	1.81
29668	1.74
192255	1.74
361402	1.67
192172	1.52
140608	1.46
24383	1.43
298517	1.40
24333	1.40
24790	1.37
81829	1.32
117270	1.24
59102	1.20
24649	1.20
25308	1.19
497778	1.09
63868	1.02
24669	1.00
60416	0.95
364656	0.92
25176	0.82
59329	0.81
298441	0.79
83474	0.78
84578	0.77
24392	0.77
24799	0.76
24786	0.76
282845	0.76
25737	0.75
362720	0.74
117030	0.71
296501	0.69
58934	0.67
24829	0.66
84486	0.63
363854	0.60
25599	0.59
60349	0.59
24968	0.55
494445	0.51
84490	0.50
64665	0.48
81663	0.48
89819	0.47
117526	0.41
317163	0.40
29580	0.40
246146	0.39
288718	0.38
302855	0.37
56010	0.35
294390	0.27
288597	0.25
289878	0.22
83803	0.20
24183	0.19
24699	0.15
500545	0.13
24223	0.13
309626	0.10
29395	0.03
25740	0.03
25517	-0.00
287561	-0.02
25742	-0.03
301240	-0.04
24516	-0.08
406168	-0.11
29659	-0.12
365601	-0.14
29624	-0.15
54398	-0.17
298942	-0.19
25369	-0.22
498185	-0.24
689399	-0.26
309790	-0.28
298712	-0.29
363633	-0.30
685890	-0.33
114090	-0.35
288498	-0.37
288444	-0.43
24651	-0.45
24817	-0.50
60460	-0.51
29461	-0.53
304278	-0.55
304388	-0.56
311833	-0.56
24944	-0.58
259272	-0.58
304429	-0.59
288666	-0.61
24422	-0.62
288615	-0.63
89833	-0.65
246773	-0.66
316122	-0.69
305623	-0.72
29353	-0.75
296178	-0.80
191569	-0.82
65144	-0.93
29693	-0.94
83504	-0.94
79209	-1.16
54257	-1.19
685325	-1.20
245976	-1.36
406167	-1.44
246281	-1.44
81718	-1.90
83537	-1.94
361866	-2.13
