299809	15.52
362952	9.03
298700	8.22
83427	6.81
363241	6.81
84509	6.63
54318	6.47
63868	6.28
29288	6.22
29304	6.19
81763	5.87
117263	5.61
292028	5.45
300079	5.44
29565	5.35
288444	5.33
297755	5.27
83474	5.20
171361	5.04
65136	4.96
29668	4.74
245981	4.62
29236	4.53
58934	4.39
29425	4.37
64307	4.33
361402	4.28
303831	4.28
81764	4.26
293725	4.18
81774	4.12
361808	4.06
24786	3.88
288778	3.84
124323	3.79
246146	3.79
360572	3.78
64205	3.69
83712	3.65
25737	3.52
100912032	3.50
296501	3.42
28298	3.38
140655	3.34
100362640	3.12
691531	3.07
89819	2.97
171350	2.91
361784	2.88
298441	2.83
288480	2.71
65165	2.67
81769	2.66
29285	2.66
94266	2.55
681429	2.43
288498	2.36
245976	2.35
122799	2.35
365601	2.25
317163	2.20
494445	2.06
116646	2.06
64306	2.04
65262	1.94
288718	1.89
64640	1.89
114612	1.83
363854	1.82
83789	1.79
117526	1.71
56010	1.53
25348	1.50
24649	1.47
81822	1.47
60416	1.43
24669	1.38
282845	1.29
64665	1.24
192255	1.22
81718	1.07
298942	1.02
84578	0.99
64158	0.96
294390	0.95
59102	0.94
304429	0.89
24333	0.89
89833	0.89
117030	0.87
298712	0.83
24829	0.76
84486	0.74
79209	0.74
25176	0.73
259272	0.64
24968	0.62
60460	0.56
289878	0.53
24944	0.52
287561	0.42
316122	0.40
363633	0.38
24790	0.38
59329	0.36
25308	0.36
497778	0.33
406168	0.24
305623	0.21
24699	0.17
25517	0.15
311833	0.15
246281	0.14
113958	0.14
25740	0.11
364656	0.11
25369	0.11
192241	0.07
312538	0.06
361866	0.05
29580	0.04
25599	0.02
80843	0.02
83503	-0.03
298517	-0.08
309626	-0.11
288615	-0.16
24516	-0.16
84490	-0.18
29461	-0.21
29624	-0.23
25742	-0.25
29693	-0.25
64527	-0.26
24223	-0.32
24799	-0.32
83504	-0.33
309790	-0.37
288666	-0.38
60349	-0.39
29395	-0.40
117270	-0.42
685325	-0.42
292804	-0.44
288597	-0.45
500545	-0.45
689399	-0.46
24392	-0.55
192172	-0.55
24422	-0.57
29659	-0.58
304278	-0.67
304388	-0.69
498185	-0.78
24383	-0.78
191569	-0.81
114090	-0.85
296178	-0.87
54257	-0.88
83803	-0.90
65144	-0.97
246773	-0.97
29353	-1.05
362720	-1.08
685890	-1.12
83537	-1.17
301240	-1.19
406167	-1.22
302855	-1.24
140608	-1.35
81829	-1.37
24817	-1.62
24651	-1.64
24183	-1.91
81663	-2.04
54398	-2.43
