25737	5.61
362720	5.01
689399	4.92
500545	4.87
298441	3.82
497778	3.52
312538	3.47
296501	3.24
59102	3.24
84490	2.48
296178	2.09
494445	2.07
114612	1.95
116646	1.93
81822	1.92
24669	1.77
363854	1.75
84509	1.66
171350	1.59
300079	1.43
171361	1.41
24790	1.40
361808	1.35
25348	1.31
83789	1.30
681429	1.28
292028	1.27
360572	1.22
100362640	1.21
81763	1.21
25369	1.18
122799	1.18
24968	1.16
83803	1.16
124323	1.12
29288	1.09
83712	1.07
140655	1.06
64306	1.04
64205	1.02
294390	1.00
24516	0.96
64527	0.91
83427	0.88
24649	0.88
24699	0.87
29304	0.86
28298	0.85
288778	0.84
29236	0.84
288615	0.82
361784	0.81
65136	0.80
25599	0.79
63868	0.73
24392	0.73
302855	0.71
363241	0.71
245981	0.70
83474	0.68
64158	0.65
54318	0.62
298942	0.57
60416	0.56
79209	0.56
117030	0.55
25176	0.54
297755	0.54
81769	0.50
117270	0.49
84486	0.45
94266	0.44
192172	0.44
309790	0.43
298712	0.42
691531	0.42
24829	0.41
83537	0.37
64307	0.37
498185	0.34
60349	0.33
100912032	0.33
362952	0.32
117263	0.32
29285	0.31
65165	0.24
54398	0.24
245976	0.24
298517	0.22
80843	0.20
24944	0.19
29565	0.17
81764	0.17
299809	0.16
25740	0.15
303831	0.12
81774	0.12
406167	0.04
293725	0.03
282845	0.03
246281	0.02
363633	0.01
317163	-0.01
288666	-0.01
292804	-0.02
24223	-0.03
259272	-0.05
685890	-0.05
81663	-0.05
288498	-0.07
83503	-0.07
304429	-0.09
29668	-0.14
58934	-0.14
29461	-0.15
24817	-0.16
361866	-0.18
59329	-0.18
192255	-0.19
304388	-0.20
289878	-0.20
113958	-0.21
24383	-0.23
29580	-0.23
25308	-0.24
89833	-0.24
89819	-0.25
25742	-0.26
304278	-0.27
56010	-0.27
309626	-0.27
24651	-0.28
84578	-0.28
24333	-0.31
83504	-0.32
64640	-0.32
81829	-0.32
25517	-0.34
60460	-0.35
29353	-0.36
192241	-0.37
65144	-0.37
29624	-0.38
311833	-0.40
29374	-0.40
191569	-0.41
117526	-0.42
298700	-0.43
364656	-0.45
287561	-0.46
301240	-0.49
365601	-0.52
114090	-0.55
65262	-0.57
54257	-0.58
246773	-0.59
24183	-0.60
64665	-0.67
316122	-0.71
24786	-0.72
29659	-0.80
288718	-0.80
288444	-0.84
685325	-0.92
288597	-0.93
288480	-0.94
24422	-1.06
24799	-1.07
81718	-1.11
140608	-1.11
29693	-1.17
29425	-1.20
305623	-1.21
246146	-1.27
361402	-1.48
406168	-1.69
