84509	6.80
117263	6.62
29668	6.50
83503	5.45
192241	5.40
361808	5.31
81769	5.15
113958	5.05
140608	4.69
298700	4.37
29374	4.37
24786	4.30
363241	4.28
24383	4.17
288480	4.07
81829	4.00
64527	3.84
299809	3.77
64306	3.74
681429	3.74
29285	3.60
246146	3.50
83427	3.45
81774	3.30
288666	3.27
298517	3.20
140655	3.10
29236	3.08
192255	3.06
54318	2.88
245981	2.83
293725	2.82
364656	2.72
81764	2.68
100912032	2.64
65136	2.64
691531	2.60
301240	2.60
292028	2.59
362952	2.57
65262	2.50
64158	2.49
297755	2.46
64307	2.45
25348	2.34
289878	2.28
29304	2.28
56010	2.25
100362640	2.21
64205	2.19
25308	2.15
28298	2.13
361402	2.11
83474	2.08
124323	2.05
89819	1.97
117030	1.89
24333	1.81
29288	1.64
64640	1.64
685325	1.58
288444	1.53
288498	1.53
406168	1.39
122799	1.38
29580	1.37
298942	1.36
360572	1.31
361784	1.31
25176	1.28
81763	1.24
288778	1.22
58934	1.19
94266	1.15
65165	1.15
25369	1.13
288718	1.08
117270	0.99
64665	0.99
29565	0.89
117526	0.87
116646	0.85
81822	0.81
287561	0.80
300079	0.79
63868	0.78
494445	0.73
246773	0.73
29353	0.69
24968	0.65
83789	0.65
304429	0.62
288615	0.58
84578	0.57
192172	0.55
80843	0.52
24649	0.47
304388	0.42
361866	0.39
89833	0.33
59102	0.32
317163	0.31
83504	0.31
497778	0.29
83712	0.27
689399	0.27
24669	0.25
24829	0.23
24944	0.21
24699	0.20
312538	0.19
24422	0.15
25517	0.13
29461	0.13
292804	0.06
171350	0.04
59329	0.04
29693	0.03
171361	-0.01
24223	-0.01
81718	-0.01
246281	-0.08
54398	-0.10
25737	-0.12
365601	-0.14
24183	-0.16
60349	-0.23
24392	-0.23
60460	-0.24
362720	-0.26
84490	-0.27
296501	-0.28
24516	-0.29
498185	-0.29
25599	-0.31
363854	-0.35
298441	-0.38
114090	-0.40
25742	-0.41
191569	-0.43
500545	-0.43
303831	-0.44
29624	-0.44
24799	-0.46
311833	-0.49
245976	-0.50
65144	-0.52
363633	-0.52
60416	-0.55
79209	-0.55
24817	-0.56
288597	-0.58
316122	-0.61
282845	-0.64
304278	-0.86
25740	-0.88
24790	-0.90
24651	-0.95
309626	-0.99
84486	-1.00
83537	-1.00
302855	-1.04
29395	-1.20
29659	-1.23
81663	-1.24
259272	-1.27
406167	-1.31
296178	-1.39
309790	-1.40
294390	-1.64
298712	-1.65
83803	-1.72
114612	-1.81
685890	-1.97
54257	-2.03
305623	-2.40
