298712	4.52
303831	3.48
365601	2.87
84486	2.47
117526	2.44
114612	2.30
58934	2.05
245976	2.04
494445	1.99
83803	1.95
361784	1.83
305623	1.68
282845	1.67
59102	1.60
304278	1.59
29659	1.53
292028	1.51
296501	1.47
362952	1.44
497778	1.43
302855	1.33
296178	1.30
298441	1.23
246281	1.22
309790	1.16
29395	1.00
64307	0.99
29374	0.95
29288	0.94
288615	0.93
317163	0.90
64640	0.88
65136	0.86
29304	0.85
60349	0.83
171361	0.80
65165	0.78
498185	0.70
124323	0.64
28298	0.63
24649	0.63
122799	0.59
100912032	0.58
24699	0.58
54257	0.57
316122	0.56
81774	0.56
89819	0.54
84490	0.54
24392	0.45
297755	0.45
24223	0.44
288718	0.42
360572	0.37
299809	0.34
406167	0.32
117263	0.31
301240	0.29
29668	0.27
293725	0.27
64306	0.26
81763	0.26
24829	0.23
60416	0.21
25176	0.20
25737	0.19
406168	0.19
298700	0.19
114090	0.19
289878	0.15
25517	0.14
83474	0.13
24968	0.13
29624	0.13
191569	0.13
24669	0.13
29236	0.11
25369	0.09
287561	0.05
361808	-0.02
192255	-0.02
309626	-0.04
83789	-0.04
689399	-0.04
691531	-0.04
24516	-0.05
54398	-0.05
117030	-0.06
361866	-0.06
29353	-0.07
25742	-0.08
24786	-0.09
116646	-0.11
81764	-0.11
81769	-0.12
288597	-0.15
94266	-0.16
288444	-0.19
79209	-0.21
83503	-0.22
29285	-0.28
24651	-0.29
24422	-0.29
24790	-0.30
140655	-0.30
140608	-0.30
24944	-0.30
361402	-0.31
83537	-0.31
304388	-0.32
59329	-0.32
300079	-0.33
363854	-0.34
64205	-0.35
288778	-0.37
100362640	-0.38
363241	-0.41
685890	-0.43
312538	-0.44
64665	-0.45
65144	-0.47
259272	-0.48
89833	-0.48
246773	-0.50
362720	-0.52
24183	-0.53
363633	-0.53
24799	-0.59
25348	-0.60
171350	-0.60
84578	-0.60
245981	-0.65
83427	-0.66
500545	-0.67
25740	-0.70
81718	-0.71
24817	-0.73
117270	-0.74
64158	-0.74
63868	-0.75
24383	-0.77
311833	-0.80
681429	-0.81
29461	-0.81
24333	-0.83
25308	-0.83
192241	-0.85
304429	-0.86
54318	-0.87
288480	-0.90
25599	-0.92
298517	-0.98
81822	-1.00
288666	-1.01
113958	-1.02
298942	-1.04
81663	-1.10
83712	-1.18
192172	-1.19
60460	-1.20
288498	-1.21
80843	-1.22
29580	-1.23
83504	-1.24
292804	-1.31
81829	-1.47
29693	-1.55
65262	-1.57
84509	-1.61
685325	-1.63
29425	-1.64
29565	-1.69
64527	-1.78
56010	-1.93
246146	-2.15
364656	-2.77
