685890	2.52
24799	2.41
289878	1.85
259272	1.78
311833	1.67
60416	1.61
288498	1.60
59329	1.57
114090	1.45
25740	1.38
24649	1.17
117270	1.16
246146	1.15
60460	1.08
117030	1.07
316122	1.07
287561	0.99
292804	0.97
81663	0.96
288444	0.94
81769	0.93
25308	0.93
24333	0.90
64158	0.87
406167	0.80
83504	0.72
24968	0.71
29693	0.70
171350	0.69
309790	0.66
24183	0.66
246773	0.58
298517	0.54
84509	0.54
80843	0.53
25517	0.52
191569	0.51
24383	0.50
317163	0.48
689399	0.44
24699	0.43
288597	0.43
84578	0.42
84490	0.41
24516	0.39
83712	0.38
500545	0.36
305623	0.36
296501	0.35
140608	0.34
83803	0.31
362720	0.31
116646	0.29
25742	0.28
288778	0.28
81822	0.28
681429	0.27
24392	0.22
29580	0.21
64527	0.20
691531	0.20
25369	0.18
114612	0.18
25176	0.15
117263	0.15
89833	0.15
494445	0.13
29425	0.13
288615	0.08
24786	0.05
54318	0.05
497778	0.04
299809	0.03
304388	0.03
361866	0.01
58934	-0.00
84486	-0.00
65165	-0.03
498185	-0.05
246281	-0.06
288666	-0.06
24223	-0.06
363633	-0.07
24944	-0.07
361402	-0.09
60349	-0.09
29565	-0.09
56010	-0.13
64665	-0.14
29395	-0.15
122799	-0.15
64640	-0.18
29659	-0.18
304429	-0.19
83789	-0.19
282845	-0.20
29374	-0.21
29668	-0.23
312538	-0.25
24422	-0.27
25348	-0.28
113958	-0.28
292028	-0.28
309626	-0.29
81718	-0.32
298942	-0.32
24651	-0.34
362952	-0.34
89819	-0.35
298441	-0.38
360572	-0.39
361784	-0.41
363241	-0.42
65262	-0.43
25737	-0.43
298712	-0.44
63868	-0.44
24669	-0.46
192255	-0.46
81829	-0.48
406168	-0.50
171361	-0.51
29285	-0.52
293725	-0.53
288480	-0.55
54398	-0.55
245976	-0.55
29236	-0.56
685325	-0.59
361808	-0.63
29353	-0.63
64306	-0.63
29304	-0.64
64307	-0.64
94266	-0.64
24829	-0.65
65144	-0.65
364656	-0.67
81764	-0.67
29288	-0.68
64205	-0.68
79209	-0.68
124323	-0.69
363854	-0.70
100912032	-0.71
140655	-0.73
296178	-0.74
301240	-0.76
298700	-0.77
100362640	-0.77
294390	-0.81
83503	-0.82
192172	-0.84
117526	-0.85
24817	-0.86
28298	-0.87
65136	-0.88
29624	-0.89
300079	-0.89
83427	-0.91
25599	-0.92
303831	-0.96
81774	-1.00
83474	-1.02
245981	-1.09
192241	-1.10
304278	-1.12
24790	-1.15
59102	-1.19
54257	-1.22
81763	-1.25
365601	-1.27
83537	-1.31
288718	-1.33
302855	-1.43
297755	-1.49
