293725	12.13
83427	11.95
64205	11.93
81764	10.64
29236	10.58
171361	9.83
300079	9.43
81763	9.20
29304	8.52
245981	8.30
65136	8.04
64307	7.87
171350	7.63
360572	7.59
29288	7.56
81774	7.39
29285	7.33
100362640	7.09
363241	6.86
140655	6.62
124323	6.52
100912032	6.49
94266	6.46
298700	6.45
64306	6.44
116646	6.36
28298	6.27
297755	5.77
691531	5.50
122799	5.38
29374	5.35
25348	4.95
292028	4.92
83789	4.78
362952	4.74
81769	4.49
299809	4.36
64640	3.94
80843	3.54
361402	3.40
288718	3.38
292804	2.90
192172	2.62
309626	2.46
245976	2.45
65165	2.27
64527	2.21
288778	2.04
288498	1.92
24333	1.81
361808	1.71
81663	1.61
114612	1.58
681429	1.57
58934	1.55
317163	1.47
303831	1.46
24799	1.45
56010	1.42
83803	1.38
246146	1.31
84509	1.31
312538	1.17
83712	1.11
83474	1.08
64665	1.08
24649	1.08
24944	1.05
65262	1.05
54398	1.03
63868	1.02
24790	1.00
361784	0.98
117030	0.98
84578	0.93
363633	0.93
29425	0.89
29659	0.86
60416	0.85
364656	0.70
498185	0.66
81822	0.57
117263	0.53
288597	0.53
59329	0.50
24786	0.50
29580	0.49
29693	0.48
288444	0.46
113958	0.43
25599	0.42
24817	0.42
24968	0.42
25737	0.41
60349	0.36
25176	0.35
117270	0.34
25308	0.33
192255	0.29
24223	0.28
24651	0.27
304278	0.25
24829	0.22
79209	0.22
25742	0.21
288615	0.20
29395	0.17
301240	0.17
29624	0.15
25369	0.13
60460	0.12
289878	0.10
29668	0.03
259272	0.02
64158	0.01
288480	-0.02
25517	-0.03
54318	-0.04
365601	-0.04
304388	-0.08
24516	-0.09
29461	-0.09
24699	-0.09
25740	-0.16
494445	-0.16
298517	-0.16
24383	-0.20
89819	-0.21
311833	-0.22
685890	-0.23
246281	-0.24
84490	-0.28
24669	-0.31
309790	-0.33
296501	-0.35
298441	-0.44
89833	-0.45
305623	-0.46
296178	-0.47
316122	-0.48
363854	-0.49
362720	-0.55
298942	-0.56
83503	-0.57
59102	-0.58
83504	-0.61
83537	-0.61
246773	-0.61
689399	-0.73
361866	-0.76
406168	-0.79
81718	-0.80
24183	-0.80
24392	-0.81
192241	-0.83
497778	-0.88
65144	-0.89
29353	-0.93
84486	-0.94
140608	-0.94
287561	-0.99
81829	-1.02
500545	-1.04
304429	-1.17
302855	-1.17
54257	-1.18
406167	-1.20
117526	-1.22
685325	-1.35
114090	-1.41
282845	-1.42
298712	-1.46
191569	-1.53
294390	-1.69
24422	-1.85
288666	-3.23
