24383	3.54
64158	3.09
65262	2.83
298517	2.71
117263	2.49
113958	2.17
81829	2.03
24333	2.00
292804	1.87
81663	1.70
192241	1.68
298942	1.58
316122	1.52
292028	1.51
24183	1.37
29425	1.37
84578	1.34
299809	1.32
83803	1.28
364656	1.21
192172	1.16
304278	1.15
24422	1.13
29668	1.12
84509	1.11
685325	1.02
65144	1.01
24651	0.93
117526	0.91
192255	0.88
80843	0.83
312538	0.83
117030	0.75
361402	0.72
54318	0.70
296501	0.68
288718	0.64
63868	0.63
29659	0.63
60416	0.60
303831	0.56
64665	0.55
497778	0.52
362720	0.50
29565	0.49
24786	0.47
301240	0.47
25737	0.46
293725	0.40
140608	0.38
114612	0.38
25176	0.37
500545	0.34
246146	0.31
362952	0.31
81764	0.30
56010	0.29
24790	0.26
89833	0.24
83503	0.24
81769	0.22
29461	0.21
298441	0.21
298700	0.21
289878	0.19
81822	0.19
282845	0.16
288498	0.15
24799	0.11
24968	0.11
304429	0.10
305623	0.10
494445	0.10
259272	0.08
25599	0.08
29374	0.04
288615	0.02
29353	0.02
24699	-0.03
288480	-0.05
288666	-0.05
84490	-0.07
25740	-0.09
65165	-0.10
24516	-0.10
363854	-0.10
406168	-0.12
361808	-0.15
54257	-0.15
24829	-0.20
498185	-0.22
296178	-0.22
79209	-0.22
25742	-0.22
64527	-0.23
29395	-0.23
29693	-0.25
60460	-0.29
83712	-0.29
681429	-0.30
25369	-0.30
288778	-0.32
83474	-0.33
24817	-0.34
302855	-0.34
361866	-0.35
54398	-0.40
311833	-0.40
245976	-0.41
363633	-0.42
100912032	-0.43
24669	-0.44
309626	-0.45
689399	-0.45
406167	-0.45
100362640	-0.48
25517	-0.50
287561	-0.53
64205	-0.54
171361	-0.54
288597	-0.54
83504	-0.54
246773	-0.56
24392	-0.58
114090	-0.58
309790	-0.59
288444	-0.64
60349	-0.65
83789	-0.70
24944	-0.73
29285	-0.73
297755	-0.74
317163	-0.75
59329	-0.78
81718	-0.79
64306	-0.79
59102	-0.79
363241	-0.80
365601	-0.81
116646	-0.83
117270	-0.84
122799	-0.87
29236	-0.88
298712	-0.89
64307	-0.89
360572	-0.91
24649	-0.93
81774	-0.93
24223	-0.94
83427	-0.99
25348	-1.00
245981	-1.08
28298	-1.12
83537	-1.12
191569	-1.16
89819	-1.21
171350	-1.23
294390	-1.23
29304	-1.24
29288	-1.29
140655	-1.29
25308	-1.33
300079	-1.33
304388	-1.34
361784	-1.36
691531	-1.38
246281	-1.43
64640	-1.44
84486	-1.44
29624	-1.47
58934	-1.50
685890	-1.59
81763	-1.62
65136	-1.65
124323	-1.70
94266	-1.74
