59102	6.21
84490	5.98
296501	5.08
312538	4.22
25737	4.06
497778	3.22
500545	2.56
689399	2.39
298441	2.31
29395	2.09
298942	1.69
83712	1.68
362720	1.68
361402	1.48
114612	1.34
294390	1.30
84509	1.28
83474	1.28
300079	1.19
282845	1.17
298712	1.07
361866	1.06
63868	1.05
292028	1.02
24829	0.89
84486	0.89
54257	0.84
25176	0.83
494445	0.80
60460	0.80
24790	0.79
122799	0.76
363633	0.75
298517	0.63
117526	0.63
84578	0.61
288718	0.60
245976	0.60
304278	0.58
304429	0.54
246281	0.54
302855	0.53
24699	0.51
288615	0.50
65262	0.48
288597	0.48
24422	0.47
288778	0.47
58934	0.47
24649	0.46
24817	0.46
29288	0.45
117270	0.44
89833	0.43
83504	0.41
29668	0.38
24333	0.37
301240	0.36
81829	0.36
309790	0.30
64307	0.26
299809	0.25
361808	0.24
100362640	0.24
24383	0.21
288498	0.19
685325	0.18
117263	0.17
362952	0.14
64640	0.13
25599	0.13
292804	0.12
65144	0.10
124323	0.08
363241	0.07
113958	0.03
311833	0.03
681429	0.01
24669	0.01
191569	0.01
83803	0.01
305623	0.01
317163	0.01
360572	0.00
287561	-0.00
83503	-0.03
100912032	-0.03
24799	-0.04
309626	-0.06
54318	-0.08
28298	-0.10
171361	-0.10
303831	-0.12
297755	-0.15
83789	-0.17
245981	-0.18
25742	-0.18
24392	-0.19
29236	-0.21
29580	-0.22
316122	-0.23
298700	-0.24
171350	-0.25
64527	-0.25
361784	-0.26
60416	-0.27
64306	-0.27
259272	-0.28
289878	-0.28
56010	-0.29
79209	-0.29
65136	-0.36
64205	-0.37
83537	-0.37
288480	-0.37
25517	-0.38
29624	-0.38
192241	-0.39
29353	-0.40
29285	-0.40
81763	-0.44
81774	-0.45
29565	-0.47
83427	-0.48
140655	-0.50
59329	-0.52
304388	-0.54
25369	-0.57
89819	-0.58
498185	-0.59
80843	-0.59
29659	-0.62
24651	-0.63
192172	-0.63
24968	-0.66
81764	-0.67
246146	-0.67
24223	-0.68
60349	-0.74
29461	-0.74
24516	-0.77
140608	-0.77
691531	-0.78
364656	-0.79
24183	-0.80
293725	-0.80
192255	-0.81
94266	-0.81
29304	-0.84
25740	-0.85
29374	-0.87
64158	-0.87
685890	-0.97
288666	-1.02
54398	-1.02
25348	-1.02
81663	-1.04
117030	-1.06
406168	-1.07
116646	-1.09
363854	-1.10
246773	-1.10
114090	-1.13
24944	-1.17
81769	-1.21
81822	-1.23
65165	-1.25
406167	-1.29
365601	-1.31
29425	-1.39
81718	-1.42
29693	-1.70
24786	-1.72
288444	-1.97
25308	-2.12
64665	-2.24
