24699	3.55
64665	1.75
29353	1.75
60460	1.54
117030	1.47
498185	1.47
29659	1.47
362720	1.35
288615	1.13
29304	1.10
140655	1.07
25740	1.05
25348	1.00
54257	1.00
245981	0.99
81774	0.98
89819	0.95
25308	0.95
83789	0.95
113958	0.94
191569	0.91
117526	0.91
83503	0.87
100362640	0.82
300079	0.82
100912032	0.82
171361	0.80
122799	0.76
59102	0.76
65165	0.75
304429	0.73
29285	0.72
81822	0.72
81718	0.69
64205	0.69
124323	0.68
29288	0.66
24649	0.66
29236	0.65
309790	0.63
81763	0.63
25737	0.61
25599	0.60
83803	0.59
24790	0.58
81764	0.58
94266	0.58
301240	0.57
24516	0.55
192255	0.54
64158	0.53
64307	0.53
81663	0.53
298712	0.52
60349	0.50
84490	0.49
364656	0.48
116646	0.46
246773	0.45
140608	0.43
689399	0.43
24223	0.42
303831	0.41
304388	0.41
245976	0.41
64306	0.38
288480	0.35
65136	0.34
288597	0.34
691531	0.33
361808	0.32
84509	0.31
298700	0.31
24333	0.31
289878	0.31
288666	0.29
282845	0.28
192172	0.28
24383	0.28
25742	0.27
288444	0.26
192241	0.25
54398	0.24
361784	0.24
24944	0.20
304278	0.18
363241	0.18
24968	0.17
64640	0.15
29565	0.15
83537	0.14
294390	0.13
83427	0.13
297755	0.13
83504	0.12
292804	0.10
64527	0.10
311833	0.08
25369	0.08
298517	0.05
83712	0.05
360572	0.04
500545	0.04
24817	0.04
494445	-0.01
24786	-0.02
80843	-0.02
65262	-0.03
312538	-0.07
246146	-0.07
58934	-0.09
24651	-0.12
54318	-0.13
24392	-0.14
293725	-0.15
59329	-0.20
298441	-0.21
89833	-0.21
25176	-0.21
29374	-0.23
497778	-0.24
361402	-0.24
296501	-0.25
65144	-0.26
24799	-0.26
288778	-0.27
114090	-0.27
292028	-0.27
406168	-0.27
287561	-0.30
317163	-0.33
681429	-0.35
365601	-0.36
24829	-0.38
29395	-0.38
296178	-0.38
24422	-0.39
117263	-0.39
246281	-0.40
83474	-0.40
29693	-0.43
63868	-0.44
361866	-0.44
29425	-0.44
288498	-0.44
299809	-0.45
29668	-0.45
81769	-0.50
28298	-0.54
81829	-0.58
363633	-0.58
362952	-0.60
685325	-0.61
60416	-0.64
171350	-0.70
114612	-0.70
84486	-0.72
24669	-0.75
25517	-0.75
316122	-0.76
406167	-0.78
24183	-0.79
117270	-0.79
259272	-0.86
309626	-0.88
29461	-0.89
56010	-0.96
302855	-1.06
79209	-1.06
305623	-1.14
685890	-1.14
288718	-1.16
363854	-1.20
298942	-1.26
84578	-1.34
29580	-1.47
