25737	9.64
312538	7.36
59102	6.89
84490	6.51
298441	6.27
83712	5.50
296178	5.08
299809	4.99
497778	4.91
54318	4.24
84509	4.07
83474	3.64
29374	3.42
25176	3.37
24669	3.29
29395	3.24
63868	3.17
29668	3.13
114612	3.07
65262	2.52
300079	2.47
362952	2.40
500545	2.38
282845	2.33
89819	2.32
117263	2.31
288778	2.27
298700	2.26
494445	2.19
292028	2.17
362720	1.99
298942	1.93
302855	1.92
297755	1.85
298712	1.83
361808	1.82
81763	1.63
288480	1.56
363854	1.55
363241	1.51
361784	1.49
294390	1.47
29288	1.31
83803	1.28
100362640	1.20
81829	1.20
24790	1.19
83427	1.19
60416	1.18
59329	1.03
689399	0.99
29304	0.98
24333	0.97
83503	0.95
117526	0.94
292804	0.93
246281	0.86
24786	0.86
301240	0.84
24649	0.83
29236	0.82
140655	0.79
288615	0.79
124323	0.77
245976	0.77
288718	0.71
293725	0.69
29580	0.68
304278	0.63
83504	0.61
289878	0.60
288498	0.60
65144	0.57
171350	0.56
24699	0.53
24829	0.53
360572	0.50
365601	0.47
25599	0.43
64640	0.43
117030	0.43
681429	0.40
65136	0.38
29461	0.35
64158	0.35
685325	0.35
60460	0.34
363633	0.34
259272	0.33
54257	0.33
24799	0.31
25308	0.31
192241	0.30
298517	0.28
685890	0.25
81764	0.21
84486	0.20
84578	0.19
64527	0.18
191569	0.17
64205	0.16
303831	0.11
171361	0.10
24422	0.10
100912032	0.09
58934	0.09
287561	0.07
309626	0.07
498185	0.07
288444	0.06
24968	0.01
79209	-0.00
81774	-0.03
60349	-0.04
64307	-0.04
361402	-0.06
83789	-0.07
114090	-0.07
288597	-0.08
122799	-0.09
24383	-0.09
116646	-0.10
245981	-0.15
304429	-0.15
65165	-0.18
192172	-0.18
81769	-0.19
64306	-0.20
54398	-0.24
29624	-0.25
24651	-0.26
24392	-0.28
29425	-0.28
89833	-0.29
25348	-0.30
361866	-0.31
29565	-0.35
364656	-0.36
81822	-0.38
140608	-0.40
28298	-0.40
305623	-0.46
25369	-0.47
192255	-0.52
316122	-0.53
691531	-0.57
24183	-0.58
80843	-0.58
406167	-0.58
29353	-0.59
117270	-0.59
29693	-0.62
83537	-0.65
64665	-0.65
24944	-0.69
406168	-0.72
288666	-0.75
24223	-0.76
113958	-0.76
25517	-0.79
81663	-0.83
25742	-0.83
24817	-0.83
94266	-0.89
81718	-0.89
309790	-0.90
317163	-0.91
29285	-0.92
304388	-1.01
25740	-1.08
24516	-1.09
246146	-1.13
246773	-1.23
29659	-1.25
311833	-1.64
56010	-2.97
