80843	3.64
64665	3.20
24944	2.52
25308	2.17
498185	2.15
24223	1.94
117030	1.85
83803	1.79
294390	1.53
65165	1.51
29624	1.47
298712	1.30
406167	1.26
83537	1.24
309790	1.18
24968	1.17
365601	1.16
54398	1.15
171361	0.98
25176	0.95
288615	0.88
25599	0.86
29565	0.86
24422	0.86
301240	0.85
362952	0.85
287561	0.84
29693	0.83
84578	0.82
192255	0.76
65144	0.74
81663	0.70
363633	0.70
24183	0.66
60416	0.64
114090	0.64
29580	0.63
361808	0.63
24699	0.62
685890	0.61
81764	0.57
24333	0.57
24799	0.54
288718	0.53
84490	0.53
81822	0.49
312538	0.46
361402	0.46
60349	0.45
288597	0.44
29668	0.41
317163	0.40
288666	0.40
24651	0.39
689399	0.38
25742	0.38
79209	0.38
311833	0.37
246281	0.36
305623	0.36
292804	0.36
83789	0.35
24786	0.34
25369	0.32
245976	0.32
81769	0.31
65136	0.29
300079	0.29
24383	0.28
29304	0.26
298700	0.22
114612	0.21
292028	0.17
361866	0.16
500545	0.14
64158	0.13
24516	0.12
89819	0.11
309626	0.11
24790	0.11
304429	0.10
25517	0.08
65262	0.07
100912032	0.05
304388	-0.04
171350	-0.04
58934	-0.05
124323	-0.05
298942	-0.08
81718	-0.10
245981	-0.12
293725	-0.12
362720	-0.13
116646	-0.14
64307	-0.15
29461	-0.18
84486	-0.19
59102	-0.21
117526	-0.22
24649	-0.29
81763	-0.31
122799	-0.31
117263	-0.31
361784	-0.32
298517	-0.34
304278	-0.34
191569	-0.35
282845	-0.37
494445	-0.37
363241	-0.37
316122	-0.37
192241	-0.39
192172	-0.40
24669	-0.40
406168	-0.40
289878	-0.41
288778	-0.45
24817	-0.52
56010	-0.52
681429	-0.52
303831	-0.58
29374	-0.58
25740	-0.59
117270	-0.60
64205	-0.61
296178	-0.62
64640	-0.63
100362640	-0.64
64527	-0.66
84509	-0.66
29236	-0.67
28298	-0.68
81774	-0.71
297755	-0.71
685325	-0.72
54318	-0.73
60460	-0.74
83427	-0.74
29288	-0.77
81829	-0.78
364656	-0.78
25348	-0.79
29395	-0.80
29285	-0.82
89833	-0.86
64306	-0.86
25737	-0.88
298441	-0.90
302855	-0.90
83712	-0.91
94266	-0.92
497778	-0.96
246773	-0.97
54257	-0.97
29353	-0.99
140655	-1.03
59329	-1.05
246146	-1.06
140608	-1.07
24829	-1.12
299809	-1.15
288480	-1.22
29425	-1.23
83504	-1.25
296501	-1.25
63868	-1.26
360572	-1.30
288498	-1.36
259272	-1.36
24392	-1.37
691531	-1.45
113958	-1.70
288444	-2.24
83474	-2.37
83503	-2.46
363854	-2.66
