117263	9.50
299809	6.72
29425	6.50
84509	5.25
83712	5.11
24786	5.09
29374	4.74
292028	4.56
25176	4.56
83474	4.52
54318	4.06
298942	4.02
298700	3.97
24383	3.79
113958	3.69
361808	3.65
288666	3.59
362952	3.54
56010	3.52
65262	3.36
81829	3.33
63868	3.22
296501	3.13
65165	3.04
192241	2.92
363241	2.80
245981	2.76
81764	2.75
64306	2.69
288778	2.60
681429	2.48
288480	2.47
89819	2.46
192255	2.41
171361	2.38
297755	2.36
81769	2.29
365601	2.28
25737	2.19
122799	2.19
64527	2.18
29288	2.06
81774	2.05
494445	2.04
24944	2.03
100362640	2.03
298712	2.00
64307	2.00
83503	1.98
25308	1.98
288444	1.93
29304	1.92
116646	1.91
360572	1.89
81822	1.88
81763	1.83
59102	1.80
303831	1.79
317163	1.79
114612	1.77
364656	1.76
293725	1.74
83427	1.70
298517	1.69
497778	1.59
24223	1.57
288718	1.49
83789	1.45
301240	1.42
84490	1.32
65136	1.21
84578	1.20
29580	1.12
24333	1.12
84486	1.10
28298	1.06
361784	1.01
117526	0.98
300079	0.98
302855	0.97
298441	0.97
64158	0.93
100912032	0.91
24699	0.90
24669	0.88
64640	0.85
689399	0.84
292804	0.84
80843	0.77
288615	0.75
361402	0.72
140608	0.68
117030	0.65
24968	0.65
24799	0.63
288498	0.62
287561	0.60
25369	0.57
60416	0.55
246146	0.53
361866	0.53
94266	0.52
312538	0.51
282845	0.46
64205	0.45
29659	0.41
362720	0.40
296178	0.38
363854	0.36
58934	0.36
24516	0.32
25599	0.27
294390	0.27
245976	0.25
24422	0.15
29693	0.05
29565	0.03
191569	0.03
24392	0.02
24649	0.02
140655	0.01
24829	-0.01
65144	-0.03
79209	-0.05
89833	-0.05
288597	-0.05
406168	-0.06
305623	-0.08
25740	-0.08
81663	-0.10
289878	-0.11
29395	-0.14
29461	-0.23
64665	-0.24
316122	-0.28
25517	-0.31
29285	-0.33
117270	-0.33
114090	-0.38
29236	-0.42
309790	-0.43
29624	-0.45
60460	-0.45
25348	-0.46
83803	-0.47
246773	-0.51
171350	-0.52
498185	-0.54
685325	-0.55
691531	-0.56
124323	-0.60
304278	-0.61
304429	-0.62
311833	-0.63
59329	-0.68
24790	-0.74
60349	-0.74
363633	-0.80
25742	-0.93
29353	-0.99
24817	-1.04
24183	-1.07
54257	-1.10
304388	-1.14
246281	-1.15
81718	-1.17
685890	-1.23
54398	-1.27
259272	-1.29
83537	-1.31
500545	-1.36
83504	-1.39
192172	-1.48
24651	-1.59
309626	-1.79
406167	-2.05
