65262	3.92
288444	3.44
81829	3.20
298942	2.74
25176	2.56
80843	2.42
63868	2.27
192241	1.79
65165	1.71
140608	1.68
84486	1.63
363854	1.63
117030	1.60
24383	1.56
24669	1.53
363633	1.48
292804	1.45
81822	1.37
24817	1.31
494445	1.23
24333	1.22
497778	1.21
24786	1.16
24651	1.15
302855	1.11
83803	1.09
24392	1.01
24944	0.94
56010	0.91
288718	0.91
60460	0.91
65144	0.90
288778	0.87
361866	0.86
81718	0.84
29659	0.83
288480	0.74
29461	0.70
685890	0.70
292028	0.66
24422	0.61
25599	0.52
29353	0.50
81663	0.49
25740	0.49
29565	0.48
365601	0.40
362952	0.36
83712	0.36
406167	0.34
299809	0.33
303831	0.32
59329	0.29
84490	0.29
298517	0.24
24799	0.24
60416	0.20
24183	0.20
83537	0.20
114612	0.07
685325	0.07
282845	0.07
29668	0.05
361402	0.03
117263	0.03
29425	0.03
79209	0.00
305623	-0.04
288498	-0.07
54398	-0.11
89819	-0.11
24699	-0.12
246773	-0.13
24223	-0.13
171350	-0.14
83789	-0.14
288597	-0.15
84509	-0.17
287561	-0.19
24790	-0.20
54257	-0.20
24516	-0.20
89833	-0.21
246281	-0.22
192255	-0.23
29580	-0.25
246146	-0.25
29374	-0.25
54318	-0.27
317163	-0.27
288666	-0.29
171361	-0.31
311833	-0.34
113958	-0.36
83503	-0.39
25517	-0.42
29624	-0.43
362720	-0.44
83474	-0.47
114090	-0.48
298441	-0.52
259272	-0.56
304278	-0.57
361808	-0.57
117270	-0.59
116646	-0.59
84578	-0.60
296501	-0.62
304429	-0.66
25737	-0.68
83504	-0.69
301240	-0.73
60349	-0.74
364656	-0.75
363241	-0.78
312538	-0.79
64665	-0.80
25348	-0.81
24649	-0.84
64158	-0.84
64527	-0.87
298700	-0.87
25308	-0.90
124323	-0.90
309790	-0.91
288615	-0.93
293725	-0.94
316122	-0.95
24829	-0.95
64205	-1.00
309626	-1.02
25369	-1.02
498185	-1.04
94266	-1.05
29288	-1.12
81774	-1.12
304388	-1.16
81764	-1.16
29395	-1.17
689399	-1.19
300079	-1.20
65136	-1.21
406168	-1.22
192172	-1.27
81763	-1.28
24968	-1.28
83427	-1.29
500545	-1.32
289878	-1.32
28298	-1.33
81769	-1.34
100362640	-1.35
245976	-1.36
64640	-1.38
191569	-1.40
25742	-1.41
691531	-1.45
29304	-1.45
117526	-1.47
29236	-1.54
294390	-1.55
64306	-1.55
140655	-1.67
296178	-1.70
29285	-1.83
59102	-1.87
681429	-1.89
245981	-1.91
297755	-1.95
298712	-1.98
122799	-1.99
360572	-2.06
361784	-2.28
100912032	-2.41
58934	-2.52
64307	-2.63
