100362640	19.71
100912032	18.07
29288	17.70
64307	15.87
29304	15.69
81763	15.31
81774	13.23
29236	13.06
83427	13.01
360572	12.75
64205	12.51
28298	12.14
245981	12.06
300079	12.03
140655	11.56
65136	11.42
363241	11.34
81769	11.32
81764	11.17
29285	11.08
122799	10.81
94266	10.49
64306	10.13
293725	9.76
691531	9.56
124323	9.51
25348	9.47
64640	8.77
171361	8.63
116646	7.59
298700	6.16
681429	6.01
29565	5.77
29374	5.27
171350	5.04
58934	4.95
299809	4.95
362952	4.91
192241	4.45
83503	4.29
83789	4.05
84509	3.32
361808	3.27
83474	3.25
54318	3.21
361784	3.06
83712	3.06
25308	2.99
113958	2.95
25737	2.90
24790	2.87
292028	2.73
24786	2.70
363854	2.58
89819	2.57
29425	2.46
298441	2.37
29668	2.36
65165	2.27
25176	2.25
364656	2.23
59102	2.19
64527	2.01
296501	1.85
298712	1.84
192172	1.82
494445	1.81
303831	1.78
117263	1.63
288778	1.54
288480	1.50
80843	1.44
140608	1.36
192255	1.28
24333	1.18
63868	1.06
24968	1.03
365601	1.02
117030	0.98
84486	0.97
24669	0.93
114612	0.93
312538	0.89
24383	0.82
497778	0.77
65262	0.76
304429	0.75
81718	0.75
24223	0.72
288666	0.68
25742	0.62
29353	0.54
29395	0.54
298517	0.52
81822	0.46
362720	0.45
294390	0.45
288615	0.40
302855	0.38
24422	0.37
317163	0.36
59329	0.35
304278	0.32
117270	0.30
24944	0.26
301240	0.26
282845	0.25
24649	0.25
54257	0.23
64158	0.23
685890	0.20
245976	0.18
191569	0.15
29624	0.13
117526	0.12
24829	0.11
79209	0.08
685325	0.08
83803	0.06
406168	0.02
288718	0.01
689399	-0.00
25599	-0.02
298942	-0.06
361402	-0.08
24516	-0.10
296178	-0.15
60349	-0.17
83504	-0.19
288444	-0.19
65144	-0.20
259272	-0.21
81829	-0.22
500545	-0.23
81663	-0.23
24699	-0.23
25369	-0.26
288597	-0.26
292804	-0.28
289878	-0.36
24817	-0.39
25517	-0.41
60416	-0.42
89833	-0.42
304388	-0.44
309626	-0.47
311833	-0.50
287561	-0.52
24392	-0.54
24799	-0.57
114090	-0.57
64665	-0.59
84490	-0.69
84578	-0.69
29659	-0.71
29580	-0.74
60460	-0.74
24651	-0.77
363633	-0.81
309790	-0.86
246281	-0.89
83537	-0.89
288498	-0.93
498185	-0.95
316122	-1.08
56010	-1.14
25740	-1.18
406167	-1.19
246773	-1.25
361866	-1.31
29461	-1.49
24183	-1.59
246146	-1.63
54398	-1.69
305623	-1.90
29693	-1.95
