25737	7.69
296501	6.27
59102	4.94
54318	4.13
500545	4.07
288778	4.01
312538	3.86
29395	3.82
298712	3.72
361808	3.54
100912032	3.36
84490	3.01
89819	2.96
29374	2.83
494445	2.83
81769	2.71
81763	2.60
497778	2.53
29304	2.53
171350	2.51
29288	2.49
299809	2.49
117526	2.49
245981	2.47
297755	2.37
302855	2.34
296178	2.31
24669	2.28
689399	2.25
83712	2.20
64527	2.19
64158	2.14
362952	2.00
361784	1.95
300079	1.94
100362640	1.89
29236	1.84
363241	1.84
24699	1.81
288480	1.79
60460	1.79
298700	1.75
83803	1.66
83537	1.65
83474	1.59
64307	1.51
83427	1.49
362720	1.49
58934	1.40
140608	1.38
363854	1.37
114612	1.31
84509	1.31
80843	1.27
117030	1.25
294390	1.23
84578	1.20
65136	1.17
89833	1.14
83503	1.11
304429	1.10
681429	1.09
65262	1.09
63868	1.07
117263	1.05
124323	1.04
25176	1.03
28298	1.00
122799	0.98
363633	0.97
29668	0.97
292028	0.96
64205	0.95
25348	0.93
191569	0.93
81774	0.90
293725	0.79
360572	0.74
84486	0.68
282845	0.65
54257	0.64
245976	0.64
29285	0.59
298517	0.59
24649	0.57
365601	0.57
24968	0.53
140655	0.52
406168	0.51
685890	0.50
192172	0.44
81764	0.44
691531	0.37
316122	0.34
24422	0.31
116646	0.29
171361	0.29
29580	0.21
83789	0.19
288444	0.17
288615	0.11
59329	0.10
117270	0.08
289878	0.08
24223	0.02
24790	0.01
24829	-0.00
94266	-0.00
64640	-0.01
79209	-0.03
65144	-0.04
246773	-0.06
259272	-0.06
25369	-0.06
81718	-0.06
60416	-0.09
287561	-0.09
288498	-0.10
83504	-0.10
361402	-0.10
192255	-0.14
64306	-0.15
29353	-0.16
29624	-0.21
24392	-0.21
81822	-0.22
192241	-0.23
24333	-0.25
288718	-0.29
25517	-0.35
65165	-0.37
29461	-0.38
29425	-0.38
303831	-0.39
317163	-0.41
498185	-0.42
24651	-0.43
29565	-0.44
309626	-0.44
114090	-0.51
29693	-0.52
25599	-0.54
24383	-0.54
24799	-0.59
24786	-0.59
24516	-0.61
24817	-0.61
60349	-0.63
309790	-0.68
25742	-0.69
246146	-0.70
25740	-0.70
25308	-0.71
81829	-0.75
311833	-0.75
304388	-0.76
113958	-0.83
24183	-0.86
301240	-0.87
29659	-0.90
406167	-0.90
24944	-0.92
298942	-1.00
54398	-1.01
288597	-1.02
304278	-1.02
361866	-1.04
685325	-1.05
288666	-1.09
81663	-1.15
292804	-1.16
246281	-1.16
364656	-1.21
305623	-1.33
64665	-1.58
56010	-2.37
