24383	6.82
192241	5.96
81829	5.48
140608	4.88
113958	4.50
65262	4.36
117263	3.77
292804	3.74
292028	3.67
81769	3.66
288480	3.48
301240	3.33
29425	3.20
64527	3.17
364656	3.10
25348	3.04
83503	2.94
100362640	2.80
24786	2.78
298942	2.74
122799	2.72
29580	2.71
361808	2.65
497778	2.51
81774	2.44
100912032	2.42
298700	2.42
288778	2.22
116646	2.21
360572	2.21
406168	2.16
29285	2.15
94266	2.10
28298	2.06
24183	1.93
89819	1.83
691531	1.79
29304	1.78
361402	1.78
54318	1.70
29668	1.69
64306	1.66
24333	1.60
246146	1.57
65136	1.54
29236	1.52
64640	1.48
293725	1.40
192172	1.40
288666	1.38
64307	1.38
362952	1.36
84509	1.31
63868	1.31
304278	1.14
363241	1.12
84578	1.07
81763	1.07
29353	1.05
25176	0.99
288498	0.95
245981	0.89
117030	0.86
83803	0.85
311833	0.83
25599	0.83
309790	0.81
83427	0.80
83474	0.75
681429	0.71
24669	0.70
24422	0.67
361784	0.67
54398	0.64
296178	0.63
29288	0.61
24968	0.61
25308	0.61
298441	0.59
29461	0.54
81764	0.54
363854	0.53
25369	0.53
297755	0.52
24223	0.49
304429	0.41
83537	0.39
64205	0.37
288615	0.37
309626	0.36
289878	0.34
124323	0.30
296501	0.28
65144	0.27
288597	0.27
29693	0.24
25742	0.23
29395	0.22
89833	0.21
24799	0.19
24829	0.16
117526	0.15
81663	0.12
299809	0.07
29624	0.05
24817	0.02
24651	0.02
302855	0.01
494445	0.01
58934	0.00
498185	-0.01
54257	-0.04
298712	-0.05
64158	-0.05
29374	-0.08
500545	-0.09
288718	-0.10
56010	-0.10
83789	-0.12
24699	-0.13
300079	-0.14
81822	-0.14
689399	-0.16
29565	-0.16
685890	-0.19
24944	-0.19
171350	-0.20
114612	-0.20
140655	-0.20
25517	-0.22
24392	-0.25
64665	-0.26
362720	-0.27
24649	-0.29
406167	-0.29
192255	-0.32
29659	-0.34
304388	-0.36
60349	-0.40
288444	-0.40
83712	-0.41
60460	-0.46
84490	-0.46
245976	-0.47
685325	-0.50
24790	-0.50
65165	-0.56
25737	-0.57
316122	-0.58
361866	-0.59
80843	-0.60
317163	-0.61
365601	-0.63
79209	-0.65
117270	-0.66
312538	-0.74
246773	-0.80
60416	-0.84
59102	-0.91
259272	-0.92
287561	-0.94
59329	-0.97
294390	-0.98
83504	-0.99
81718	-0.99
84486	-1.09
363633	-1.15
24516	-1.26
191569	-1.28
246281	-1.29
114090	-1.34
282845	-1.39
171361	-1.44
25740	-1.47
303831	-1.62
305623	-1.63
