362952	11.99
81774	8.59
29304	8.53
83427	8.45
29374	8.22
245981	8.04
81763	7.99
293725	7.83
64205	7.81
300079	7.65
363241	7.42
65136	7.30
64307	7.23
140655	7.08
361808	6.85
29285	6.68
28298	6.62
81764	6.59
288480	6.55
29236	6.46
29565	6.45
297755	6.16
64306	5.96
124323	5.94
29288	5.93
360572	5.86
691531	5.83
54318	5.61
288778	5.57
117263	5.51
100912032	5.47
299809	5.47
81769	5.26
292028	5.22
84509	5.21
361784	5.14
58934	5.11
100362640	5.04
122799	4.90
94266	4.87
171361	4.64
29425	4.37
29668	3.97
89819	3.93
192255	3.86
25348	3.38
171350	3.30
361402	3.28
288718	3.15
245976	3.03
246146	2.98
113958	2.88
64527	2.79
83503	2.75
64640	2.72
83789	2.71
24786	2.68
116646	2.68
494445	2.54
298517	2.42
25737	2.33
296501	2.26
288498	2.22
84490	2.16
192241	2.05
681429	1.91
301240	1.81
81829	1.80
83712	1.77
298441	1.75
114612	1.73
312538	1.69
117526	1.59
24383	1.57
65165	1.55
317163	1.48
83474	1.46
59102	1.44
65262	1.43
24333	1.43
84486	1.39
298712	1.38
81822	1.37
83803	1.36
406168	1.35
288615	1.32
25308	1.27
63868	1.25
64665	1.16
364656	1.15
497778	1.04
60416	1.03
25176	0.97
289878	0.92
282845	0.86
117030	0.83
292804	0.83
25599	0.83
303831	0.81
24669	0.77
24829	0.72
24649	0.65
365601	0.62
84578	0.62
309626	0.55
363854	0.54
80843	0.51
60460	0.45
24790	0.38
24699	0.37
29624	0.31
288597	0.29
363633	0.26
24968	0.23
29659	0.22
117270	0.21
29580	0.21
685325	0.20
304278	0.20
294390	0.19
83537	0.16
60349	0.15
304429	0.14
191569	0.12
25742	0.11
192172	0.10
311833	0.08
24516	0.05
24799	0.04
25517	0.02
24651	-0.04
24422	-0.04
288444	-0.07
309790	-0.11
685890	-0.16
59329	-0.19
287561	-0.19
259272	-0.21
29353	-0.22
140608	-0.23
296178	-0.24
89833	-0.32
56010	-0.32
81718	-0.34
83504	-0.41
24817	-0.42
29395	-0.43
246281	-0.49
25369	-0.57
305623	-0.60
24223	-0.60
298942	-0.61
65144	-0.62
79209	-0.64
64158	-0.68
316122	-0.69
500545	-0.70
361866	-0.71
29461	-0.77
24944	-0.78
406167	-0.79
25740	-0.86
29693	-0.87
24392	-0.88
302855	-0.95
362720	-0.96
114090	-0.97
304388	-0.99
288666	-0.99
246773	-1.02
689399	-1.11
498185	-1.30
54257	-1.33
54398	-1.79
81663	-1.88
24183	-2.67
