294390	4.52
89819	4.15
298441	3.72
54318	2.99
288778	2.87
288615	2.83
406168	2.75
361808	2.75
362952	2.71
317163	2.43
58934	2.42
81769	2.33
81763	2.32
245976	2.32
361784	2.26
83537	2.24
84486	2.23
117526	2.08
64527	2.08
288498	2.07
100912032	2.04
29668	2.00
297755	1.84
296501	1.83
29304	1.75
316122	1.68
117263	1.66
29288	1.65
59102	1.65
64307	1.55
361402	1.48
65165	1.43
363854	1.43
83503	1.39
365601	1.39
298700	1.38
24422	1.33
29659	1.30
282845	1.28
113958	1.22
685890	1.21
171361	1.20
245981	1.19
304429	1.18
83474	1.17
360572	1.14
171350	1.10
28298	1.09
25176	1.09
60460	1.08
296178	1.07
122799	1.06
288480	1.04
84578	1.00
24786	0.96
301240	0.94
80843	0.89
191569	0.89
83789	0.89
81774	0.88
24649	0.88
288718	0.85
300079	0.83
29374	0.83
64640	0.82
84490	0.78
309626	0.76
65136	0.76
298942	0.72
100362640	0.69
363633	0.64
24223	0.63
363241	0.62
25308	0.56
299809	0.55
292028	0.53
29624	0.52
361866	0.51
24333	0.48
289878	0.46
691531	0.43
29395	0.42
114090	0.42
79209	0.38
94266	0.36
288444	0.36
124323	0.35
65144	0.34
24651	0.30
303831	0.27
89833	0.26
81718	0.26
689399	0.25
116646	0.23
288666	0.17
24968	0.17
54257	0.15
304278	0.13
81764	0.11
24944	0.10
60349	0.03
25737	0.01
681429	0.01
24829	-0.01
500545	-0.03
59329	-0.04
298517	-0.05
24817	-0.05
24699	-0.05
117270	-0.08
498185	-0.09
302855	-0.10
305623	-0.12
64306	-0.14
24790	-0.16
287561	-0.17
24383	-0.17
83803	-0.19
29285	-0.19
24392	-0.20
25348	-0.27
309790	-0.28
293725	-0.29
311833	-0.31
29236	-0.32
114612	-0.33
63868	-0.37
246281	-0.38
81822	-0.39
29353	-0.40
83712	-0.42
29461	-0.44
117030	-0.48
304388	-0.49
494445	-0.49
64205	-0.54
362720	-0.62
24669	-0.62
83504	-0.62
497778	-0.64
685325	-0.67
140655	-0.69
25742	-0.69
24516	-0.71
60416	-0.75
25369	-0.79
259272	-0.82
25517	-0.88
29580	-0.89
364656	-0.92
140608	-0.93
192255	-0.97
288597	-0.97
25740	-0.98
64665	-1.06
25599	-1.09
56010	-1.14
54398	-1.14
192172	-1.18
24799	-1.18
292804	-1.20
192241	-1.21
312538	-1.25
24183	-1.26
81663	-1.32
406167	-1.45
29565	-1.46
83427	-1.48
29425	-1.65
81829	-1.68
84509	-1.72
246146	-1.76
64158	-1.86
65262	-1.93
29693	-1.98
246773	-2.29
