65262	9.07
81829	7.20
63868	6.23
192241	5.16
25176	4.20
29668	4.02
317163	3.96
83712	3.33
24383	3.12
54318	2.98
292804	2.88
113958	2.87
303831	2.75
29693	2.74
298517	2.74
83474	2.73
56010	2.45
301240	2.35
140608	2.06
299809	2.03
296501	1.93
24333	1.89
304429	1.84
171361	1.82
288666	1.71
296178	1.69
117263	1.65
116646	1.64
24669	1.61
29580	1.58
24422	1.41
29425	1.36
65165	1.36
288615	1.31
302855	1.21
24786	1.21
288444	1.17
84486	1.15
84509	1.05
29374	1.02
81718	0.94
288480	0.92
60416	0.91
292028	0.89
24944	0.86
24699	0.84
24183	0.81
81763	0.76
361866	0.73
298712	0.72
80843	0.65
25599	0.65
362720	0.65
65144	0.59
685325	0.58
79209	0.58
29395	0.57
29288	0.56
316122	0.54
289878	0.53
304278	0.51
24817	0.50
64665	0.49
114612	0.49
300079	0.48
497778	0.48
81663	0.46
83537	0.37
282845	0.35
84578	0.28
288718	0.28
685890	0.25
83789	0.23
24651	0.23
24799	0.22
25308	0.20
364656	0.17
83803	0.14
494445	0.09
288597	0.09
406168	0.09
361402	0.07
24516	0.05
288498	0.01
689399	-0.01
363241	-0.03
54398	-0.04
122799	-0.04
89819	-0.04
297755	-0.06
24392	-0.06
681429	-0.08
29659	-0.08
60460	-0.09
362952	-0.14
24649	-0.15
64640	-0.17
100362640	-0.17
293725	-0.19
59329	-0.19
25740	-0.22
246773	-0.22
24223	-0.25
60349	-0.25
287561	-0.26
89833	-0.29
117270	-0.31
25737	-0.31
29461	-0.32
29353	-0.36
191569	-0.39
363854	-0.40
81822	-0.44
245976	-0.44
25369	-0.45
24790	-0.45
360572	-0.46
81769	-0.47
192255	-0.50
29565	-0.56
171350	-0.56
192172	-0.58
64527	-0.59
298700	-0.61
365601	-0.61
406167	-0.62
83503	-0.64
84490	-0.65
24968	-0.67
83504	-0.67
83427	-0.68
25742	-0.70
65136	-0.73
363633	-0.75
246146	-0.76
246281	-0.77
29304	-0.80
114090	-0.83
24829	-0.87
309790	-0.88
54257	-0.89
117030	-0.89
81774	-0.90
311833	-0.94
298441	-1.00
245981	-1.01
294390	-1.04
140655	-1.06
304388	-1.06
64205	-1.08
305623	-1.08
81764	-1.14
29236	-1.17
117526	-1.20
64307	-1.21
58934	-1.24
29624	-1.26
259272	-1.29
288778	-1.30
29285	-1.30
498185	-1.32
28298	-1.35
25348	-1.35
25517	-1.36
64158	-1.39
312538	-1.39
100912032	-1.41
500545	-1.45
64306	-1.47
94266	-1.47
309626	-1.50
361808	-1.53
59102	-1.73
124323	-1.80
691531	-2.15
361784	-2.81
