29374	15.52
84509	7.84
117263	7.16
29668	6.72
300079	6.49
63868	5.83
83427	5.75
363241	5.72
29304	5.66
362952	5.63
292028	5.62
54318	5.61
288444	5.56
298700	5.47
81763	5.47
296501	4.99
297755	4.95
29288	4.95
171361	4.91
293725	4.80
64205	4.60
29236	4.48
25737	4.39
29565	4.36
81764	4.16
288778	4.16
100912032	4.14
64307	4.10
245981	3.98
303831	3.97
83474	3.82
29425	3.77
81774	3.74
360572	3.69
100362640	3.68
65136	3.63
24786	3.54
83712	3.51
64306	3.42
171350	3.37
65262	3.30
81769	3.19
681429	3.12
140655	3.02
246146	2.87
83503	2.82
113958	2.72
122799	2.70
361808	2.61
28298	2.59
24333	2.59
117526	2.56
361402	2.54
24669	2.53
298441	2.49
364656	2.48
124323	2.45
25176	2.37
65165	2.35
29285	2.35
89819	2.31
64527	2.15
282845	2.15
245976	2.14
317163	2.14
298942	2.03
83789	2.02
56010	1.96
288480	1.89
365601	1.82
81829	1.73
288718	1.73
81822	1.62
691531	1.61
192255	1.60
116646	1.59
312538	1.51
114612	1.50
64640	1.34
29580	1.32
25308	1.31
288498	1.31
94266	1.26
494445	1.26
497778	1.20
64158	1.18
361784	1.18
363854	1.17
58934	1.15
24944	1.13
60416	1.12
59102	1.07
288615	1.05
84578	0.95
24649	0.88
304429	0.84
24829	0.81
24790	0.79
117030	0.74
192241	0.65
84490	0.64
60460	0.63
24699	0.62
25348	0.60
80843	0.57
298712	0.55
24968	0.53
292804	0.51
406168	0.45
84486	0.44
64665	0.39
294390	0.34
89833	0.33
29693	0.33
83504	0.33
287561	0.31
288666	0.30
296178	0.25
289878	0.24
259272	0.21
29395	0.16
24383	0.15
685325	0.09
24799	0.09
192172	0.08
298517	0.07
60349	0.06
25599	0.05
362720	0.04
29461	0.03
25740	0.01
79209	-0.07
246281	-0.08
363633	-0.09
29353	-0.15
301240	-0.20
24516	-0.22
24392	-0.28
24223	-0.29
309626	-0.31
81718	-0.38
316122	-0.39
500545	-0.40
65144	-0.41
689399	-0.45
59329	-0.45
29624	-0.45
302855	-0.45
288597	-0.47
117270	-0.47
25742	-0.49
311833	-0.51
24817	-0.57
81663	-0.58
83537	-0.61
24422	-0.61
304388	-0.69
685890	-0.74
25517	-0.79
309790	-0.85
54257	-0.90
24183	-0.95
361866	-0.97
304278	-1.00
191569	-1.02
406167	-1.04
246773	-1.09
305623	-1.13
29659	-1.15
114090	-1.18
25369	-1.31
83803	-1.42
24651	-1.45
498185	-1.66
140608	-2.27
54398	-2.63
