83427	17.11
81763	17.08
29304	16.92
100362640	14.91
29236	14.70
29288	14.54
64205	14.54
65136	13.81
81774	13.34
140655	13.16
171361	12.90
100912032	12.70
81764	12.39
28298	12.27
297755	12.03
245981	11.88
360572	11.69
124323	11.35
293725	11.08
64307	10.99
363241	10.79
29285	9.76
29565	9.43
64306	8.99
691531	8.92
94266	8.45
122799	7.95
171350	7.90
25348	7.66
298700	7.65
81769	6.69
116646	6.57
299809	6.49
83789	5.83
362952	5.65
64640	5.46
29374	5.44
84509	3.92
25737	3.65
681429	3.60
114612	3.51
292028	3.48
59102	3.37
25176	3.31
83712	3.29
58934	3.29
80843	3.23
361784	2.94
65165	2.85
192241	2.67
81822	2.60
65262	2.51
64527	2.50
296501	2.47
317163	2.34
288778	2.34
83503	2.33
312538	2.24
117263	2.13
298441	1.94
113958	1.94
117030	1.88
361402	1.86
63868	1.81
25308	1.77
303831	1.74
24333	1.70
83474	1.65
24790	1.60
302855	1.52
54318	1.49
29395	1.43
192172	1.36
292804	1.35
64665	1.34
84578	1.30
288480	1.30
24669	1.26
494445	1.23
117270	1.20
296178	1.19
60349	1.17
84490	1.08
64158	1.07
24786	1.07
304429	1.02
24968	0.98
29668	0.98
364656	0.96
89819	0.95
361808	0.92
24649	0.85
298712	0.83
29624	0.82
245976	0.80
84486	0.79
29425	0.79
25742	0.77
81829	0.72
60416	0.71
288615	0.70
282845	0.68
81718	0.59
192255	0.56
288718	0.54
500545	0.49
298942	0.48
24383	0.42
59329	0.41
191569	0.40
24223	0.37
689399	0.34
25369	0.34
24516	0.33
309626	0.30
362720	0.30
29659	0.29
24699	0.27
24799	0.25
365601	0.21
140608	0.18
497778	0.11
25599	0.10
309790	0.09
363633	0.07
301240	0.05
83803	0.04
83537	0.02
304278	-0.03
685890	-0.08
287561	-0.10
298517	-0.14
89833	-0.14
288498	-0.18
363854	-0.22
685325	-0.22
304388	-0.24
117526	-0.25
114090	-0.27
24944	-0.30
24651	-0.32
24422	-0.33
288597	-0.33
294390	-0.33
289878	-0.38
54257	-0.39
259272	-0.40
60460	-0.41
498185	-0.44
83504	-0.47
24829	-0.47
56010	-0.47
288444	-0.51
81663	-0.52
311833	-0.55
79209	-0.61
288666	-0.61
24392	-0.65
24817	-0.66
25517	-0.73
246146	-0.80
29353	-0.85
29461	-0.89
246773	-0.92
54398	-0.96
25740	-0.97
246281	-1.02
361866	-1.08
406167	-1.19
65144	-1.20
29693	-1.20
24183	-1.30
29580	-1.33
406168	-1.62
305623	-1.99
316122	-2.31
