192241	6.16
81829	5.42
113958	4.50
65262	4.27
24786	3.66
140608	3.60
406168	3.51
64665	3.49
298517	3.33
304278	3.21
245976	3.16
24383	3.07
192172	3.07
25176	2.95
83503	2.68
29425	2.60
292804	2.58
361808	2.48
63868	2.37
298942	2.35
362952	2.29
288480	2.24
24333	2.04
364656	1.85
298700	1.81
54398	1.71
304429	1.68
288718	1.54
117030	1.48
83537	1.43
24968	1.43
29668	1.42
29285	1.39
24422	1.39
117263	1.35
84490	1.29
29236	1.26
83803	1.25
64306	1.21
59102	1.21
691531	1.04
81769	0.98
64307	0.96
685325	0.96
58934	0.96
298712	0.94
25308	0.94
100362640	0.90
361784	0.88
29659	0.85
685890	0.85
296501	0.84
288666	0.83
89833	0.79
365601	0.78
60416	0.78
24817	0.77
83474	0.76
288615	0.75
304388	0.74
28298	0.73
288597	0.72
24829	0.70
81774	0.69
191569	0.68
83789	0.68
681429	0.65
65144	0.63
25369	0.59
246773	0.58
29624	0.57
65136	0.52
24516	0.52
83427	0.50
246146	0.50
309626	0.49
29580	0.47
24944	0.47
363633	0.42
312538	0.40
497778	0.40
245981	0.40
500545	0.39
296178	0.36
89819	0.35
81764	0.32
81718	0.31
288498	0.31
64205	0.30
294390	0.29
297755	0.26
292028	0.24
192255	0.23
29353	0.21
24790	0.21
29565	0.17
29288	0.10
363241	0.09
498185	0.09
25348	0.08
54257	0.07
117526	0.07
300079	0.05
361402	0.03
302855	0.02
24651	0.01
24183	-0.00
124323	-0.01
360572	-0.04
293725	-0.04
29304	-0.04
84486	-0.07
83712	-0.08
64527	-0.09
25599	-0.10
246281	-0.12
289878	-0.13
64158	-0.19
64640	-0.19
299809	-0.20
282845	-0.20
114612	-0.21
140655	-0.27
81763	-0.28
94266	-0.28
406167	-0.31
122799	-0.31
100912032	-0.32
288778	-0.36
83504	-0.36
25742	-0.43
56010	-0.46
29395	-0.49
60460	-0.50
25517	-0.54
117270	-0.55
25740	-0.56
24799	-0.59
116646	-0.60
316122	-0.60
60349	-0.73
29693	-0.73
171361	-0.75
29461	-0.76
259272	-0.80
363854	-0.83
24223	-0.86
79209	-0.87
298441	-0.87
54318	-0.87
317163	-0.89
288444	-0.92
84509	-0.94
80843	-0.99
287561	-1.00
689399	-1.04
305623	-1.06
65165	-1.11
311833	-1.13
362720	-1.15
29374	-1.19
24392	-1.20
84578	-1.23
24649	-1.26
24699	-1.33
309790	-1.37
81822	-1.39
494445	-1.41
24669	-1.42
59329	-1.45
361866	-1.50
114090	-1.78
303831	-1.90
171350	-1.92
81663	-1.96
25737	-1.97
