114612	5.84
494445	4.53
84486	4.31
25176	2.79
83712	2.76
54257	2.50
298441	2.34
84578	2.18
497778	2.16
296501	1.92
65262	1.85
24669	1.67
100362640	1.62
300079	1.52
303831	1.45
294390	1.33
304278	1.29
140608	1.23
298942	1.21
83803	1.14
59102	1.12
29693	1.11
191569	1.10
83474	1.08
312538	1.06
64158	1.02
29668	0.97
81822	0.96
25737	0.95
24699	0.78
363633	0.78
83503	0.73
81829	0.72
65144	0.72
292028	0.72
29395	0.71
29304	0.70
24392	0.62
29236	0.61
81763	0.55
296178	0.53
54398	0.52
171361	0.49
65136	0.49
192241	0.48
365601	0.45
63868	0.44
117263	0.44
689399	0.43
297755	0.38
117526	0.37
293725	0.37
81774	0.37
282845	0.32
24944	0.28
685325	0.26
64306	0.24
362952	0.24
25369	0.22
81718	0.22
83427	0.21
288615	0.19
25348	0.19
81764	0.19
288778	0.17
59329	0.15
94266	0.11
84490	0.09
64527	0.06
309626	0.03
301240	0.02
298517	0.01
25742	-0.01
28298	-0.03
363854	-0.04
288718	-0.05
60349	-0.07
60416	-0.09
298712	-0.10
246281	-0.11
292804	-0.11
246773	-0.12
124323	-0.13
259272	-0.13
89833	-0.14
685890	-0.15
309790	-0.16
24817	-0.17
29285	-0.17
406167	-0.18
24333	-0.19
140655	-0.20
64307	-0.20
500545	-0.21
83537	-0.22
305623	-0.23
245976	-0.25
362720	-0.25
24183	-0.26
287561	-0.29
24422	-0.32
122799	-0.34
29580	-0.34
24651	-0.38
117270	-0.39
25599	-0.40
29353	-0.41
113958	-0.42
361866	-0.44
299809	-0.45
691531	-0.46
364656	-0.46
64640	-0.47
304388	-0.50
29288	-0.52
311833	-0.53
80843	-0.55
288666	-0.56
79209	-0.56
361808	-0.58
24799	-0.60
64205	-0.61
192255	-0.63
245981	-0.70
24790	-0.70
24383	-0.73
25517	-0.75
65165	-0.75
361402	-0.76
304429	-0.80
360572	-0.85
192172	-0.85
288597	-0.88
83789	-0.90
29659	-0.90
83504	-0.93
681429	-0.93
114090	-0.94
298700	-0.95
288480	-0.96
64665	-0.98
24786	-0.99
24829	-0.99
100912032	-1.02
498185	-1.04
29425	-1.04
24649	-1.05
29624	-1.06
54318	-1.09
363241	-1.11
289878	-1.13
117030	-1.15
116646	-1.15
84509	-1.16
29565	-1.17
361784	-1.17
171350	-1.19
246146	-1.20
24968	-1.24
29374	-1.24
316122	-1.27
25308	-1.31
24516	-1.35
89819	-1.36
29461	-1.43
25740	-1.45
56010	-1.55
81663	-1.58
60460	-1.69
58934	-1.71
317163	-1.71
81769	-1.75
288498	-2.04
288444	-2.13
24223	-2.21
406168	-2.38
