171361	4.37
29374	4.28
299809	3.97
65165	3.61
294390	3.48
84486	3.21
288444	3.08
494445	2.87
298942	2.75
685325	2.41
317163	2.23
54318	2.20
293725	2.16
83474	2.10
56010	2.10
81764	2.03
361866	1.99
292028	1.98
83712	1.88
29668	1.79
81763	1.79
297755	1.78
365601	1.76
300079	1.74
24669	1.72
24516	1.62
64307	1.60
63868	1.60
363241	1.59
29304	1.50
100362640	1.47
29565	1.46
302855	1.45
122799	1.43
29288	1.40
288615	1.32
245981	1.26
316122	1.25
64205	1.23
84509	1.22
25737	1.14
83789	1.12
65262	1.10
25176	1.09
64306	1.08
24699	1.04
140655	1.03
116646	1.03
83427	0.99
497778	0.97
60416	0.92
24223	0.91
192255	0.90
361402	0.88
29236	0.87
298700	0.81
362952	0.79
282845	0.72
114612	0.72
58934	0.70
81822	0.66
29285	0.61
65136	0.60
305623	0.57
81774	0.56
29580	0.56
360572	0.53
117263	0.53
292804	0.52
287561	0.50
28298	0.45
64640	0.44
124323	0.43
100912032	0.42
29624	0.41
24649	0.38
117526	0.36
24786	0.35
288666	0.34
29693	0.32
60460	0.32
24799	0.29
25742	0.27
298712	0.27
406167	0.26
24392	0.26
311833	0.25
681429	0.24
25599	0.20
288498	0.19
81718	0.18
25740	0.17
114090	0.15
29395	0.12
296501	0.11
113958	0.11
288480	0.10
24651	0.08
24944	0.05
60349	0.03
29353	0.01
24183	-0.01
171350	-0.03
59329	-0.11
289878	-0.12
246281	-0.12
296178	-0.12
363854	-0.14
191569	-0.15
54257	-0.15
246146	-0.15
64665	-0.16
25348	-0.20
259272	-0.22
288597	-0.22
84578	-0.26
94266	-0.26
24817	-0.29
685890	-0.30
304278	-0.31
691531	-0.34
89833	-0.34
498185	-0.35
25308	-0.37
81769	-0.38
298441	-0.39
83504	-0.43
309790	-0.43
29425	-0.44
83503	-0.47
81663	-0.48
362720	-0.51
89819	-0.55
79209	-0.55
65144	-0.57
29659	-0.58
304429	-0.58
361784	-0.60
24790	-0.64
364656	-0.71
117270	-0.71
140608	-0.73
25369	-0.74
64158	-0.76
24422	-0.76
406168	-0.76
288718	-0.79
246773	-0.84
59102	-0.87
80843	-0.89
689399	-0.95
29461	-0.96
25517	-1.06
304388	-1.07
24829	-1.09
288778	-1.17
24333	-1.18
192241	-1.25
24968	-1.31
54398	-1.34
245976	-1.34
24383	-1.37
81829	-1.37
363633	-1.38
83803	-1.46
117030	-1.54
192172	-1.54
298517	-1.62
361808	-1.79
312538	-1.83
309626	-1.86
301240	-1.90
84490	-1.90
64527	-2.02
500545	-2.21
83537	-2.30
