83803	3.86
113958	3.24
301240	3.21
362952	2.94
245976	2.88
361402	2.78
288718	2.56
365601	2.34
364656	2.19
58934	2.18
288615	2.16
305623	1.94
54398	1.80
117526	1.68
406168	1.64
294390	1.59
304429	1.58
24817	1.55
24333	1.48
114612	1.38
83474	1.37
288480	1.34
29236	1.32
302855	1.29
65144	1.27
63868	1.24
29580	1.15
298517	1.14
292028	1.12
309626	1.08
288498	1.07
498185	1.07
64665	1.04
192241	1.03
83537	1.02
192172	0.94
83503	0.86
288444	0.82
282845	0.81
65262	0.74
81663	0.72
288666	0.71
64205	0.69
304388	0.69
59102	0.66
81829	0.64
296501	0.63
246773	0.58
296178	0.58
140608	0.55
25369	0.55
312538	0.54
191569	0.53
298942	0.51
117030	0.47
317163	0.47
288597	0.47
89833	0.45
685325	0.43
361784	0.40
25176	0.36
297755	0.32
29353	0.32
25742	0.29
81718	0.28
24790	0.27
29565	0.25
500545	0.22
298700	0.20
29624	0.18
24799	0.16
298712	0.13
84490	0.13
100362640	0.08
288778	0.02
24422	0.01
25348	-0.02
24669	-0.03
300079	-0.03
246146	-0.03
363633	-0.06
84578	-0.07
24786	-0.11
117263	-0.11
363854	-0.12
94266	-0.13
29285	-0.13
64640	-0.14
54257	-0.15
89819	-0.18
64306	-0.20
83712	-0.23
25740	-0.25
29395	-0.27
83427	-0.28
497778	-0.30
303831	-0.31
246281	-0.32
28298	-0.33
25517	-0.34
81774	-0.34
29659	-0.34
362720	-0.35
25599	-0.38
24651	-0.43
80843	-0.43
65165	-0.44
289878	-0.45
60416	-0.46
259272	-0.46
292804	-0.46
311833	-0.53
691531	-0.53
293725	-0.55
309790	-0.56
29693	-0.57
54318	-0.58
81764	-0.59
24392	-0.59
83504	-0.60
171361	-0.60
29668	-0.61
122799	-0.62
245981	-0.65
24383	-0.66
29374	-0.67
361808	-0.68
84486	-0.68
24944	-0.71
64307	-0.72
361866	-0.74
24968	-0.75
29304	-0.76
83789	-0.78
685890	-0.79
56010	-0.79
689399	-0.81
64158	-0.83
24183	-0.84
360572	-0.84
29425	-0.86
494445	-0.87
59329	-0.96
65136	-0.96
100912032	-0.96
79209	-1.00
299809	-1.00
60460	-1.02
298441	-1.02
81763	-1.03
287561	-1.07
192255	-1.07
24699	-1.08
64527	-1.10
29461	-1.12
117270	-1.18
316122	-1.19
25737	-1.20
29288	-1.20
114090	-1.20
25308	-1.22
60349	-1.27
24223	-1.31
81769	-1.33
116646	-1.37
140655	-1.39
24516	-1.43
24829	-1.51
171350	-1.59
406167	-1.67
363241	-1.68
84509	-1.74
124323	-1.74
81822	-1.77
681429	-1.87
24649	-2.18
