246773	2.73
25369	1.85
246281	1.76
191569	1.60
60349	1.08
59329	1.04
365601	1.02
117270	0.94
259272	0.93
362720	0.81
24944	0.75
301240	0.74
689399	0.73
304278	0.69
24829	0.68
288615	0.67
64306	0.54
24649	0.54
245976	0.53
317163	0.52
24817	0.47
311833	0.46
29236	0.45
25308	0.44
29425	0.42
29624	0.41
122799	0.37
117030	0.34
29285	0.33
83504	0.28
25517	0.27
288597	0.25
113958	0.23
60416	0.22
292804	0.21
81663	0.20
24183	0.20
406167	0.19
192172	0.18
60460	0.17
316122	0.17
500545	0.16
498185	0.14
64665	0.13
83503	0.11
287561	0.09
59102	0.09
25348	0.09
29353	0.08
54398	0.06
29461	0.03
64158	0.02
140608	0.02
94266	-0.01
116646	-0.02
84490	-0.03
288666	-0.03
24651	-0.04
29659	-0.04
114090	-0.05
89819	-0.05
681429	-0.06
305623	-0.07
65144	-0.07
192241	-0.07
29288	-0.08
29565	-0.08
289878	-0.09
81763	-0.11
691531	-0.12
24422	-0.12
64640	-0.14
309626	-0.15
81822	-0.15
28298	-0.17
64307	-0.18
364656	-0.18
29395	-0.20
89833	-0.20
361866	-0.20
304429	-0.21
83803	-0.22
497778	-0.24
300079	-0.24
83427	-0.24
81774	-0.25
58934	-0.27
100912032	-0.28
84486	-0.29
81769	-0.32
294390	-0.32
80843	-0.33
360572	-0.33
29304	-0.34
140655	-0.35
298517	-0.36
24333	-0.36
54257	-0.37
24516	-0.37
361784	-0.39
100362640	-0.40
312538	-0.41
685890	-0.43
297755	-0.44
117526	-0.45
65136	-0.46
25742	-0.46
24790	-0.46
64527	-0.48
24799	-0.49
298712	-0.49
302855	-0.50
171350	-0.50
64205	-0.52
24383	-0.52
296178	-0.54
406168	-0.54
293725	-0.56
54318	-0.57
81718	-0.59
124323	-0.59
245981	-0.61
171361	-0.61
84509	-0.63
25740	-0.63
24223	-0.64
246146	-0.64
25599	-0.66
83537	-0.66
83789	-0.67
363241	-0.67
192255	-0.68
24968	-0.68
29374	-0.69
299809	-0.69
25737	-0.70
117263	-0.70
81829	-0.74
81764	-0.74
298441	-0.76
83474	-0.78
84578	-0.78
79209	-0.79
24392	-0.80
288778	-0.83
65165	-0.83
361402	-0.84
363633	-0.90
24669	-0.91
361808	-0.93
25176	-0.96
288480	-0.97
494445	-0.99
63868	-0.99
298700	-0.99
296501	-1.01
114612	-1.02
298942	-1.06
303831	-1.07
24786	-1.08
309790	-1.14
29668	-1.14
29693	-1.16
363854	-1.21
65262	-1.24
282845	-1.27
29580	-1.34
685325	-1.35
56010	-1.37
288718	-1.38
362952	-1.39
83712	-1.42
288444	-1.45
292028	-1.50
288498	-1.78
24699	-2.06
