84509	3.08
288666	2.83
89819	2.79
58934	2.38
317163	2.10
25176	1.99
681429	1.99
113958	1.87
298942	1.84
80843	1.83
301240	1.68
81769	1.66
304278	1.58
192241	1.58
363241	1.58
288615	1.48
365601	1.48
24422	1.47
117526	1.46
288778	1.45
54318	1.39
117030	1.39
81718	1.38
83503	1.37
29288	1.31
362952	1.30
361808	1.29
298712	1.18
25737	1.17
64306	1.13
288498	1.13
65144	1.11
298441	1.10
25308	1.07
288480	1.05
24786	1.04
300079	1.02
140608	1.01
81829	1.00
124323	0.98
94266	0.97
64640	0.96
282845	0.96
59102	0.94
361784	0.93
83537	0.93
361402	0.92
65165	0.91
65136	0.91
63868	0.90
500545	0.90
29374	0.89
25742	0.89
83427	0.89
316122	0.88
122799	0.87
288444	0.84
299809	0.84
192172	0.83
171361	0.79
140655	0.78
24817	0.78
28298	0.77
297755	0.75
65262	0.73
29624	0.73
83789	0.73
494445	0.72
29285	0.71
691531	0.71
60460	0.67
83474	0.65
29425	0.62
100912032	0.61
685890	0.60
81774	0.57
60416	0.56
56010	0.55
296178	0.54
83712	0.53
116646	0.53
29236	0.52
81763	0.47
305623	0.47
24651	0.47
25740	0.46
24333	0.43
298517	0.41
309626	0.40
64307	0.39
363854	0.39
64527	0.39
362720	0.38
64205	0.35
245981	0.34
29304	0.34
83803	0.33
360572	0.30
83504	0.27
81663	0.25
100362640	0.24
246146	0.18
689399	0.17
298700	0.14
24669	0.12
29580	0.10
29659	0.10
246281	0.08
25348	0.04
245976	0.04
364656	0.02
84490	-0.00
25517	-0.01
24968	-0.03
84578	-0.04
406168	-0.04
288597	-0.05
81822	-0.06
361866	-0.08
29353	-0.08
29395	-0.09
24944	-0.10
363633	-0.13
259272	-0.14
296501	-0.15
29461	-0.19
309790	-0.19
304388	-0.21
192255	-0.23
54257	-0.25
24223	-0.29
191569	-0.32
287561	-0.33
311833	-0.34
64665	-0.34
81764	-0.35
24699	-0.36
24829	-0.36
64158	-0.37
24649	-0.38
497778	-0.42
289878	-0.43
171350	-0.46
685325	-0.49
89833	-0.49
114612	-0.51
312538	-0.54
79209	-0.58
303831	-0.58
293725	-0.59
114090	-0.59
406167	-0.59
246773	-0.60
117270	-0.62
29668	-0.62
117263	-0.64
29693	-0.66
288718	-0.68
24383	-0.75
25599	-0.79
302855	-0.80
294390	-0.86
60349	-1.01
292804	-1.07
25369	-1.11
29565	-1.17
54398	-1.30
24183	-1.36
24516	-1.56
292028	-1.58
24799	-1.80
498185	-1.85
59329	-1.86
84486	-1.93
24790	-1.95
24392	-2.06
