282845	3.73
54398	2.73
84578	2.60
304278	1.94
83537	1.87
192255	1.86
29353	1.85
361402	1.71
81822	1.68
294390	1.68
361866	1.59
288480	1.45
288597	1.38
288444	1.36
246146	1.34
81663	1.24
246281	1.17
406167	1.15
114612	1.07
191569	1.06
24392	1.02
60416	1.02
406168	0.83
292804	0.83
60460	0.82
309790	0.62
303831	0.57
289878	0.52
311833	0.49
361784	0.47
304429	0.47
365601	0.46
685325	0.40
24829	0.39
25742	0.39
171361	0.38
80843	0.37
29659	0.36
58934	0.36
29461	0.36
288498	0.35
24183	0.34
24651	0.31
65144	0.27
83712	0.25
25740	0.24
24944	0.24
24799	0.22
24817	0.21
29374	0.21
498185	0.20
25517	0.19
24422	0.17
246773	0.15
64640	0.13
24383	0.12
309626	0.11
363854	0.10
29580	0.10
89833	0.05
83803	0.02
296178	0.01
117526	-0.02
29693	-0.04
362720	-0.05
304388	-0.07
29668	-0.08
60349	-0.08
117030	-0.10
298712	-0.12
25369	-0.14
84486	-0.15
245976	-0.15
83789	-0.23
302855	-0.23
54257	-0.28
117270	-0.28
362952	-0.29
24333	-0.29
316122	-0.30
65262	-0.31
114090	-0.34
24699	-0.36
691531	-0.36
25599	-0.41
24669	-0.43
364656	-0.45
296501	-0.46
29565	-0.46
59102	-0.47
689399	-0.50
65165	-0.52
83504	-0.52
64205	-0.52
298700	-0.60
64158	-0.61
79209	-0.67
292028	-0.67
24968	-0.70
63868	-0.71
288666	-0.72
56010	-0.72
293725	-0.72
288615	-0.73
59329	-0.73
360572	-0.78
81764	-0.79
288718	-0.82
81829	-0.84
89819	-0.85
81774	-0.85
84490	-0.88
83503	-0.89
259272	-0.89
363633	-0.90
124323	-0.97
24649	-0.97
288778	-1.01
301240	-1.06
113958	-1.06
25176	-1.06
298942	-1.08
317163	-1.08
28298	-1.08
171350	-1.09
94266	-1.10
299809	-1.13
29624	-1.14
500545	-1.14
287561	-1.15
84509	-1.16
29395	-1.21
64665	-1.25
361808	-1.26
65136	-1.28
298441	-1.33
140655	-1.34
25737	-1.36
192241	-1.36
494445	-1.36
122799	-1.37
312538	-1.38
54318	-1.38
497778	-1.40
116646	-1.44
81718	-1.45
29285	-1.47
681429	-1.48
64306	-1.48
83474	-1.50
25308	-1.52
29288	-1.53
24786	-1.54
298517	-1.63
192172	-1.68
24223	-1.73
117263	-1.81
24516	-1.84
297755	-1.90
83427	-1.92
685890	-1.93
100362640	-1.95
300079	-1.99
245981	-2.19
64307	-2.19
363241	-2.24
29425	-2.40
25348	-2.48
29236	-2.50
81763	-2.51
140608	-2.56
29304	-2.64
81769	-2.78
24790	-2.87
100912032	-2.95
64527	-3.53
