245976	4.15
54398	3.24
361808	3.02
288778	2.91
288718	2.84
114612	2.67
83537	2.60
29565	2.46
406167	2.27
94266	2.06
494445	2.04
64527	1.87
685890	1.86
81769	1.72
58934	1.64
360572	1.62
25348	1.61
259272	1.60
192172	1.54
246146	1.48
64640	1.45
24669	1.43
24817	1.41
83803	1.37
64665	1.36
24968	1.33
124323	1.29
364656	1.27
81663	1.26
81763	1.24
24799	1.22
361784	1.20
24516	1.18
691531	1.13
29285	1.12
309790	1.10
304278	1.08
25599	1.05
65136	1.05
83474	1.04
59329	1.04
100912032	1.03
24183	1.02
116646	1.00
246281	0.92
681429	0.85
363633	0.82
140655	0.80
80843	0.79
171350	0.77
298712	0.76
24223	0.75
24699	0.70
81774	0.68
64306	0.60
64205	0.60
24649	0.58
288498	0.57
298700	0.55
363854	0.52
317163	0.50
301240	0.49
24786	0.49
292028	0.48
25308	0.47
282845	0.46
29304	0.44
304429	0.40
29288	0.38
64307	0.37
362952	0.37
288615	0.37
298517	0.36
54318	0.35
300079	0.30
100362640	0.30
122799	0.28
361402	0.25
497778	0.24
406168	0.22
65165	0.22
24829	0.20
29236	0.20
24790	0.15
28298	0.15
81764	0.15
84578	0.12
29659	0.11
305623	0.11
89833	0.10
293725	0.10
113958	0.09
117030	0.08
296501	0.07
302855	0.03
500545	-0.00
24651	-0.03
294390	-0.04
296178	-0.06
498185	-0.07
29374	-0.11
24944	-0.14
304388	-0.15
81718	-0.17
60460	-0.19
65144	-0.21
25742	-0.26
29395	-0.27
685325	-0.28
29461	-0.29
25369	-0.29
117526	-0.30
299809	-0.31
363241	-0.31
24422	-0.31
245981	-0.31
83427	-0.36
79209	-0.44
298441	-0.44
29580	-0.45
297755	-0.47
54257	-0.47
312538	-0.51
365601	-0.53
689399	-0.54
63868	-0.54
60349	-0.57
89819	-0.59
311833	-0.60
171361	-0.62
83503	-0.64
83504	-0.64
288597	-0.71
287561	-0.73
25176	-0.74
25737	-0.76
81822	-0.76
84490	-0.76
316122	-0.79
24333	-0.80
56010	-0.81
25517	-0.83
29624	-0.88
191569	-0.97
117263	-0.98
29425	-0.99
29693	-1.02
289878	-1.03
117270	-1.05
25740	-1.07
84509	-1.19
140608	-1.20
288444	-1.27
84486	-1.31
24392	-1.35
288666	-1.35
114090	-1.35
298942	-1.50
83789	-1.51
83712	-1.58
64158	-1.60
192255	-1.60
60416	-1.69
361866	-1.74
29668	-1.79
29353	-1.84
303831	-1.86
292804	-1.97
362720	-1.99
246773	-2.04
192241	-2.15
59102	-2.21
81829	-2.64
65262	-2.73
288480	-2.74
24383	-2.77
