282845	3.12
406167	2.43
60460	2.36
259272	1.87
494445	1.59
81822	1.58
246146	1.41
361866	1.25
29659	1.18
294390	1.16
58934	1.14
60416	1.12
24516	1.11
309626	1.10
117526	1.07
25369	0.97
24649	0.96
192255	0.95
83537	0.94
24968	0.90
89833	0.89
64158	0.82
298517	0.81
361402	0.80
287561	0.72
25737	0.71
29461	0.66
288597	0.66
246773	0.66
29624	0.63
305623	0.62
361784	0.58
317163	0.56
245976	0.56
81663	0.51
288778	0.50
288498	0.49
94266	0.47
59102	0.45
362952	0.45
25740	0.44
29395	0.43
361808	0.43
171361	0.39
312538	0.39
84490	0.38
83712	0.35
114090	0.34
117030	0.33
296178	0.30
29304	0.28
84578	0.28
406168	0.27
80843	0.26
24699	0.23
311833	0.19
24183	0.17
81769	0.17
25742	0.13
25517	0.11
685890	0.10
300079	0.09
124323	0.08
65165	0.07
362720	0.01
114612	0.01
288718	-0.03
292028	-0.04
24223	-0.04
81718	-0.05
100912032	-0.05
83789	-0.07
29353	-0.09
24790	-0.10
122799	-0.11
298700	-0.11
84509	-0.14
316122	-0.14
64640	-0.14
64665	-0.15
689399	-0.15
302855	-0.16
304429	-0.19
116646	-0.20
191569	-0.21
498185	-0.22
500545	-0.24
24786	-0.25
83803	-0.25
81763	-0.26
24333	-0.28
293725	-0.28
298712	-0.28
83503	-0.31
288615	-0.32
59329	-0.32
83504	-0.33
29565	-0.33
245981	-0.33
117263	-0.34
24669	-0.34
29374	-0.37
363633	-0.38
289878	-0.38
60349	-0.39
25599	-0.40
497778	-0.41
29668	-0.43
303831	-0.43
56010	-0.44
691531	-0.46
360572	-0.46
24829	-0.49
64527	-0.50
54398	-0.53
304278	-0.56
171350	-0.58
29580	-0.59
81774	-0.60
84486	-0.65
24392	-0.65
246281	-0.65
140655	-0.66
65144	-0.66
28298	-0.66
24651	-0.67
117270	-0.67
298441	-0.68
292804	-0.69
54257	-0.70
25308	-0.72
681429	-0.76
64306	-0.78
25348	-0.82
64205	-0.82
288480	-0.83
299809	-0.85
297755	-0.86
29285	-0.87
81764	-0.87
363241	-0.87
298942	-0.88
363854	-0.89
296501	-0.90
54318	-0.91
29693	-0.91
288444	-0.92
65136	-0.93
24799	-0.96
113958	-0.97
364656	-0.97
63868	-0.98
100362640	-1.00
25176	-1.02
64307	-1.06
288666	-1.06
65262	-1.08
83474	-1.09
304388	-1.14
29288	-1.15
79209	-1.16
24944	-1.18
140608	-1.21
24817	-1.30
24383	-1.30
301240	-1.37
29236	-1.38
29425	-1.40
192172	-1.40
24422	-1.48
192241	-1.51
83427	-1.51
89819	-1.59
81829	-1.69
685325	-1.71
365601	-2.10
