29461	1.67
246146	1.53
259272	1.52
89833	0.96
289878	0.96
24649	0.94
361402	0.89
361866	0.88
685890	0.86
298517	0.83
685325	0.70
288498	0.69
114090	0.60
171350	0.59
84578	0.51
305623	0.49
117270	0.46
304388	0.46
58934	0.44
365601	0.43
171361	0.42
316122	0.38
29659	0.37
288597	0.37
24516	0.36
681429	0.32
361784	0.27
28298	0.26
292028	0.25
303831	0.25
25308	0.20
309790	0.19
406168	0.17
81764	0.16
24829	0.16
362952	0.16
29374	0.15
24699	0.10
29624	0.08
298700	0.08
191569	0.07
60349	0.05
24790	0.05
691531	0.04
296178	0.03
246773	0.02
317163	-0.01
54318	-0.02
64307	-0.03
94266	-0.03
406167	-0.03
245981	-0.08
192255	-0.08
288444	-0.08
498185	-0.08
288778	-0.09
29353	-0.09
89819	-0.11
64640	-0.12
24944	-0.12
245976	-0.14
25348	-0.14
59329	-0.14
292804	-0.15
24392	-0.15
140655	-0.15
84486	-0.16
84509	-0.16
24223	-0.16
689399	-0.17
83504	-0.17
100362640	-0.18
24786	-0.19
25740	-0.19
25369	-0.19
288480	-0.21
29288	-0.21
29565	-0.22
24383	-0.24
100912032	-0.27
29285	-0.27
83427	-0.28
360572	-0.29
298712	-0.31
287561	-0.31
24333	-0.32
83803	-0.33
24799	-0.33
304429	-0.34
60416	-0.34
65136	-0.34
29693	-0.34
64205	-0.35
363241	-0.36
24183	-0.37
117526	-0.37
81774	-0.37
64158	-0.37
25517	-0.38
124323	-0.39
364656	-0.39
81718	-0.40
29395	-0.40
25742	-0.40
29580	-0.40
24651	-0.41
500545	-0.42
29304	-0.44
83789	-0.46
282845	-0.49
29425	-0.49
288718	-0.50
297755	-0.50
299809	-0.51
25599	-0.51
140608	-0.52
116646	-0.53
302855	-0.53
304278	-0.53
65144	-0.54
300079	-0.55
56010	-0.55
60460	-0.56
293725	-0.56
29236	-0.56
192172	-0.56
309626	-0.60
81663	-0.61
63868	-0.61
81769	-0.62
29668	-0.63
79209	-0.64
362720	-0.65
65262	-0.67
25737	-0.68
363633	-0.68
363854	-0.69
81822	-0.69
298441	-0.75
361808	-0.77
81829	-0.78
312538	-0.79
24968	-0.80
294390	-0.80
54398	-0.82
246281	-0.83
83474	-0.84
114612	-0.84
80843	-0.85
117263	-0.85
65165	-0.87
122799	-0.87
64665	-0.88
192241	-0.89
113958	-0.90
298942	-0.94
494445	-0.95
117030	-0.97
81763	-0.98
64306	-0.98
288666	-1.00
83712	-1.02
64527	-1.06
288615	-1.10
497778	-1.11
301240	-1.13
59102	-1.17
25176	-1.27
84490	-1.32
24422	-1.35
54257	-1.38
83537	-1.47
83503	-1.56
296501	-1.64
24817	-1.70
24669	-2.04
