84490	9.32
59102	8.28
25737	7.85
296501	7.36
500545	4.66
362720	4.25
296178	4.22
298441	3.86
29395	3.47
83427	3.28
83712	2.90
497778	2.89
84509	2.85
288778	2.53
80843	2.33
64205	2.27
300079	2.24
362952	2.24
29236	2.21
100362640	2.11
83803	2.01
293725	1.98
114612	1.95
24790	1.94
361808	1.86
81764	1.78
117030	1.77
64306	1.75
245981	1.69
298700	1.69
24968	1.61
361784	1.59
28298	1.58
29304	1.58
81763	1.57
494445	1.55
171350	1.53
299809	1.51
64158	1.48
81774	1.44
689399	1.41
117526	1.39
363241	1.35
83474	1.33
292028	1.32
24699	1.31
292804	1.30
63868	1.30
288718	1.27
117270	1.26
83789	1.25
29285	1.24
140655	1.21
24383	1.20
25348	1.18
29565	1.17
302855	1.06
124323	1.02
685325	0.97
81822	0.93
691531	0.90
65136	0.89
297755	0.89
83504	0.88
100912032	0.88
25176	0.87
192172	0.86
29580	0.83
363633	0.79
681429	0.74
360572	0.73
64665	0.71
361402	0.71
65144	0.67
65262	0.66
29353	0.66
288480	0.64
60416	0.61
25599	0.61
54398	0.61
81829	0.55
304278	0.54
29668	0.51
24333	0.51
54318	0.48
29659	0.46
64307	0.46
83503	0.44
122799	0.43
24669	0.41
301240	0.40
309790	0.39
29288	0.34
259272	0.34
365601	0.32
59329	0.32
94266	0.31
89833	0.31
25369	0.29
64527	0.27
25517	0.24
246146	0.23
60349	0.22
364656	0.20
84578	0.19
29425	0.19
25742	0.14
54257	0.13
81769	0.11
24183	0.11
24649	0.09
191569	0.07
29374	0.06
282845	0.06
24829	0.04
363854	0.03
245976	0.02
24422	0.00
24651	-0.04
65165	-0.05
24799	-0.06
29624	-0.07
24516	-0.07
498185	-0.08
24817	-0.14
246281	-0.16
287561	-0.18
192255	-0.24
406167	-0.24
29461	-0.25
24223	-0.25
81663	-0.28
117263	-0.37
25740	-0.38
116646	-0.40
304388	-0.41
289878	-0.42
294390	-0.44
64640	-0.44
685890	-0.47
171361	-0.51
309626	-0.51
304429	-0.54
24392	-0.55
60460	-0.61
25308	-0.63
83537	-0.64
114090	-0.68
298517	-0.74
311833	-0.79
29693	-0.79
246773	-0.80
79209	-0.83
56010	-0.85
288615	-0.91
113958	-0.94
288498	-0.94
192241	-0.97
84486	-0.99
58934	-1.12
288597	-1.14
24944	-1.15
288444	-1.17
24786	-1.20
298712	-1.25
140608	-1.26
316122	-1.31
81718	-1.32
305623	-1.38
298942	-1.39
288666	-1.58
361866	-1.66
317163	-1.71
303831	-1.83
89819	-2.06
406168	-2.48
