288498	2.46
317163	1.97
81663	1.90
361866	1.89
24944	1.71
298712	1.68
24649	1.66
79209	1.58
29580	1.52
171361	1.45
498185	1.42
303831	1.25
288666	1.12
24651	1.10
29461	1.07
54318	1.04
361402	0.98
24829	0.95
171350	0.92
25308	0.89
304429	0.88
25176	0.87
365601	0.86
81718	0.82
65165	0.78
681429	0.77
80843	0.76
89819	0.73
122799	0.72
406168	0.71
24699	0.70
287561	0.64
81769	0.60
117263	0.58
294390	0.56
288444	0.54
298942	0.54
361784	0.48
29374	0.40
362720	0.39
311833	0.38
116646	0.35
60349	0.35
298441	0.34
288597	0.29
59329	0.28
60416	0.24
282845	0.23
60460	0.22
304388	0.17
363241	0.15
81822	0.15
84509	0.12
24786	0.12
192255	0.11
259272	0.08
361808	0.07
24392	0.06
24422	0.06
65144	0.05
56010	0.04
25369	0.03
24223	0.01
246773	-0.05
117270	-0.05
64158	-0.07
84486	-0.09
113958	-0.09
117526	-0.09
24790	-0.10
309790	-0.14
685890	-0.20
289878	-0.22
25517	-0.23
296178	-0.23
84578	-0.25
25737	-0.25
58934	-0.27
288718	-0.28
29668	-0.28
305623	-0.30
83803	-0.30
83504	-0.32
24669	-0.32
64306	-0.32
362952	-0.35
25348	-0.37
29659	-0.37
63868	-0.38
299809	-0.39
83537	-0.40
685325	-0.42
292028	-0.43
494445	-0.45
363854	-0.47
29565	-0.48
54257	-0.48
83789	-0.51
64307	-0.51
288778	-0.52
191569	-0.52
296501	-0.53
245976	-0.54
25740	-0.54
364656	-0.55
84490	-0.56
83474	-0.57
246281	-0.58
298517	-0.58
25742	-0.58
500545	-0.58
246146	-0.59
94266	-0.59
360572	-0.59
114090	-0.60
301240	-0.60
29425	-0.61
24516	-0.61
691531	-0.65
24333	-0.66
89833	-0.68
298700	-0.69
293725	-0.69
29395	-0.71
64640	-0.71
689399	-0.73
81764	-0.73
29624	-0.76
309626	-0.79
59102	-0.79
29353	-0.80
64527	-0.81
65136	-0.82
29288	-0.84
288480	-0.87
29285	-0.89
288615	-0.92
192172	-0.93
64205	-0.93
29693	-0.95
100912032	-0.96
140655	-1.01
83503	-1.02
124323	-1.03
25599	-1.03
297755	-1.08
81829	-1.09
24799	-1.10
100362640	-1.12
24968	-1.17
117030	-1.18
304278	-1.19
363633	-1.26
24183	-1.27
302855	-1.27
29236	-1.27
81774	-1.31
312538	-1.31
245981	-1.36
140608	-1.36
64665	-1.47
65262	-1.50
497778	-1.51
24817	-1.53
192241	-1.56
83712	-1.58
54398	-1.59
29304	-1.65
28298	-1.67
81763	-1.77
114612	-1.88
83427	-1.90
292804	-1.95
406167	-2.18
24383	-2.28
300079	-2.31
