54318	6.07
65165	5.10
80843	4.57
298942	3.96
81718	3.68
171361	3.45
81769	3.36
56010	2.92
58934	2.82
362952	2.81
81764	2.56
117526	2.55
288444	2.46
361402	2.46
298712	2.43
122799	2.42
300079	2.34
363241	2.26
113958	2.24
303831	2.23
29374	2.20
299809	2.14
100912032	2.14
65136	2.10
304429	2.10
494445	2.07
288778	2.05
84509	2.05
29304	1.99
316122	1.97
116646	1.93
29668	1.79
246146	1.76
681429	1.76
79209	1.74
29288	1.71
81763	1.67
288480	1.56
361784	1.54
83474	1.51
288666	1.49
298700	1.48
29565	1.47
363854	1.46
63868	1.39
171350	1.38
64306	1.38
64640	1.30
25308	1.26
360572	1.24
81822	1.23
28298	1.12
289878	1.10
100362640	1.04
24944	1.02
25176	1.02
64307	1.01
259272	0.97
287561	0.97
64527	0.94
294390	0.90
288615	0.88
245981	0.85
24223	0.85
81774	0.82
288498	0.78
117263	0.77
83712	0.72
24669	0.71
25369	0.67
365601	0.67
25740	0.66
59329	0.66
94266	0.65
114612	0.65
245976	0.64
83427	0.59
309790	0.56
304388	0.52
309626	0.50
29236	0.49
24699	0.48
29461	0.48
304278	0.47
89819	0.46
24649	0.46
140655	0.43
246773	0.42
29659	0.40
293725	0.40
691531	0.39
689399	0.38
297755	0.36
64205	0.33
60349	0.33
29425	0.31
361808	0.30
361866	0.29
117030	0.29
685890	0.28
124323	0.24
60460	0.23
24799	0.22
24786	0.22
29285	0.15
288718	0.14
84486	0.12
24516	0.11
117270	0.05
292028	0.04
24790	0.02
406168	0.01
25737	0.01
296178	0.01
29395	-0.01
311833	-0.01
25348	-0.06
59102	-0.08
64665	-0.08
83503	-0.09
89833	-0.11
84490	-0.11
24829	-0.12
114090	-0.21
60416	-0.22
24333	-0.24
282845	-0.24
83803	-0.25
406167	-0.26
498185	-0.26
362720	-0.27
288597	-0.27
29693	-0.27
24392	-0.29
83789	-0.30
29624	-0.33
83504	-0.35
246281	-0.39
24422	-0.40
298441	-0.41
24651	-0.51
25517	-0.53
64158	-0.53
24817	-0.58
83537	-0.60
298517	-0.61
24968	-0.62
24183	-0.70
54257	-0.73
29580	-0.75
81829	-0.80
364656	-0.83
363633	-0.85
301240	-0.89
25742	-0.89
296501	-0.91
65144	-0.95
25599	-1.05
305623	-1.08
192241	-1.09
497778	-1.16
81663	-1.17
192255	-1.23
191569	-1.24
685325	-1.41
54398	-1.63
65262	-1.63
312538	-1.71
84578	-1.71
302855	-1.71
24383	-1.85
140608	-1.94
29353	-2.13
500545	-2.14
292804	-2.50
192172	-2.60
