29288	19.84
28298	18.19
100912032	18.03
81774	17.82
691531	17.61
81763	16.30
65136	16.18
64307	16.05
94266	15.79
25348	15.75
29304	15.67
100362640	15.20
64306	15.04
245981	14.28
124323	14.15
140655	13.96
122799	13.91
83427	13.51
29285	13.47
29236	12.85
297755	12.75
81764	12.68
116646	12.32
64205	12.30
363241	11.70
300079	11.69
64640	11.44
81769	9.71
293725	8.28
171361	8.12
29565	7.59
171350	6.10
681429	5.96
298700	5.86
361784	4.76
25308	3.96
83789	3.86
58934	3.85
29374	3.78
288778	3.73
299809	3.69
83503	3.60
361808	3.28
84509	3.23
362952	3.02
24786	2.97
192241	2.96
113958	2.93
64527	2.92
140608	2.84
24383	2.72
25737	2.65
114612	2.45
292028	2.43
298517	2.21
364656	2.12
54318	1.99
29668	1.89
24223	1.76
83474	1.66
89819	1.64
309626	1.62
83712	1.57
24790	1.56
65165	1.55
63868	1.52
59102	1.48
497778	1.46
363854	1.40
192172	1.38
361402	1.36
29425	1.31
317163	1.24
25176	1.22
29395	1.22
24333	1.18
117030	1.17
298712	1.14
24829	1.13
245976	0.98
81822	0.97
25742	0.85
80843	0.84
494445	0.77
24968	0.75
56010	0.74
298441	0.74
312538	0.73
84486	0.72
24649	0.66
24944	0.62
60349	0.60
24699	0.57
246281	0.53
303831	0.53
64158	0.52
59329	0.52
24422	0.51
288480	0.50
288615	0.50
296501	0.50
81663	0.41
294390	0.37
259272	0.36
117270	0.33
289878	0.32
304429	0.30
689399	0.22
365601	0.20
117263	0.18
24392	0.12
24669	0.09
191569	0.06
29624	0.04
296178	0.00
24651	-0.01
292804	-0.02
362720	-0.02
301240	-0.04
25599	-0.06
89833	-0.13
54257	-0.14
60416	-0.14
114090	-0.15
25517	-0.18
117526	-0.20
685890	-0.20
64665	-0.22
24516	-0.22
24799	-0.27
25369	-0.28
363633	-0.29
311833	-0.29
304388	-0.33
500545	-0.33
288666	-0.34
288597	-0.34
287561	-0.35
84490	-0.38
29461	-0.39
24817	-0.41
498185	-0.45
309790	-0.46
298942	-0.46
83803	-0.50
288444	-0.55
81718	-0.58
81829	-0.59
83537	-0.59
316122	-0.59
60460	-0.69
29353	-0.70
84578	-0.71
192255	-0.74
288718	-0.77
305623	-0.78
24183	-0.81
304278	-0.84
302855	-0.85
79209	-0.85
246773	-0.87
288498	-0.91
29580	-0.91
83504	-0.92
685325	-0.93
54398	-1.04
406168	-1.18
246146	-1.21
282845	-1.22
361866	-1.26
29659	-1.30
65262	-1.33
65144	-1.53
25740	-1.58
406167	-1.84
29693	-2.06
