362952	6.26
288778	5.01
292028	4.83
29374	4.28
246146	4.27
54318	3.95
29565	3.40
288498	3.37
298700	3.28
288480	2.85
304278	2.78
84509	2.67
299809	2.54
317163	2.46
361808	2.44
84578	2.27
245981	2.17
29425	2.11
56010	2.10
65136	2.09
83474	2.09
29236	2.07
64205	2.01
361866	1.91
300079	1.86
64527	1.81
298517	1.78
80843	1.77
117263	1.75
305623	1.71
28298	1.71
81764	1.67
293725	1.67
29285	1.66
113958	1.62
83427	1.51
81774	1.49
117526	1.49
298712	1.48
296178	1.48
171361	1.40
124323	1.37
245976	1.37
360572	1.36
288718	1.26
94266	1.26
406168	1.25
685325	1.15
58934	1.14
81763	1.12
29304	1.01
316122	0.98
122799	0.94
304429	0.92
29288	0.92
24383	0.92
64306	0.91
311833	0.89
288444	0.89
83789	0.89
84490	0.88
303831	0.88
64640	0.85
83712	0.82
64307	0.80
309790	0.80
363241	0.78
681429	0.76
63868	0.76
29668	0.72
29580	0.72
171350	0.71
312538	0.71
361784	0.70
100362640	0.62
114612	0.54
289878	0.54
288597	0.52
140655	0.50
100912032	0.48
29659	0.46
24333	0.46
691531	0.37
25369	0.26
309626	0.25
114090	0.23
59329	0.22
79209	0.13
685890	0.11
60416	0.09
298942	0.07
24968	0.05
81769	0.04
29693	0.03
89833	0.03
301240	0.03
282845	0.02
24649	0.02
59102	0.01
60349	0.01
365601	0.00
246773	-0.04
65165	-0.04
296501	-0.06
297755	-0.08
64665	-0.09
29461	-0.09
84486	-0.09
25737	-0.09
298441	-0.10
65262	-0.14
25348	-0.15
29624	-0.24
24829	-0.26
294390	-0.31
83537	-0.33
24799	-0.35
81663	-0.37
81822	-0.38
24392	-0.42
494445	-0.44
24183	-0.45
364656	-0.47
89819	-0.47
363633	-0.50
498185	-0.53
54257	-0.53
287561	-0.56
191569	-0.56
25517	-0.56
81718	-0.57
25740	-0.57
24516	-0.59
25742	-0.60
24699	-0.61
292804	-0.62
29353	-0.65
83504	-0.72
259272	-0.74
362720	-0.76
302855	-0.76
25176	-0.81
246281	-0.83
304388	-0.84
65144	-0.85
83803	-0.86
24422	-0.91
60460	-0.91
192241	-0.94
24790	-0.94
363854	-0.96
24817	-0.98
25599	-0.99
500545	-1.01
83503	-1.06
117270	-1.08
24651	-1.13
24786	-1.13
116646	-1.18
192255	-1.19
24944	-1.30
689399	-1.33
288615	-1.42
29395	-1.48
288666	-1.49
497778	-1.50
54398	-1.53
64158	-1.55
117030	-1.66
25308	-1.69
24223	-1.77
81829	-1.84
24669	-2.19
192172	-2.20
406167	-2.23
140608	-2.31
