691531	6.55
100912032	5.61
64307	5.49
58934	5.28
298700	5.14
81769	4.84
360572	4.76
94266	4.71
28298	4.69
140655	4.52
81764	4.43
25308	4.16
363241	4.15
81774	4.11
83427	4.04
25348	4.01
64306	3.91
29285	3.85
25737	3.71
100362640	3.61
361808	3.48
29304	3.46
124323	3.45
89819	3.45
245981	3.45
29236	3.34
29288	3.31
245976	3.22
117526	3.19
59102	3.17
81763	3.12
297755	3.06
362952	3.00
65136	2.95
300079	2.94
29374	2.88
681429	2.85
363854	2.79
64640	2.76
288480	2.66
64205	2.58
114612	2.46
83537	2.32
298712	2.26
140608	2.09
83803	2.06
83474	2.06
84509	1.97
298441	1.95
293725	1.89
83503	1.86
294390	1.83
122799	1.80
24968	1.79
171350	1.71
365601	1.65
84578	1.60
312538	1.59
288778	1.56
317163	1.54
296501	1.49
116646	1.46
25369	1.43
288718	1.41
29425	1.31
54318	1.30
24786	1.29
117270	1.28
288498	1.24
309626	1.20
299809	1.18
494445	1.17
282845	1.15
24649	1.11
192241	1.07
24790	1.07
364656	1.02
29668	1.01
29565	0.98
292028	0.95
304429	0.93
59329	0.88
301240	0.88
117030	0.88
29395	0.81
363633	0.80
406168	0.79
361402	0.70
60349	0.69
298517	0.67
246146	0.64
309790	0.58
64158	0.58
54398	0.57
83789	0.53
316122	0.48
25176	0.47
305623	0.47
500545	0.45
288597	0.45
24223	0.44
287561	0.44
25517	0.44
192172	0.43
304278	0.40
81822	0.36
498185	0.35
84490	0.33
80843	0.31
289878	0.30
311833	0.27
89833	0.26
29624	0.24
24516	0.23
24669	0.22
84486	0.15
25599	0.13
191569	0.10
171361	0.04
113958	0.03
24829	0.02
685890	0.02
65165	-0.01
362720	-0.02
288666	-0.06
64665	-0.08
60416	-0.10
689399	-0.11
361866	-0.12
83504	-0.18
114090	-0.18
246281	-0.19
259272	-0.22
24817	-0.25
296178	-0.26
64527	-0.26
29659	-0.32
304388	-0.39
497778	-0.41
29461	-0.41
24651	-0.43
24333	-0.44
81718	-0.50
79209	-0.57
303831	-0.60
192255	-0.61
54257	-0.64
288615	-0.68
83712	-0.68
288444	-0.69
81663	-0.73
24799	-0.74
406167	-0.81
24392	-0.81
24422	-0.82
24699	-0.88
24383	-0.89
65262	-0.91
24183	-0.95
685325	-0.99
25742	-1.05
246773	-1.07
63868	-1.08
302855	-1.17
29353	-1.20
81829	-1.23
25740	-1.27
29580	-1.36
292804	-1.47
117263	-1.52
60460	-1.64
24944	-1.75
56010	-2.12
29693	-2.28
65144	-2.32
298942	-2.81
