362952	7.92
298700	6.85
81769	5.49
288778	5.43
29425	5.31
64527	5.29
245981	5.22
64306	5.20
29285	4.85
81774	4.24
65136	4.21
83503	4.16
84509	4.16
64205	4.08
64307	4.07
29374	4.06
681429	4.05
94266	4.03
292028	4.02
192255	4.00
691531	4.00
24786	3.94
293725	3.93
117526	3.90
288480	3.78
140655	3.72
29236	3.68
29668	3.65
54318	3.63
25348	3.60
298441	3.54
363241	3.52
83427	3.52
117263	3.52
361784	3.48
28298	3.42
122799	3.39
81763	3.38
360572	3.28
297755	3.27
89819	3.21
100912032	3.16
24333	3.10
309626	3.02
245976	2.99
29304	2.97
113958	2.90
81822	2.87
29288	2.86
140608	2.75
298712	2.75
288718	2.74
25176	2.70
364656	2.66
298517	2.65
25308	2.64
299809	2.61
192241	2.61
246146	2.52
80843	2.48
301240	2.48
192172	2.48
116646	2.47
59102	2.45
124323	2.44
361402	2.44
494445	2.36
25737	2.22
84578	2.17
500545	2.11
81764	1.98
117030	1.92
24223	1.92
312538	1.86
58934	1.84
65165	1.83
296501	1.82
100362640	1.79
24383	1.78
406168	1.74
29565	1.71
363854	1.58
171350	1.55
56010	1.53
288666	1.41
81829	1.41
83537	1.37
29395	1.35
304429	1.29
363633	1.22
114612	1.07
24516	1.06
83474	1.05
63868	1.00
84486	0.99
64640	0.98
83803	0.95
246281	0.94
300079	0.92
497778	0.89
65262	0.85
84490	0.84
64665	0.81
64158	0.75
171361	0.75
689399	0.74
24829	0.74
54398	0.72
81718	0.68
29659	0.63
191569	0.58
24968	0.56
287561	0.55
24790	0.49
685890	0.45
83789	0.43
309790	0.43
259272	0.42
60460	0.42
292804	0.42
406167	0.36
117270	0.34
29624	0.32
282845	0.31
317163	0.30
83712	0.29
288615	0.28
365601	0.26
24649	0.26
296178	0.24
25369	0.09
79209	0.08
24669	0.07
316122	0.07
89833	0.05
24699	0.04
25599	-0.02
294390	-0.02
60349	-0.03
24422	-0.03
59329	-0.05
24799	-0.07
685325	-0.10
25517	-0.11
29580	-0.15
24944	-0.18
65144	-0.32
289878	-0.37
288444	-0.44
25742	-0.46
288498	-0.54
362720	-0.54
54257	-0.56
29693	-0.57
302855	-0.58
29461	-0.63
304278	-0.68
311833	-0.77
288597	-0.80
246773	-0.85
60416	-0.85
304388	-0.93
24651	-0.97
83504	-1.00
24183	-1.23
24817	-1.23
305623	-1.26
114090	-1.28
24392	-1.30
29353	-1.33
81663	-1.35
498185	-1.38
298942	-1.53
25740	-1.62
303831	-1.79
361866	-1.82
