84578	2.88
288666	2.46
288498	2.06
303831	1.99
361402	1.91
316122	1.89
305623	1.59
60416	1.56
246773	1.51
171361	1.48
114090	1.44
309790	1.25
25369	1.20
117526	1.08
296178	1.06
64640	0.96
311833	0.88
29693	0.86
89833	0.86
24669	0.80
79209	0.74
298942	0.73
89819	0.72
54318	0.72
406168	0.70
24944	0.67
56010	0.65
685325	0.61
84486	0.61
29668	0.53
298712	0.51
25740	0.50
288444	0.48
246146	0.43
497778	0.43
29425	0.39
60349	0.38
317163	0.29
498185	0.27
288615	0.27
363241	0.25
94266	0.22
24392	0.21
365601	0.19
24422	0.17
29659	0.16
83712	0.15
29353	0.15
287561	0.15
192255	0.14
282845	0.12
117270	0.11
24649	0.11
59102	0.06
689399	0.06
29374	0.05
59329	0.04
122799	0.03
29461	0.01
84509	-0.01
25737	-0.01
288597	-0.01
60460	-0.01
58934	-0.05
24799	-0.05
294390	-0.06
304429	-0.08
24516	-0.12
361784	-0.12
64158	-0.16
29395	-0.18
171350	-0.19
304388	-0.20
83789	-0.20
296501	-0.31
29580	-0.35
25308	-0.36
24699	-0.37
65136	-0.37
259272	-0.39
24790	-0.41
245981	-0.43
81822	-0.44
29624	-0.44
302855	-0.44
24333	-0.44
25176	-0.45
100362640	-0.49
289878	-0.51
29285	-0.52
117263	-0.54
83537	-0.58
362720	-0.59
298517	-0.59
364656	-0.60
83474	-0.65
681429	-0.66
362952	-0.67
28298	-0.69
65165	-0.69
298700	-0.71
140655	-0.71
292804	-0.71
29288	-0.72
304278	-0.74
29565	-0.76
25742	-0.76
24829	-0.76
25348	-0.77
124323	-0.79
24183	-0.80
24651	-0.81
81663	-0.81
25517	-0.82
363854	-0.83
246281	-0.83
113958	-0.87
64527	-0.87
24817	-0.89
500545	-0.89
288778	-0.90
84490	-0.95
299809	-0.97
24223	-1.01
100912032	-1.03
54257	-1.03
64306	-1.04
298441	-1.04
81774	-1.06
300079	-1.08
81718	-1.08
24968	-1.10
64665	-1.10
24383	-1.13
83503	-1.16
24786	-1.16
140608	-1.17
63868	-1.18
406167	-1.18
81764	-1.19
494445	-1.20
65144	-1.21
25599	-1.22
691531	-1.22
288480	-1.23
360572	-1.26
297755	-1.31
363633	-1.32
64307	-1.34
288718	-1.35
192241	-1.37
81763	-1.37
80843	-1.38
83504	-1.40
29304	-1.46
301240	-1.50
114612	-1.52
191569	-1.52
83427	-1.55
292028	-1.57
29236	-1.66
312538	-1.66
116646	-1.69
81769	-1.72
309626	-1.74
65262	-1.75
64205	-1.78
361808	-1.82
117030	-1.85
81829	-1.92
293725	-2.13
685890	-2.21
245976	-2.21
54398	-2.21
83803	-2.83
192172	-3.21
