689399	8.97
500545	6.90
29395	5.01
84490	4.36
497778	4.26
312538	4.25
25737	4.23
59102	3.63
296501	1.99
84509	1.91
24383	1.75
296178	1.68
81822	1.66
298441	1.49
29624	1.35
81829	1.28
65262	1.21
117030	1.16
83712	1.16
83789	1.11
64158	1.09
80843	1.07
494445	1.04
24333	1.01
140655	0.91
171361	0.89
681429	0.83
363854	0.83
304388	0.81
122799	0.80
81663	0.78
114612	0.77
24392	0.75
293725	0.74
25369	0.71
192172	0.66
292804	0.66
65165	0.66
298942	0.65
83803	0.64
64306	0.62
24649	0.59
63868	0.57
116646	0.57
83503	0.56
89833	0.55
29580	0.50
83537	0.50
259272	0.49
24516	0.49
117270	0.49
59329	0.46
297755	0.45
100362640	0.45
192241	0.44
81774	0.43
64205	0.40
29668	0.40
316122	0.39
304429	0.38
25348	0.37
192255	0.34
24651	0.34
29461	0.31
288480	0.31
246773	0.30
300079	0.30
288778	0.29
25176	0.28
114090	0.27
60416	0.27
171350	0.26
81764	0.26
365601	0.26
64640	0.25
54257	0.24
245981	0.24
29236	0.23
29353	0.22
56010	0.21
289878	0.21
54398	0.19
83427	0.17
54318	0.17
691531	0.12
287561	0.10
406167	0.09
24699	0.08
363241	0.07
299809	0.04
309790	0.01
60460	0.01
64527	0.01
28298	-0.00
29285	-0.01
25308	-0.01
360572	-0.02
361784	-0.02
288666	-0.03
305623	-0.05
498185	-0.06
29288	-0.07
24829	-0.08
24786	-0.08
113958	-0.08
24817	-0.08
191569	-0.10
89819	-0.12
29659	-0.13
65136	-0.13
24790	-0.15
24944	-0.15
24799	-0.16
84578	-0.18
24669	-0.18
94266	-0.23
117526	-0.23
140608	-0.23
84486	-0.24
25740	-0.25
288615	-0.25
24968	-0.25
302855	-0.25
29425	-0.26
245976	-0.26
317163	-0.27
298517	-0.27
685890	-0.28
83504	-0.28
83474	-0.28
24183	-0.29
64307	-0.32
288498	-0.34
29304	-0.35
304278	-0.35
363633	-0.36
25599	-0.37
117263	-0.39
124323	-0.41
24422	-0.42
29693	-0.44
64665	-0.49
25742	-0.50
303831	-0.51
294390	-0.52
288444	-0.52
361808	-0.54
29565	-0.55
60349	-0.55
65144	-0.58
361866	-0.59
298712	-0.62
288718	-0.63
685325	-0.63
24223	-0.65
311833	-0.65
282845	-0.65
25517	-0.67
364656	-0.67
246146	-0.73
361402	-0.76
292028	-0.82
81763	-0.84
246281	-0.88
362952	-0.88
81769	-0.91
298700	-0.96
100912032	-0.98
81718	-0.99
29374	-1.08
301240	-1.15
406168	-1.19
79209	-1.29
58934	-1.56
288597	-1.68
309626	-1.99
