298700	11.99
29374	9.03
288778	8.37
361808	7.92
292028	7.62
361402	6.26
293725	5.67
300079	5.65
299809	5.63
83427	5.59
29236	5.33
28298	5.24
54318	5.20
29304	5.16
117263	4.94
297755	4.91
245976	4.90
65136	4.90
81763	4.80
64205	4.80
29565	4.74
81774	4.66
58934	4.52
288480	4.51
245981	4.48
288718	4.32
84509	4.25
64307	4.20
363241	4.15
29288	4.07
100912032	4.01
114612	3.84
81769	3.82
81764	3.71
83712	3.65
171361	3.63
80843	3.62
29668	3.54
100362640	3.49
64306	3.42
171350	3.31
124323	3.17
691531	3.12
360572	3.02
361784	3.00
304278	2.94
317163	2.81
140655	2.79
25737	2.79
29285	2.73
94266	2.72
298712	2.71
29425	2.57
122799	2.57
84490	2.43
296501	2.40
63868	2.38
681429	2.37
65165	2.37
288498	2.33
301240	2.29
312538	2.24
24333	2.14
113958	2.13
298441	2.00
64527	1.97
83789	1.95
64640	1.92
89819	1.89
494445	1.87
83474	1.86
84486	1.75
59102	1.73
246146	1.68
81822	1.66
363854	1.59
64665	1.56
117526	1.53
192255	1.51
83803	1.50
84578	1.48
294390	1.44
25176	1.43
65262	1.42
298517	1.36
304429	1.30
363633	1.24
117030	1.23
83503	1.14
24786	1.13
192241	1.12
25348	1.11
24383	1.10
406168	1.07
116646	1.03
288615	0.98
292804	0.97
59329	0.88
29659	0.85
303831	0.79
25517	0.74
191569	0.73
117270	0.64
24649	0.60
24790	0.58
56010	0.54
288444	0.54
64158	0.48
259272	0.48
365601	0.46
309790	0.45
24829	0.45
500545	0.43
685325	0.40
685890	0.39
309626	0.37
29693	0.36
29395	0.32
60416	0.32
81829	0.31
29580	0.31
81718	0.26
302855	0.24
192172	0.24
24968	0.22
24516	0.16
311833	0.16
296178	0.14
83537	0.13
60349	0.10
24799	0.09
24392	0.06
246281	0.05
65144	0.00
289878	-0.01
287561	-0.04
25369	-0.05
288597	-0.05
282845	-0.07
24699	-0.08
298942	-0.14
25308	-0.16
60460	-0.18
24669	-0.21
305623	-0.29
24651	-0.29
25599	-0.31
497778	-0.34
29461	-0.34
316122	-0.35
24817	-0.37
83504	-0.38
25742	-0.42
24944	-0.44
24422	-0.49
89833	-0.52
364656	-0.52
24223	-0.55
29624	-0.60
361866	-0.67
114090	-0.67
54257	-0.71
246773	-0.71
79209	-0.76
689399	-0.76
29353	-0.84
362720	-0.88
288666	-0.98
54398	-1.10
25740	-1.13
304388	-1.39
498185	-1.43
24183	-1.45
140608	-1.50
81663	-1.55
406167	-2.29
