100912032	15.78
29288	14.97
29304	14.68
83427	14.20
81763	13.80
29236	13.71
28298	13.44
140655	13.38
65136	13.24
81774	13.15
64307	12.39
124323	12.24
100362640	11.94
94266	11.92
360572	11.70
81769	11.69
297755	11.34
691531	11.12
122799	11.00
300079	10.79
245981	10.47
29285	10.04
64205	9.99
64306	9.88
25348	9.56
81764	9.40
293725	8.93
116646	8.34
64640	8.15
171361	8.12
298700	7.42
84509	6.88
29565	6.86
29374	6.81
681429	6.78
299809	5.72
58934	4.91
171350	4.88
83789	4.35
29425	4.28
361784	4.15
362952	4.15
288778	3.82
25308	3.69
54318	3.68
361808	3.52
25176	3.31
83503	2.92
192241	2.91
29668	2.80
117030	2.80
25737	2.72
89819	2.62
83474	2.61
65165	2.56
117263	2.55
64527	2.53
24786	2.45
317163	2.26
113958	2.20
140608	2.18
64158	2.04
63868	1.90
288480	1.87
298441	1.84
83712	1.80
292028	1.78
84490	1.60
80843	1.59
303831	1.59
304429	1.58
497778	1.56
296501	1.51
24223	1.42
24669	1.37
312538	1.35
24790	1.31
364656	1.30
59102	1.30
56010	1.15
298517	1.12
365601	0.97
117270	0.96
494445	0.96
288666	0.93
84486	0.92
81822	0.91
361402	0.78
191569	0.77
363854	0.75
24333	0.75
29395	0.71
363633	0.66
298712	0.62
114612	0.57
24817	0.54
81718	0.51
192255	0.38
60416	0.36
288444	0.32
24944	0.28
361866	0.25
24422	0.25
24699	0.23
65144	0.21
29624	0.18
24516	0.18
25742	0.17
287561	0.16
24799	0.15
316122	0.15
288615	0.11
24829	0.09
301240	0.09
24968	0.09
362720	0.07
296178	0.07
59329	0.06
288597	0.04
24383	0.02
81829	0.02
60460	0.01
117526	0.00
25369	-0.02
689399	-0.03
298942	-0.03
192172	-0.04
60349	-0.05
498185	-0.05
24649	-0.06
25599	-0.09
89833	-0.10
79209	-0.16
64665	-0.17
65262	-0.17
83537	-0.19
259272	-0.23
685325	-0.26
289878	-0.26
288498	-0.29
309626	-0.31
83504	-0.33
311833	-0.36
29659	-0.37
294390	-0.41
29461	-0.42
84578	-0.46
83803	-0.47
29353	-0.48
245976	-0.49
685890	-0.51
25517	-0.55
246773	-0.55
282845	-0.56
24392	-0.65
288718	-0.67
304388	-0.67
406168	-0.69
246281	-0.70
500545	-0.75
25740	-0.76
29693	-0.78
29580	-0.80
114090	-0.84
309790	-0.87
406167	-1.02
246146	-1.06
81663	-1.08
302855	-1.11
292804	-1.19
24651	-1.28
54257	-1.43
304278	-1.68
24183	-2.14
305623	-2.24
54398	-2.75
