288718	3.50
171350	2.94
24790	2.77
288778	2.46
245976	2.46
192255	2.19
83803	1.81
114612	1.78
24383	1.68
292804	1.63
84490	1.63
25737	1.56
56010	1.48
29693	1.48
60460	1.29
83537	1.28
362952	1.24
361808	1.22
24223	1.10
497778	1.08
24786	1.07
298441	0.97
25599	0.95
691531	0.94
29565	0.93
282845	0.92
81822	0.92
81829	0.92
494445	0.92
24516	0.85
192172	0.83
309626	0.82
361784	0.80
312538	0.79
302855	0.78
296178	0.75
24669	0.74
288480	0.71
63868	0.70
29659	0.70
81718	0.66
363241	0.66
65262	0.65
24333	0.64
298712	0.64
292028	0.60
117030	0.60
83712	0.52
288498	0.52
54398	0.49
65144	0.49
59102	0.48
301240	0.42
289878	0.40
84578	0.38
29374	0.38
500545	0.38
94266	0.36
259272	0.36
89819	0.34
296501	0.34
24944	0.33
406167	0.33
24699	0.32
116646	0.28
298700	0.26
364656	0.19
24422	0.17
81663	0.16
60416	0.13
246281	0.12
65165	0.11
58934	0.10
25176	0.09
25517	0.08
59329	0.08
300079	0.07
64665	0.06
83427	0.04
79209	0.03
29395	0.01
363854	0.01
117270	-0.01
24651	-0.01
25348	-0.03
498185	-0.04
140608	-0.04
304278	-0.06
64527	-0.07
29461	-0.07
64158	-0.07
124323	-0.08
299809	-0.09
83504	-0.10
28298	-0.13
304429	-0.13
80843	-0.14
81763	-0.14
24817	-0.15
117526	-0.16
100912032	-0.17
84486	-0.19
81764	-0.20
288444	-0.20
81769	-0.21
100362640	-0.23
288615	-0.24
24968	-0.26
64640	-0.27
24392	-0.28
360572	-0.29
293725	-0.30
140655	-0.31
65136	-0.35
362720	-0.36
245981	-0.38
309790	-0.38
288597	-0.38
117263	-0.41
29580	-0.42
64205	-0.42
84509	-0.44
81774	-0.45
24799	-0.46
361402	-0.50
287561	-0.50
25742	-0.51
689399	-0.51
29425	-0.52
294390	-0.53
25308	-0.55
64307	-0.56
60349	-0.57
29624	-0.58
89833	-0.65
64306	-0.65
171361	-0.66
25740	-0.68
311833	-0.68
406168	-0.70
29353	-0.72
29304	-0.72
83474	-0.72
24829	-0.73
365601	-0.75
298942	-0.75
192241	-0.77
113958	-0.77
29668	-0.80
297755	-0.81
317163	-0.85
54318	-0.88
304388	-0.90
305623	-0.90
681429	-0.92
29288	-0.98
24183	-1.00
29285	-1.05
54257	-1.06
83789	-1.06
29236	-1.07
24649	-1.10
298517	-1.15
114090	-1.20
83503	-1.22
685890	-1.25
316122	-1.26
361866	-1.32
303831	-1.38
685325	-1.39
191569	-1.44
288666	-1.46
246146	-1.49
25369	-1.55
122799	-1.75
246773	-1.96
