24790	6.63
114612	3.63
288444	3.50
494445	3.46
81822	3.37
361784	2.79
24669	2.70
288778	2.62
297755	2.58
288498	2.37
497778	2.33
65165	2.25
171350	2.21
84486	2.21
63868	2.03
288480	1.96
117526	1.91
84509	1.83
83712	1.83
29374	1.82
54318	1.80
25737	1.77
29395	1.75
245976	1.72
29693	1.63
64640	1.62
80843	1.59
362952	1.59
361808	1.58
296501	1.55
292028	1.55
681429	1.54
54398	1.48
691531	1.47
317163	1.46
24649	1.43
298712	1.43
360572	1.40
245981	1.39
298441	1.37
28298	1.34
64306	1.33
24829	1.26
89819	1.24
113958	1.20
299809	1.17
25176	1.10
81769	1.08
259272	1.07
64205	1.04
29288	1.01
24968	0.99
24392	0.89
282845	0.89
500545	0.88
100912032	0.86
81774	0.86
59329	0.85
58934	0.84
362720	0.83
83474	0.80
288666	0.80
246146	0.79
25348	0.79
24383	0.78
363241	0.75
94266	0.69
100362640	0.68
29236	0.67
83789	0.66
81829	0.65
56010	0.62
116646	0.62
293725	0.60
689399	0.60
81764	0.60
24333	0.59
59102	0.58
25599	0.56
298700	0.54
298517	0.53
309626	0.52
29285	0.50
117030	0.49
117263	0.48
24183	0.47
288718	0.46
81718	0.42
24516	0.41
304429	0.39
24651	0.39
685890	0.37
29668	0.36
140655	0.35
64527	0.34
83537	0.33
24223	0.33
65144	0.32
192172	0.32
83427	0.30
54257	0.30
65136	0.30
192241	0.23
364656	0.21
406167	0.21
84578	0.20
29304	0.20
122799	0.17
365601	0.14
305623	0.10
24422	0.08
60349	0.07
89833	0.06
83503	0.04
81663	0.03
312538	0.03
363633	0.01
64307	0.01
25517	-0.01
64158	-0.03
302855	-0.04
192255	-0.05
24786	-0.05
246281	-0.07
171361	-0.07
24944	-0.08
29580	-0.10
124323	-0.10
25369	-0.10
304278	-0.12
65262	-0.13
303831	-0.14
83803	-0.15
60460	-0.20
79209	-0.21
81763	-0.21
300079	-0.22
289878	-0.30
24699	-0.31
117270	-0.32
294390	-0.34
29425	-0.35
24817	-0.39
83504	-0.40
298942	-0.40
406168	-0.41
114090	-0.44
498185	-0.45
316122	-0.47
29565	-0.49
287561	-0.52
25308	-0.61
288597	-0.62
311833	-0.69
29461	-0.70
84490	-0.71
361866	-0.83
301240	-0.83
292804	-0.84
191569	-0.85
29353	-0.86
309790	-0.89
25740	-0.90
361402	-0.96
24799	-0.98
296178	-1.10
140608	-1.11
64665	-1.20
29624	-1.20
304388	-1.21
685325	-1.42
288615	-1.47
25742	-1.58
60416	-1.66
246773	-2.04
29659	-2.66
