288666	4.88
81769	4.30
113958	3.89
83503	3.62
298517	3.10
192172	3.07
25308	2.87
691531	2.81
29425	2.72
24786	2.67
361808	2.66
100362640	2.64
192241	2.52
299809	2.48
100912032	2.41
681429	2.40
29285	2.38
64205	2.33
89819	2.32
25176	2.24
297755	2.23
81774	2.23
304278	2.19
140608	2.16
288615	2.15
84509	2.14
360572	2.12
245981	2.12
94266	2.04
246146	2.01
25348	2.00
301240	1.85
83427	1.85
24333	1.83
406168	1.82
64527	1.80
83712	1.78
64306	1.78
29668	1.76
64307	1.76
65262	1.68
288480	1.66
24669	1.60
83474	1.53
81663	1.46
81764	1.39
81763	1.35
117030	1.34
28298	1.32
363241	1.30
29236	1.30
309626	1.27
64640	1.27
29580	1.21
298700	1.15
65144	1.13
81829	1.09
192255	1.08
122799	1.07
361784	1.02
24383	0.98
300079	0.96
293725	0.92
24223	0.92
25599	0.92
65136	0.85
83537	0.84
288778	0.80
24183	0.80
58934	0.77
64665	0.74
29288	0.73
140655	0.73
29565	0.70
54318	0.70
292804	0.68
116646	0.67
63868	0.62
124323	0.62
24944	0.60
29304	0.60
24829	0.58
685325	0.53
24817	0.53
498185	0.52
54398	0.49
29624	0.48
365601	0.41
288597	0.40
494445	0.33
81718	0.32
24790	0.29
24422	0.28
25742	0.24
25740	0.22
363854	0.21
312538	0.20
363633	0.19
25737	0.19
406167	0.18
83504	0.17
298942	0.17
117526	0.15
292028	0.12
289878	0.11
29374	0.11
689399	0.10
24392	0.06
24651	0.05
84578	0.04
304429	0.02
81822	-0.02
54257	-0.02
89833	-0.05
117263	-0.08
171350	-0.08
288444	-0.10
83789	-0.11
60460	-0.12
83803	-0.12
288498	-0.15
259272	-0.17
304388	-0.18
497778	-0.28
500545	-0.30
25517	-0.31
65165	-0.36
296501	-0.36
311833	-0.39
171361	-0.41
79209	-0.41
29395	-0.45
305623	-0.45
302855	-0.46
361402	-0.47
117270	-0.47
24516	-0.47
362952	-0.52
287561	-0.52
316122	-0.55
60349	-0.58
361866	-0.60
24968	-0.66
29461	-0.67
362720	-0.67
114090	-0.70
303831	-0.71
246773	-0.72
24699	-0.73
246281	-0.73
29693	-0.75
29659	-0.78
25369	-0.78
296178	-0.79
317163	-0.83
282845	-0.84
59329	-0.85
191569	-0.87
84486	-0.89
56010	-0.91
298712	-0.92
64158	-0.95
309790	-0.97
29353	-0.98
80843	-1.01
24649	-1.02
24799	-1.05
60416	-1.09
298441	-1.21
114612	-1.32
288718	-1.35
245976	-1.35
59102	-1.64
685890	-1.88
84490	-2.07
294390	-2.77
