58934	3.63
83474	3.09
294390	2.87
65165	2.71
89819	2.65
304278	2.34
117263	2.29
29668	2.28
29374	2.25
24944	1.86
117526	1.86
24669	1.83
299809	1.82
303831	1.76
361784	1.65
304429	1.48
24786	1.47
80843	1.44
59102	1.42
81718	1.42
83427	1.41
298712	1.39
288718	1.36
25176	1.22
29659	1.16
25517	1.16
288498	1.05
100912032	1.03
304388	1.02
297755	1.02
363241	0.97
288666	0.93
117030	0.93
171361	0.92
24223	0.89
81764	0.88
316122	0.86
81763	0.83
63868	0.83
245976	0.82
29236	0.80
301240	0.78
64306	0.77
29288	0.74
288444	0.73
83712	0.69
100362640	0.69
54257	0.68
317163	0.67
54318	0.66
498185	0.64
298700	0.62
24817	0.62
298441	0.57
288615	0.55
79209	0.55
685325	0.52
29304	0.52
292028	0.52
94266	0.48
681429	0.47
296501	0.47
362952	0.46
305623	0.46
302855	0.45
311833	0.43
25308	0.41
364656	0.41
29693	0.40
65144	0.39
84490	0.36
246281	0.36
312538	0.32
497778	0.32
288480	0.31
64205	0.30
25348	0.29
81774	0.27
64640	0.26
361808	0.26
362720	0.26
246773	0.26
25737	0.25
282845	0.24
65262	0.23
300079	0.21
24422	0.21
360572	0.20
60349	0.20
192255	0.20
689399	0.19
361866	0.19
116646	0.17
363854	0.14
24516	0.10
83803	0.10
494445	0.08
122799	0.07
28298	0.07
81829	0.07
64307	0.06
65136	0.05
691531	0.04
406168	0.02
361402	0.00
29565	-0.04
89833	-0.06
83537	-0.07
113958	-0.11
25369	-0.12
171350	-0.12
140655	-0.12
81663	-0.12
124323	-0.14
29425	-0.14
293725	-0.14
24829	-0.14
29353	-0.15
117270	-0.24
24790	-0.27
287561	-0.27
685890	-0.30
24651	-0.36
29624	-0.36
81769	-0.37
288778	-0.37
83789	-0.40
29285	-0.40
25742	-0.42
24968	-0.43
83503	-0.44
84578	-0.48
500545	-0.48
288597	-0.49
29395	-0.52
309626	-0.53
25599	-0.54
192241	-0.59
24649	-0.59
64665	-0.61
298942	-0.61
298517	-0.63
191569	-0.63
25740	-0.69
60416	-0.71
289878	-0.72
192172	-0.74
363633	-0.75
24799	-0.78
245981	-0.78
29580	-0.81
24392	-0.82
81822	-0.85
114090	-0.86
54398	-0.89
259272	-0.91
64527	-0.94
59329	-0.99
84509	-1.03
406167	-1.13
140608	-1.23
64158	-1.26
29461	-1.27
83504	-1.30
24699	-1.31
296178	-1.31
114612	-1.34
246146	-1.45
56010	-1.45
292804	-1.50
60460	-1.55
24333	-1.61
24383	-1.89
84486	-2.07
309790	-2.10
24183	-3.35
