301240	3.51
89819	2.97
298712	2.75
83537	2.72
54318	2.51
60460	2.22
298517	2.16
685325	2.11
54398	2.04
288498	1.97
288480	1.82
364656	1.82
113958	1.79
245976	1.77
361808	1.74
117526	1.73
304278	1.64
81769	1.46
29425	1.39
298700	1.35
24183	1.33
25740	1.33
361402	1.25
192172	1.19
288444	1.15
288666	1.13
84578	1.12
292804	1.08
362952	1.07
83503	1.07
282845	1.06
24829	1.05
24968	0.96
681429	0.96
192241	0.94
83474	0.94
24383	0.90
25308	0.86
305623	0.83
288597	0.83
361784	0.79
192255	0.74
316122	0.71
361866	0.70
89833	0.64
246773	0.60
81718	0.58
140608	0.52
298441	0.51
64665	0.50
246146	0.50
299809	0.45
24786	0.45
117263	0.44
406167	0.43
24799	0.36
685890	0.34
65262	0.33
83789	0.32
64527	0.31
65144	0.28
309790	0.27
29353	0.26
29374	0.24
56010	0.24
309626	0.22
294390	0.19
288615	0.19
311833	0.17
24422	0.16
58934	0.14
25517	0.11
100912032	0.09
298942	0.09
500545	0.07
365601	0.02
297755	0.02
292028	0.01
317163	0.01
289878	-0.01
81829	-0.02
304429	-0.04
29668	-0.06
94266	-0.07
293725	-0.11
29580	-0.12
24817	-0.18
64307	-0.19
288778	-0.22
24516	-0.26
29624	-0.27
25599	-0.28
288718	-0.31
83504	-0.37
24223	-0.38
59102	-0.38
24333	-0.39
54257	-0.39
29659	-0.40
363854	-0.41
24944	-0.44
29285	-0.45
60416	-0.49
116646	-0.49
29461	-0.50
79209	-0.52
100362640	-0.53
28298	-0.53
304388	-0.54
81774	-0.54
117270	-0.55
64640	-0.56
114090	-0.57
24392	-0.58
287561	-0.58
498185	-0.61
81763	-0.68
117030	-0.68
122799	-0.69
363241	-0.69
29236	-0.70
363633	-0.70
296501	-0.72
24651	-0.73
246281	-0.74
303831	-0.76
689399	-0.77
29565	-0.79
24649	-0.79
245981	-0.83
259272	-0.84
84490	-0.86
691531	-0.88
64306	-0.90
25348	-0.92
24669	-0.93
29288	-0.97
64205	-1.01
83803	-1.01
29304	-1.06
296178	-1.07
63868	-1.16
25369	-1.16
25742	-1.17
360572	-1.18
362720	-1.19
29693	-1.22
59329	-1.25
60349	-1.26
84509	-1.26
171361	-1.29
25176	-1.32
24699	-1.34
140655	-1.35
171350	-1.38
191569	-1.38
84486	-1.42
124323	-1.46
83712	-1.47
80843	-1.48
497778	-1.52
24790	-1.55
81663	-1.55
300079	-1.62
83427	-1.62
64158	-1.68
29395	-1.69
65165	-1.71
81764	-1.86
65136	-1.93
302855	-2.38
312538	-2.48
81822	-2.67
25737	-2.81
114612	-3.06
494445	-3.33
