494445	3.04
54398	2.91
259272	2.65
309790	2.43
309626	2.27
246281	2.14
117030	1.64
685890	1.52
246146	1.51
25742	1.35
29659	1.26
25740	1.26
305623	1.15
497778	1.01
192255	0.96
81718	0.92
29461	0.80
24799	0.78
114090	0.78
25517	0.73
60460	0.67
64158	0.62
24516	0.62
117270	0.59
292804	0.54
24183	0.52
171350	0.48
83537	0.48
406168	0.43
89833	0.36
361808	0.36
25599	0.35
192172	0.35
64665	0.35
29693	0.34
363633	0.33
24392	0.32
294390	0.32
114612	0.32
60416	0.29
303831	0.26
363854	0.21
304388	0.19
364656	0.18
24699	0.14
287561	0.13
288666	0.11
362720	0.09
288444	0.08
81829	0.07
689399	0.07
29395	0.04
24669	0.04
25369	0.00
117526	-0.02
81822	-0.03
311833	-0.03
24422	-0.06
25176	-0.13
288615	-0.13
24968	-0.13
24333	-0.16
65165	-0.17
29285	-0.17
302855	-0.18
64527	-0.20
64205	-0.22
84486	-0.22
54318	-0.22
312538	-0.24
24223	-0.24
317163	-0.26
124323	-0.26
80843	-0.27
83789	-0.28
25737	-0.28
59329	-0.29
298517	-0.29
29353	-0.30
65144	-0.30
301240	-0.31
191569	-0.31
56010	-0.32
83504	-0.34
24944	-0.34
500545	-0.37
84509	-0.40
24829	-0.40
54257	-0.40
89819	-0.42
81763	-0.45
84490	-0.45
25308	-0.45
83712	-0.45
29580	-0.45
64306	-0.49
685325	-0.49
288597	-0.52
83503	-0.58
296501	-0.58
304429	-0.59
245976	-0.62
298942	-0.62
59102	-0.63
24383	-0.64
681429	-0.68
29304	-0.68
691531	-0.70
24649	-0.70
245981	-0.72
60349	-0.73
100362640	-0.74
81774	-0.74
24790	-0.75
140655	-0.76
29624	-0.78
116646	-0.79
298700	-0.79
361784	-0.81
83427	-0.81
58934	-0.87
298441	-0.90
83803	-0.92
81764	-0.93
65136	-0.94
63868	-0.94
24651	-0.95
81769	-0.96
122799	-0.97
29236	-0.98
246773	-0.98
64640	-0.99
81663	-1.02
363241	-1.02
282845	-1.02
299809	-1.04
25348	-1.08
113958	-1.10
365601	-1.13
24817	-1.16
288778	-1.18
361866	-1.18
300079	-1.19
297755	-1.19
84578	-1.20
29565	-1.20
140608	-1.21
498185	-1.21
29374	-1.22
289878	-1.25
100912032	-1.29
296178	-1.29
171361	-1.31
29425	-1.31
79209	-1.31
83474	-1.33
29288	-1.34
192241	-1.38
288480	-1.39
24786	-1.39
94266	-1.42
293725	-1.44
298712	-1.45
65262	-1.61
304278	-1.67
64307	-1.74
117263	-1.81
360572	-1.84
288498	-1.92
292028	-1.98
28298	-2.02
29668	-2.05
288718	-2.15
316122	-2.18
361402	-2.23
362952	-2.29
