114612	7.20
84509	4.66
302855	4.53
25737	4.35
81822	4.16
65165	3.96
363854	3.46
497778	3.23
84486	3.08
406167	3.04
288778	3.01
25176	2.88
303831	2.87
298441	2.83
24669	2.56
298700	2.54
361808	2.36
83712	2.23
84490	2.21
296501	2.19
54318	2.16
292028	2.16
317163	2.07
65136	2.07
29395	2.07
29374	2.06
309626	2.04
29668	2.04
64306	2.03
294390	1.99
246146	1.90
362952	1.87
297755	1.81
117030	1.79
59329	1.71
309790	1.59
24649	1.58
312538	1.55
59102	1.54
24516	1.53
83803	1.51
64205	1.47
29304	1.45
288718	1.43
124323	1.41
116646	1.27
299809	1.26
300079	1.23
29693	1.23
64307	1.23
171350	1.22
81764	1.22
245976	1.21
361784	1.17
171361	1.16
80843	1.08
140608	1.05
122799	1.05
362720	1.04
29285	1.00
24968	0.99
363241	0.96
24699	0.96
63868	0.96
288480	0.94
81769	0.92
363633	0.92
64527	0.92
100362640	0.89
259272	0.88
691531	0.88
81763	0.86
83789	0.85
64640	0.85
83427	0.81
296178	0.80
83503	0.79
685890	0.78
360572	0.77
689399	0.74
29425	0.73
83474	0.73
24333	0.73
83537	0.72
304429	0.72
24422	0.69
81829	0.69
140655	0.68
245981	0.66
246281	0.64
117526	0.63
192255	0.61
24651	0.61
24786	0.60
117263	0.56
288615	0.54
100912032	0.54
113958	0.54
293725	0.51
65262	0.50
94266	0.48
25308	0.44
192172	0.39
25599	0.38
681429	0.37
364656	0.33
24790	0.33
60349	0.29
29288	0.25
25740	0.25
81774	0.24
288498	0.24
29236	0.22
25348	0.21
58934	0.17
287561	0.16
89819	0.16
288444	0.15
29461	0.13
89833	0.12
29580	0.10
298942	0.09
365601	0.08
84578	0.06
81663	0.04
298517	0.01
191569	-0.01
29624	-0.01
25369	-0.02
64158	-0.07
81718	-0.09
289878	-0.10
24392	-0.13
24829	-0.16
29565	-0.16
25742	-0.18
54257	-0.20
56010	-0.26
288666	-0.27
83504	-0.31
24817	-0.35
500545	-0.35
192241	-0.36
292804	-0.36
29659	-0.37
28298	-0.37
60460	-0.44
361402	-0.44
316122	-0.45
282845	-0.49
298712	-0.49
24223	-0.51
246773	-0.62
114090	-0.78
117270	-0.82
79209	-0.84
304278	-0.87
288597	-0.90
60416	-0.90
24799	-0.94
311833	-0.95
65144	-0.96
304388	-0.99
25517	-1.03
24383	-1.05
498185	-1.12
685325	-1.17
24944	-1.20
361866	-1.20
24183	-1.26
54398	-1.27
29353	-1.33
305623	-1.36
301240	-1.41
64665	-1.53
406168	-3.33
