84490	5.08
296501	4.91
362720	4.26
25737	3.88
29395	3.52
63868	3.35
494445	3.23
296178	3.22
59102	3.19
24786	3.03
312538	2.89
114612	2.82
84486	2.55
24669	2.54
298441	2.53
298517	2.51
25176	2.42
363854	2.33
689399	2.30
302855	2.16
500545	2.14
83474	2.03
83712	1.99
65165	1.92
140608	1.88
124323	1.83
122799	1.82
89833	1.79
100362640	1.76
288778	1.74
116646	1.65
29668	1.59
288615	1.59
29304	1.58
117263	1.58
363241	1.56
81829	1.56
292028	1.54
140655	1.52
65262	1.48
360572	1.46
294390	1.43
81822	1.43
28298	1.39
100912032	1.36
24383	1.33
81769	1.25
29236	1.22
192241	1.22
84509	1.22
29693	1.21
299809	1.20
65136	1.20
64306	1.16
293725	1.09
363633	1.08
298700	1.04
64640	1.03
25369	1.02
81763	1.02
81774	1.01
406167	1.01
303831	0.97
29288	0.96
64527	0.91
83427	0.90
117030	0.89
361808	0.89
65144	0.86
292804	0.85
24183	0.80
297755	0.77
25740	0.70
24790	0.67
245981	0.65
192255	0.64
94266	0.63
24422	0.58
81764	0.57
192172	0.56
24333	0.54
117526	0.53
64158	0.53
29580	0.52
24699	0.52
24968	0.49
681429	0.49
54398	0.48
298942	0.48
83789	0.46
24651	0.46
24649	0.45
25348	0.45
54318	0.44
361866	0.43
282845	0.42
301240	0.40
83503	0.37
29374	0.33
64307	0.32
365601	0.32
29425	0.29
309626	0.24
59329	0.22
89819	0.21
113958	0.20
83803	0.19
25599	0.19
259272	0.14
81663	0.12
300079	0.11
288444	0.10
24392	0.07
29461	0.04
171361	0.00
84578	-0.00
117270	-0.04
24799	-0.05
24516	-0.08
29353	-0.17
304388	-0.24
29624	-0.24
29285	-0.24
364656	-0.28
304278	-0.30
685890	-0.32
362952	-0.34
288480	-0.34
24829	-0.35
289878	-0.39
83504	-0.39
54257	-0.40
24817	-0.41
309790	-0.41
361784	-0.41
304429	-0.42
246281	-0.43
64665	-0.43
25517	-0.45
171350	-0.45
60416	-0.48
246146	-0.51
24223	-0.54
25308	-0.54
25742	-0.54
691531	-0.54
81718	-0.54
288666	-0.55
64205	-0.57
685325	-0.60
298712	-0.64
287561	-0.69
288597	-0.71
60460	-0.79
58934	-0.85
29565	-0.88
191569	-0.93
29659	-0.96
60349	-1.01
288498	-1.05
83537	-1.07
311833	-1.11
56010	-1.11
498185	-1.15
317163	-1.16
288718	-1.19
305623	-1.40
80843	-1.42
361402	-1.50
316122	-1.51
245976	-1.51
406168	-1.52
79209	-1.55
114090	-1.58
246773	-1.88
24944	-2.35
