24944	2.43
25308	2.42
29659	2.15
83803	1.86
29624	1.47
316122	1.42
81718	1.39
59329	1.38
83537	1.33
24790	1.26
79209	1.12
245976	1.11
304278	1.07
64665	1.05
24968	0.91
24223	0.90
288498	0.87
24649	0.86
58934	0.80
288718	0.79
294390	0.70
81764	0.69
81663	0.66
29565	0.66
681429	0.64
365601	0.64
100912032	0.62
288666	0.56
364656	0.52
25369	0.51
691531	0.46
287561	0.44
81769	0.43
288597	0.38
361784	0.35
29395	0.34
114090	0.33
289878	0.33
171361	0.32
246773	0.31
25517	0.30
361866	0.27
25742	0.27
94266	0.20
305623	0.20
117030	0.16
29236	0.16
80843	0.15
304388	0.14
25348	0.14
54398	0.14
124323	0.13
117270	0.12
288615	0.12
60349	0.10
301240	0.09
24817	0.08
171350	0.08
65136	0.07
296501	0.07
84486	0.04
29353	0.03
100362640	0.03
292804	0.01
298517	-0.01
60416	-0.01
363633	-0.04
363241	-0.05
29461	-0.05
362720	-0.06
60460	-0.06
140608	-0.07
309626	-0.07
312538	-0.08
311833	-0.08
689399	-0.09
298712	-0.09
81774	-0.10
64205	-0.13
28298	-0.13
24333	-0.15
25599	-0.15
89833	-0.16
292028	-0.17
500545	-0.19
29288	-0.19
83789	-0.21
309790	-0.22
29580	-0.22
117263	-0.23
25740	-0.23
293725	-0.24
25176	-0.24
54257	-0.25
114612	-0.25
116646	-0.26
317163	-0.26
29285	-0.27
24651	-0.28
29425	-0.29
59102	-0.31
64640	-0.33
192172	-0.34
303831	-0.35
64307	-0.40
246281	-0.41
122799	-0.41
298441	-0.42
192255	-0.42
64158	-0.44
300079	-0.44
360572	-0.45
363854	-0.45
24786	-0.45
65144	-0.50
64527	-0.52
361402	-0.53
282845	-0.53
24829	-0.53
191569	-0.54
29668	-0.54
245981	-0.55
83427	-0.58
296178	-0.59
406168	-0.61
89819	-0.61
117526	-0.62
81763	-0.63
24699	-0.66
81822	-0.69
24516	-0.71
685890	-0.71
24422	-0.71
29304	-0.71
64306	-0.74
83474	-0.75
29374	-0.78
84578	-0.78
24392	-0.80
288480	-0.81
84490	-0.83
24799	-0.83
83503	-0.85
65165	-0.87
24669	-0.88
113958	-0.91
297755	-0.95
246146	-0.98
83712	-1.00
56010	-1.02
302855	-1.04
29693	-1.04
140655	-1.07
25737	-1.08
494445	-1.12
24183	-1.14
497778	-1.15
406167	-1.21
685325	-1.22
83504	-1.26
298700	-1.30
65262	-1.32
298942	-1.32
361808	-1.38
84509	-1.42
362952	-1.43
259272	-1.44
24383	-1.46
299809	-1.66
288778	-1.66
192241	-1.67
288444	-1.75
304429	-1.85
81829	-2.01
54318	-2.45
63868	-2.62
