689399	8.56
362720	6.90
29395	4.87
84490	4.74
59102	4.69
312538	4.66
298441	4.07
25737	3.47
296178	2.56
296501	2.38
64158	2.25
84509	2.17
497778	2.14
361808	2.11
117030	1.72
192172	1.43
192255	1.41
83537	1.38
24968	1.35
288778	1.34
681429	1.32
29236	1.29
64205	1.19
54398	1.19
171350	1.14
81822	1.05
24649	1.05
24651	0.99
304429	0.90
24333	0.89
64665	0.88
363854	0.88
25348	0.84
84578	0.82
24790	0.77
83789	0.77
24669	0.68
100362640	0.65
288718	0.62
24383	0.55
81829	0.55
24699	0.51
83712	0.51
300079	0.49
288666	0.48
64527	0.48
140655	0.47
246146	0.46
361784	0.45
65262	0.45
83803	0.44
685325	0.44
362952	0.43
245981	0.42
301240	0.39
363633	0.38
282845	0.37
89833	0.37
29461	0.36
245976	0.35
288615	0.35
63868	0.35
29580	0.34
124323	0.31
83503	0.30
25176	0.27
24829	0.26
114612	0.26
25369	0.25
287561	0.22
304278	0.22
259272	0.20
117526	0.19
29285	0.18
685890	0.17
304388	0.16
60460	0.15
246773	0.15
29659	0.14
81774	0.13
293725	0.13
89819	0.13
140608	0.09
83427	0.09
100912032	0.08
25599	0.07
406168	0.07
288480	0.07
24817	0.07
83504	0.04
29624	0.04
192241	0.04
81769	0.03
117263	0.03
24516	0.02
309626	-0.00
288498	-0.01
29288	-0.02
298712	-0.03
28298	-0.04
54318	-0.05
24422	-0.06
60416	-0.06
691531	-0.06
29304	-0.07
25517	-0.08
298517	-0.09
113958	-0.12
498185	-0.19
56010	-0.20
302855	-0.21
292028	-0.21
297755	-0.23
288444	-0.24
309790	-0.24
24392	-0.26
292804	-0.27
364656	-0.30
25742	-0.31
171361	-0.32
360572	-0.33
246281	-0.34
494445	-0.35
406167	-0.37
24223	-0.39
299809	-0.40
311833	-0.42
29425	-0.43
65136	-0.43
122799	-0.44
81663	-0.45
29374	-0.45
65144	-0.45
365601	-0.48
80843	-0.50
59329	-0.54
117270	-0.54
25308	-0.55
116646	-0.57
316122	-0.58
64306	-0.64
294390	-0.67
81763	-0.68
114090	-0.70
54257	-0.70
298700	-0.70
64640	-0.72
24183	-0.73
363241	-0.75
24799	-0.76
81764	-0.76
64307	-0.79
24786	-0.82
25740	-0.85
29353	-0.85
289878	-0.89
79209	-0.89
361866	-0.89
83474	-0.95
81718	-0.97
361402	-1.01
58934	-1.02
60349	-1.03
29565	-1.04
84486	-1.05
94266	-1.12
191569	-1.13
305623	-1.14
65165	-1.21
29693	-1.32
288597	-1.34
29668	-1.36
298942	-1.45
24944	-1.63
317163	-2.14
303831	-2.21
