302855	2.50
191569	2.27
246281	1.74
29624	1.00
65144	0.97
282845	0.96
114612	0.94
83537	0.90
296178	0.84
59102	0.77
365601	0.68
298441	0.64
84486	0.61
294390	0.57
685890	0.55
24829	0.55
689399	0.52
117263	0.52
25742	0.44
25517	0.41
83474	0.41
192172	0.40
83504	0.38
54398	0.38
83503	0.37
80843	0.33
296501	0.33
29285	0.31
363854	0.30
124323	0.30
287561	0.29
24649	0.27
140608	0.25
362720	0.24
297755	0.23
117030	0.21
192241	0.18
298712	0.15
25369	0.15
24817	0.14
312538	0.13
28298	0.12
245976	0.11
81822	0.09
29353	0.08
64306	0.08
25348	0.08
301240	0.07
122799	0.06
83712	0.04
24968	0.03
24392	-0.01
60460	-0.01
24669	-0.02
364656	-0.02
81718	-0.03
691531	-0.03
298517	-0.04
83427	-0.07
25737	-0.08
58934	-0.09
83803	-0.10
89819	-0.10
25599	-0.12
81763	-0.13
24183	-0.13
360572	-0.14
303831	-0.15
304278	-0.15
29580	-0.15
288498	-0.18
494445	-0.20
29693	-0.20
64158	-0.21
498185	-0.25
304429	-0.25
83789	-0.25
305623	-0.28
292028	-0.33
94266	-0.33
259272	-0.36
117526	-0.37
29236	-0.37
304388	-0.37
300079	-0.39
406168	-0.39
25176	-0.40
497778	-0.40
288718	-0.40
24651	-0.40
406167	-0.40
685325	-0.40
64307	-0.41
65262	-0.42
81774	-0.42
24422	-0.42
100912032	-0.43
81663	-0.43
288480	-0.46
60416	-0.46
288444	-0.47
309626	-0.47
316122	-0.48
361402	-0.53
100362640	-0.54
64665	-0.55
65136	-0.55
288615	-0.55
140655	-0.56
361808	-0.56
24516	-0.58
29395	-0.58
113958	-0.58
29288	-0.58
54318	-0.58
29304	-0.59
24944	-0.59
60349	-0.62
245981	-0.62
292804	-0.62
361784	-0.64
246773	-0.66
24786	-0.67
64205	-0.70
500545	-0.70
81829	-0.70
309790	-0.70
362952	-0.71
114090	-0.73
317163	-0.73
24223	-0.76
63868	-0.76
24383	-0.78
25740	-0.79
24699	-0.80
171350	-0.80
24799	-0.81
289878	-0.83
89833	-0.84
64640	-0.85
288666	-0.85
171361	-0.87
84578	-0.88
29374	-0.88
298942	-0.89
117270	-0.90
299809	-0.90
59329	-0.92
192255	-0.94
29659	-0.97
79209	-0.99
246146	-1.02
288597	-1.03
361866	-1.03
84509	-1.05
84490	-1.06
24333	-1.06
363633	-1.06
81764	-1.07
116646	-1.09
24790	-1.10
29668	-1.10
64527	-1.11
29565	-1.18
293725	-1.19
29461	-1.22
288778	-1.26
298700	-1.33
311833	-1.38
363241	-1.43
65165	-1.46
81769	-1.62
25308	-1.71
681429	-1.84
56010	-1.88
29425	-2.03
