84509	8.84
29374	6.47
317163	6.07
299809	5.61
298700	5.61
362952	5.20
89819	4.47
83474	4.32
83712	4.31
296501	4.24
288778	4.23
298441	4.13
117263	4.13
29668	4.06
361402	3.95
681429	3.95
113958	3.75
363241	3.68
361808	3.63
81769	3.60
288480	3.53
25737	3.49
297755	3.21
63868	3.09
64527	3.08
29288	3.08
29304	3.05
58934	3.01
298712	2.99
298942	2.98
81763	2.89
117526	2.89
29425	2.88
288666	2.85
100912032	2.83
292028	2.83
246146	2.63
245981	2.53
24669	2.52
406168	2.51
293725	2.38
303831	2.20
81774	2.19
494445	2.16
122799	2.14
25308	2.12
360572	1.99
140655	1.95
288444	1.93
25176	1.81
363854	1.80
171350	1.76
64640	1.74
64205	1.71
29285	1.71
298517	1.70
29236	1.60
64307	1.57
100362640	1.55
124323	1.54
300079	1.49
80843	1.49
64306	1.46
304429	1.39
65165	1.33
171361	1.30
361784	1.30
83427	1.26
116646	1.22
28298	1.21
288498	1.21
59102	1.20
81718	1.16
65136	1.16
25348	1.13
84486	1.07
289878	1.05
83789	1.04
316122	1.04
24944	1.02
287561	0.98
81764	0.95
83503	0.91
685890	0.88
84578	0.82
24699	0.80
259272	0.79
24649	0.78
60416	0.78
361866	0.72
29580	0.70
364656	0.70
94266	0.67
365601	0.66
192255	0.66
685325	0.65
29395	0.62
24829	0.51
24333	0.51
312538	0.48
192241	0.47
497778	0.44
114612	0.40
245976	0.40
60460	0.36
309626	0.35
81822	0.33
83504	0.32
288615	0.31
24422	0.30
691531	0.30
282845	0.29
79209	0.27
89833	0.27
56010	0.18
362720	0.17
288718	0.13
81829	0.10
84490	0.07
288597	0.06
29461	0.05
246773	0.02
311833	-0.02
29565	-0.04
500545	-0.05
296178	-0.08
24790	-0.11
29624	-0.13
24392	-0.14
24651	-0.15
25740	-0.15
191569	-0.20
406167	-0.22
65262	-0.25
29693	-0.27
59329	-0.30
25369	-0.35
24817	-0.35
246281	-0.36
65144	-0.39
24799	-0.42
64158	-0.45
25517	-0.46
60349	-0.55
304388	-0.57
24786	-0.58
54257	-0.58
304278	-0.58
117270	-0.59
83803	-0.66
24516	-0.70
29659	-0.73
83537	-0.78
25599	-0.79
117030	-0.81
294390	-0.87
301240	-0.87
24968	-0.88
363633	-0.88
114090	-0.90
309790	-0.91
689399	-0.96
29353	-0.97
25742	-1.01
24183	-1.02
140608	-1.07
302855	-1.09
24223	-1.11
64665	-1.13
24383	-1.14
292804	-1.15
305623	-1.38
81663	-1.81
54398	-2.08
192172	-2.17
498185	-2.45
