309626	3.24
24183	3.06
406167	2.91
83537	2.74
305623	2.73
192172	2.30
24383	2.10
406168	2.04
117030	1.98
292804	1.95
304278	1.80
83803	1.77
81663	1.71
301240	1.71
25369	1.51
363854	1.48
64665	1.44
245976	1.35
65262	1.20
288718	1.19
500545	1.19
29659	1.15
84578	1.12
114612	1.11
29565	1.03
24817	0.94
24669	0.90
140608	0.88
361808	0.72
29353	0.71
81829	0.69
59102	0.68
298517	0.64
65144	0.62
312538	0.61
361784	0.57
685890	0.55
259272	0.54
288666	0.53
302855	0.52
363633	0.49
364656	0.49
497778	0.48
80843	0.47
24333	0.47
24516	0.47
685325	0.46
117270	0.43
24968	0.43
288615	0.41
59329	0.41
54257	0.38
25599	0.38
246281	0.36
24799	0.32
246146	0.31
29624	0.24
29395	0.24
116646	0.22
362720	0.19
89833	0.18
689399	0.17
24392	0.16
498185	0.14
192241	0.14
289878	0.11
63868	0.07
117526	0.07
304388	0.06
24651	0.03
25308	0.01
288597	-0.02
114090	-0.03
298942	-0.04
294390	-0.05
282845	-0.10
29425	-0.10
113958	-0.10
29693	-0.11
83789	-0.12
288480	-0.16
293725	-0.17
25348	-0.22
296501	-0.24
171350	-0.25
24422	-0.26
81764	-0.30
24790	-0.31
64527	-0.33
83504	-0.36
83427	-0.37
29285	-0.38
288444	-0.38
29580	-0.40
83474	-0.40
25176	-0.41
192255	-0.45
60416	-0.47
24829	-0.49
24944	-0.49
24649	-0.52
246773	-0.52
309790	-0.53
83503	-0.53
64640	-0.55
64205	-0.55
29461	-0.55
25517	-0.57
24699	-0.57
29236	-0.59
83712	-0.60
84490	-0.61
140655	-0.62
287561	-0.64
65165	-0.65
100362640	-0.68
24223	-0.69
81718	-0.70
56010	-0.71
94266	-0.72
60349	-0.75
81769	-0.77
288778	-0.78
81822	-0.79
64158	-0.81
64306	-0.81
311833	-0.82
691531	-0.88
365601	-0.89
191569	-0.90
300079	-0.96
298441	-1.01
84486	-1.01
296178	-1.02
288498	-1.02
25740	-1.03
360572	-1.04
60460	-1.06
292028	-1.07
681429	-1.08
64307	-1.08
65136	-1.10
362952	-1.10
89819	-1.13
298712	-1.14
25737	-1.21
122799	-1.23
81774	-1.24
29668	-1.27
494445	-1.27
245981	-1.30
304429	-1.30
81763	-1.30
303831	-1.34
124323	-1.35
100912032	-1.41
361402	-1.53
171361	-1.55
25742	-1.58
316122	-1.59
317163	-1.63
28298	-1.66
29304	-1.67
297755	-1.69
29288	-1.72
24786	-1.75
298700	-1.79
54318	-2.08
79209	-2.19
361866	-2.21
58934	-2.23
29374	-2.43
299809	-2.63
84509	-2.66
117263	-2.74
363241	-2.75
