288444	4.76
29668	3.52
64158	3.52
64527	3.51
84509	3.42
24383	3.05
63868	2.96
317163	2.92
117263	2.85
81822	2.76
292804	2.66
288666	2.48
113958	2.48
246146	2.47
298942	2.45
24392	2.44
29425	2.25
64665	2.13
303831	2.10
361402	2.10
81829	2.03
288480	2.00
299809	1.96
60416	1.82
24333	1.71
24799	1.63
24516	1.59
29374	1.53
361808	1.53
363633	1.48
116646	1.45
29565	1.42
24223	1.40
288778	1.31
83712	1.29
282845	1.19
363241	1.15
60460	1.11
24786	1.06
192255	1.02
292028	1.01
24183	0.97
25740	0.93
681429	0.93
29693	0.91
245976	0.89
685325	0.86
64306	0.85
171361	0.77
288615	0.76
246773	0.74
360572	0.74
25742	0.72
81663	0.72
361866	0.65
288718	0.65
363854	0.62
287561	0.60
245981	0.59
304429	0.55
362952	0.54
24422	0.51
65136	0.48
25176	0.45
25599	0.40
114090	0.38
84490	0.38
293725	0.35
25308	0.33
29580	0.29
24817	0.28
406168	0.24
65165	0.23
171350	0.22
25369	0.21
362720	0.21
83789	0.19
54318	0.18
140608	0.17
81718	0.17
689399	0.17
64205	0.13
81764	0.07
316122	0.04
122799	0.03
288498	0.03
83474	0.03
28298	0.02
83427	0.01
140655	-0.02
24944	-0.03
81774	-0.03
685890	-0.06
83503	-0.07
64640	-0.08
246281	-0.10
298517	-0.10
80843	-0.12
29461	-0.13
691531	-0.17
117030	-0.19
117270	-0.20
500545	-0.20
79209	-0.24
64307	-0.25
494445	-0.26
29395	-0.27
29288	-0.28
296178	-0.29
298700	-0.32
406167	-0.32
29304	-0.35
24790	-0.36
114612	-0.39
94266	-0.40
25517	-0.41
24699	-0.44
309790	-0.44
65262	-0.45
301240	-0.46
300079	-0.47
84578	-0.47
25737	-0.47
81769	-0.49
29353	-0.49
65144	-0.50
29659	-0.52
117526	-0.54
25348	-0.55
311833	-0.55
24968	-0.57
192241	-0.61
100362640	-0.68
24669	-0.70
83504	-0.71
124323	-0.71
54398	-0.71
305623	-0.72
304278	-0.79
309626	-0.81
288597	-0.81
81763	-0.83
192172	-0.84
312538	-0.85
60349	-0.87
289878	-0.88
364656	-0.91
100912032	-0.94
29624	-0.96
29285	-0.96
24651	-1.00
498185	-1.02
83537	-1.02
29236	-1.09
497778	-1.11
59329	-1.12
24829	-1.13
297755	-1.14
298712	-1.14
84486	-1.33
89833	-1.36
304388	-1.37
89819	-1.39
365601	-1.45
259272	-1.51
302855	-1.55
58934	-1.59
191569	-1.72
24649	-1.76
54257	-1.88
294390	-1.93
59102	-2.00
361784	-2.12
83803	-2.13
298441	-2.37
296501	-2.97
