100912032	5.71
29288	5.55
361784	5.28
298700	5.11
297755	4.95
363241	4.91
28298	4.58
362952	4.52
29374	4.39
29304	4.29
64307	4.19
691531	4.05
94266	4.05
360572	3.85
81769	3.81
81763	3.76
83427	3.71
81774	3.69
89819	3.65
365601	3.63
64640	3.54
245976	3.53
140655	3.45
124323	3.37
65136	3.35
81764	3.32
300079	3.29
29236	3.27
25348	3.04
54318	3.01
29285	2.93
317163	2.82
100362640	2.69
122799	2.67
83474	2.63
245981	2.61
288498	2.60
117526	2.58
288480	2.53
298712	2.42
304429	2.38
288718	2.27
25308	2.19
304278	2.18
64306	2.17
83803	2.08
294390	2.05
64205	2.02
361808	1.84
25517	1.84
288615	1.81
681429	1.69
309626	1.64
24790	1.64
171350	1.61
171361	1.60
24786	1.56
29565	1.55
83537	1.46
288666	1.40
298441	1.40
116646	1.39
24944	1.37
288778	1.35
29425	1.19
81718	1.18
299809	1.15
24669	1.15
309790	1.14
361402	1.14
289878	1.04
117263	1.01
301240	0.96
64665	0.94
246281	0.90
24817	0.90
59102	0.85
363854	0.84
84509	0.84
498185	0.80
364656	0.77
288597	0.73
303831	0.70
191569	0.67
293725	0.67
84486	0.60
24516	0.59
83789	0.58
117030	0.55
296178	0.47
25737	0.44
311833	0.44
25742	0.39
29668	0.36
305623	0.36
192241	0.36
64527	0.33
83503	0.29
24829	0.23
494445	0.17
406168	0.14
79209	0.13
259272	0.11
83712	0.10
363633	0.10
296501	0.09
24422	0.08
89833	0.07
282845	0.06
292028	0.03
24223	0.02
114612	0.00
298517	0.00
60416	-0.00
29461	-0.00
24699	-0.01
689399	-0.02
24968	-0.04
113958	-0.05
29659	-0.05
361866	-0.05
24649	-0.05
685890	-0.08
29624	-0.09
192255	-0.09
54257	-0.09
65165	-0.12
29395	-0.14
83504	-0.16
117270	-0.20
304388	-0.27
316122	-0.27
140608	-0.39
114090	-0.40
685325	-0.41
287561	-0.47
80843	-0.48
59329	-0.56
246146	-0.59
60460	-0.61
60349	-0.63
25369	-0.76
25599	-0.76
24799	-0.81
497778	-0.85
406167	-0.87
24651	-0.93
64158	-0.97
84578	-1.02
500545	-1.02
25740	-1.06
192172	-1.10
312538	-1.12
288444	-1.13
65144	-1.19
84490	-1.20
298942	-1.24
246773	-1.34
29353	-1.36
25176	-1.44
63868	-1.48
29580	-1.50
362720	-1.56
56010	-1.59
24392	-1.68
302855	-1.71
81822	-1.73
81663	-1.75
24333	-2.09
54398	-2.23
65262	-2.48
29693	-2.52
24383	-2.67
24183	-2.95
292804	-3.05
81829	-3.49
