84490	9.44
312538	8.28
25737	7.54
296501	6.89
296178	6.21
298441	4.94
500545	4.69
83474	4.30
362720	3.63
300079	3.37
29395	3.24
497778	3.19
361784	3.17
83503	2.95
245981	2.79
64307	2.69
83427	2.65
84509	2.62
29236	2.50
100362640	2.50
288778	2.48
361808	2.45
288480	2.41
114612	2.40
29304	2.32
81764	2.29
117526	2.22
81774	2.20
297755	2.19
83712	2.16
122799	2.12
29288	2.10
100912032	2.07
28298	2.03
681429	2.00
689399	1.89
65136	1.86
64205	1.85
81763	1.80
29668	1.80
83789	1.77
84578	1.75
362952	1.73
64306	1.66
298712	1.65
294390	1.60
494445	1.54
83537	1.51
360572	1.48
298700	1.44
365601	1.42
140655	1.35
124323	1.30
363241	1.30
301240	1.21
288718	1.20
54318	1.20
113958	1.20
64158	1.20
293725	1.20
302855	1.12
89819	1.11
299809	1.07
83803	1.03
24790	1.01
65165	1.01
25369	0.96
304429	0.94
29374	0.94
245976	0.88
29285	0.86
58934	0.85
282845	0.83
29353	0.78
24829	0.78
54257	0.77
29624	0.76
25176	0.73
81718	0.73
80843	0.72
64640	0.71
288615	0.71
54398	0.68
304278	0.66
94266	0.62
363854	0.58
25742	0.57
25348	0.56
691531	0.56
24516	0.53
363633	0.48
288666	0.47
192241	0.46
117270	0.46
309790	0.45
171361	0.42
89833	0.42
117263	0.40
24383	0.36
287561	0.36
24669	0.34
60460	0.34
29425	0.32
81829	0.31
117030	0.28
24968	0.28
81769	0.25
289878	0.24
64527	0.24
685325	0.24
288597	0.20
292028	0.16
65262	0.14
192172	0.12
288498	0.09
304388	0.09
24333	0.09
361866	0.06
63868	0.06
171350	0.05
83504	0.03
361402	0.01
140608	-0.00
317163	-0.08
24223	-0.16
191569	-0.19
29659	-0.21
24699	-0.25
246281	-0.25
246773	-0.29
498185	-0.31
84486	-0.37
406168	-0.38
24422	-0.38
116646	-0.43
64665	-0.43
305623	-0.47
24649	-0.48
25517	-0.56
29565	-0.58
79209	-0.59
259272	-0.61
406167	-0.63
192255	-0.64
24817	-0.64
288444	-0.65
25599	-0.69
24651	-0.70
114090	-0.72
685890	-0.73
24786	-0.75
60349	-0.76
25308	-0.79
316122	-0.79
29580	-0.79
303831	-0.87
24799	-0.88
292804	-0.88
60416	-0.90
298517	-0.91
59329	-1.01
81822	-1.07
24183	-1.10
311833	-1.17
29461	-1.19
65144	-1.26
25740	-1.33
24392	-1.37
246146	-1.42
364656	-1.64
298942	-1.73
29693	-1.87
56010	-2.00
81663	-2.09
309626	-2.21
24944	-2.41
