114090	5.84
24516	4.43
24649	3.44
494445	1.71
25737	1.68
29461	1.57
116646	1.53
25369	1.41
498185	1.38
100912032	1.21
171361	1.19
81764	1.13
81718	1.12
94266	1.12
117270	1.07
304388	1.04
309626	1.04
296501	1.03
259272	1.01
81822	0.96
361784	0.88
362952	0.88
363854	0.85
293725	0.81
89833	0.79
84486	0.77
100362640	0.76
64640	0.67
64306	0.67
246773	0.66
317163	0.66
81769	0.65
122799	0.62
287561	0.56
29304	0.56
25348	0.54
360572	0.52
245981	0.51
24651	0.51
29565	0.50
24392	0.50
362720	0.46
24790	0.43
54398	0.41
83537	0.41
300079	0.41
64205	0.40
65165	0.40
64307	0.39
288444	0.37
29374	0.36
288498	0.36
81663	0.36
297755	0.35
60349	0.34
80843	0.33
312538	0.32
29288	0.32
29693	0.29
29285	0.28
316122	0.28
140655	0.25
289878	0.25
24829	0.24
171350	0.23
497778	0.22
361402	0.22
81763	0.22
681429	0.21
24183	0.21
29236	0.17
302855	0.15
288718	0.14
83712	0.11
298441	0.10
81774	0.10
25740	0.10
363633	0.08
24786	0.07
363241	0.06
246146	0.05
246281	0.04
361866	0.04
29425	0.04
292804	0.04
245976	0.03
292028	-0.00
298712	-0.04
83504	-0.04
361808	-0.05
24699	-0.06
192255	-0.10
25308	-0.10
124323	-0.10
303831	-0.11
311833	-0.14
24669	-0.14
192172	-0.15
28298	-0.16
29395	-0.18
298700	-0.19
298942	-0.19
29624	-0.20
117526	-0.24
65136	-0.25
24944	-0.26
689399	-0.26
25517	-0.28
406167	-0.29
83474	-0.30
54318	-0.30
691531	-0.31
25599	-0.32
294390	-0.32
309790	-0.32
83427	-0.33
84578	-0.33
63868	-0.36
83789	-0.38
60460	-0.41
24223	-0.44
299809	-0.45
84490	-0.46
191569	-0.51
296178	-0.52
500545	-0.54
58934	-0.56
288778	-0.63
84509	-0.63
29668	-0.68
79209	-0.70
24817	-0.71
114612	-0.72
25176	-0.72
305623	-0.73
117263	-0.75
288480	-0.77
192241	-0.78
29580	-0.78
24333	-0.81
29353	-0.84
364656	-0.85
65262	-0.85
117030	-0.86
83803	-0.86
24422	-0.88
54257	-0.92
140608	-0.93
60416	-0.94
89819	-0.94
288615	-0.94
304278	-0.96
298517	-0.97
365601	-0.99
59102	-1.01
288597	-1.03
685325	-1.04
29659	-1.05
25742	-1.10
56010	-1.12
24968	-1.12
24799	-1.17
64527	-1.18
685890	-1.20
282845	-1.21
406168	-1.25
113958	-1.28
288666	-1.29
64665	-1.33
301240	-1.45
65144	-1.50
81829	-1.51
64158	-1.53
83503	-1.57
304429	-1.86
24383	-2.15
