79209	2.01
171350	1.59
246773	1.41
24829	1.33
300079	1.17
64205	1.11
304388	1.08
288778	1.02
117270	0.91
24790	0.90
29304	0.89
24649	0.86
294390	0.83
81763	0.82
81663	0.78
65136	0.75
84486	0.75
114090	0.69
361784	0.69
24651	0.67
64307	0.66
80843	0.62
360572	0.60
293725	0.59
29236	0.55
81764	0.50
29624	0.50
83789	0.49
259272	0.46
691531	0.46
29659	0.45
124323	0.44
100362640	0.42
100912032	0.41
83427	0.41
29285	0.41
292028	0.40
81769	0.40
81822	0.39
288480	0.38
84578	0.38
361866	0.38
29288	0.36
29565	0.36
25176	0.35
316122	0.35
59329	0.34
29395	0.33
317163	0.33
25737	0.33
24699	0.33
140655	0.31
246281	0.30
81774	0.30
494445	0.29
64306	0.28
94266	0.27
117030	0.26
116646	0.26
287561	0.25
312538	0.22
171361	0.21
25369	0.20
25740	0.20
365601	0.20
681429	0.19
24817	0.16
298700	0.15
25348	0.10
362952	0.10
498185	0.10
689399	0.10
25308	0.09
363854	0.07
299809	0.06
122799	0.05
28298	0.05
311833	0.05
245981	0.04
113958	0.04
303831	0.03
65262	0.03
288615	0.03
298712	0.03
191569	0.02
361402	0.01
63868	-0.00
114612	-0.01
288718	-0.02
361808	-0.03
296501	-0.04
83537	-0.04
192172	-0.05
363241	-0.05
245976	-0.05
302855	-0.07
305623	-0.08
29461	-0.09
24516	-0.09
65165	-0.09
289878	-0.12
83712	-0.15
81718	-0.17
297755	-0.17
24944	-0.18
84509	-0.19
81829	-0.20
29425	-0.23
24669	-0.24
298942	-0.25
117526	-0.25
64158	-0.27
292804	-0.29
65144	-0.31
25517	-0.32
192241	-0.32
24968	-0.32
288444	-0.39
29374	-0.39
309790	-0.39
298517	-0.40
685325	-0.40
64640	-0.40
288666	-0.41
83474	-0.42
64527	-0.42
83503	-0.43
25599	-0.45
89833	-0.47
64665	-0.48
192255	-0.52
24392	-0.52
362720	-0.55
54318	-0.55
309626	-0.57
363633	-0.57
364656	-0.58
83504	-0.60
54257	-0.62
24383	-0.63
298441	-0.63
288597	-0.63
58934	-0.63
140608	-0.64
29580	-0.65
246146	-0.65
24799	-0.69
84490	-0.72
301240	-0.73
406167	-0.73
685890	-0.73
60416	-0.74
296178	-0.74
29693	-0.74
29668	-0.74
54398	-0.75
117263	-0.75
59102	-0.76
29353	-0.78
24333	-0.83
89819	-0.85
56010	-0.87
25742	-0.93
60460	-0.98
497778	-1.01
304429	-1.01
500545	-1.03
288498	-1.03
406168	-1.26
304278	-1.27
282845	-1.28
24183	-1.32
83803	-1.41
24223	-1.49
24786	-1.53
24422	-1.83
