292804	4.05
24333	3.22
25176	2.77
65262	2.54
25308	2.38
60460	2.25
282845	2.18
25740	1.95
56010	1.82
64158	1.70
171361	1.68
114090	1.63
29461	1.61
361866	1.56
84509	1.51
24649	1.46
29374	1.43
81829	1.29
25742	1.28
64665	1.23
191569	1.21
24392	1.21
296501	1.18
246773	1.13
309790	1.12
299809	1.12
63868	1.10
288597	1.10
192241	1.09
246146	1.06
298700	1.03
305623	1.02
24968	0.97
293725	0.95
288480	0.93
303831	0.92
298942	0.91
25737	0.89
29565	0.85
54318	0.78
301240	0.78
192255	0.76
300079	0.71
117263	0.67
29659	0.64
292028	0.63
25369	0.62
84490	0.61
312538	0.61
29580	0.60
24383	0.57
29395	0.56
304429	0.56
29668	0.55
117030	0.55
288615	0.54
24669	0.53
81769	0.51
288444	0.48
140608	0.48
289878	0.47
24944	0.47
81822	0.47
259272	0.46
83789	0.43
114612	0.42
363241	0.36
29304	0.36
124323	0.35
362952	0.32
406167	0.29
362720	0.27
316122	0.24
288778	0.24
304388	0.22
294390	0.21
29693	0.20
83712	0.17
83504	0.15
363633	0.13
287561	0.11
24516	0.10
361402	0.09
24699	0.05
24422	0.04
64205	0.01
58934	-0.00
171350	-0.00
83427	-0.00
498185	-0.01
81764	-0.04
24799	-0.04
500545	-0.06
24786	-0.06
122799	-0.08
298441	-0.09
302855	-0.09
361784	-0.10
24183	-0.12
24223	-0.12
100362640	-0.13
140655	-0.13
360572	-0.14
25348	-0.17
84486	-0.20
245981	-0.22
317163	-0.22
81774	-0.27
296178	-0.27
28298	-0.30
89833	-0.31
25599	-0.33
288666	-0.33
311833	-0.34
94266	-0.36
29236	-0.37
24651	-0.38
29288	-0.40
64307	-0.41
65136	-0.41
297755	-0.42
689399	-0.42
117270	-0.44
304278	-0.46
54257	-0.46
54398	-0.47
83537	-0.48
25517	-0.48
691531	-0.48
24817	-0.48
497778	-0.48
685890	-0.49
406168	-0.49
288498	-0.49
100912032	-0.50
29425	-0.55
81763	-0.55
117526	-0.57
65144	-0.60
681429	-0.63
79209	-0.64
29624	-0.64
116646	-0.66
84578	-0.67
365601	-0.71
60349	-0.74
80843	-0.74
245976	-0.74
29285	-0.74
298712	-0.75
246281	-0.75
81663	-0.77
685325	-0.78
24829	-0.80
24790	-0.81
298517	-0.84
361808	-0.85
64640	-0.88
494445	-0.90
59102	-0.90
89819	-0.92
59329	-0.94
83803	-0.97
64527	-1.00
64306	-1.03
288718	-1.04
364656	-1.09
29353	-1.14
113958	-1.21
81718	-1.24
83503	-1.32
363854	-1.66
309626	-1.69
83474	-1.83
65165	-1.90
192172	-2.14
