24516	2.77
309790	2.36
60416	2.25
406168	2.22
25740	2.17
282845	2.04
25737	1.94
298441	1.79
25742	1.72
288444	1.70
83537	1.70
288480	1.63
29624	1.54
64158	1.32
363633	1.29
81718	1.26
246146	1.22
24223	1.12
56010	1.11
24968	1.11
81822	1.10
171361	1.08
114090	1.08
29461	1.08
298712	1.08
64665	1.03
288778	0.96
29693	0.91
289878	0.89
89819	0.89
81663	0.86
305623	0.82
29353	0.82
296178	0.80
24944	0.70
406167	0.67
304429	0.67
24651	0.67
192255	0.67
299809	0.63
83712	0.62
245976	0.61
117030	0.59
29374	0.56
288597	0.55
288498	0.51
84490	0.49
117526	0.48
84509	0.47
298700	0.45
361808	0.42
171350	0.38
64205	0.38
24699	0.37
54318	0.36
685325	0.34
691531	0.34
59102	0.34
296501	0.34
303831	0.32
287561	0.27
24669	0.27
116646	0.25
29304	0.24
245981	0.23
317163	0.23
316122	0.22
24649	0.20
94266	0.20
246773	0.18
304388	0.17
500545	0.15
81763	0.15
24786	0.13
25348	0.12
29565	0.12
113958	0.12
689399	0.03
89833	0.02
288615	0.02
362720	0.01
363241	0.01
29288	-0.01
54257	-0.01
361866	-0.01
24799	-0.02
83789	-0.03
65262	-0.04
498185	-0.06
681429	-0.09
298942	-0.09
288666	-0.10
192172	-0.12
83503	-0.12
364656	-0.12
83474	-0.14
29285	-0.15
362952	-0.18
124323	-0.18
309626	-0.19
140655	-0.20
24829	-0.20
363854	-0.20
29425	-0.24
24422	-0.24
292804	-0.24
25517	-0.28
29580	-0.29
24333	-0.30
64640	-0.32
29395	-0.35
685890	-0.35
83504	-0.38
192241	-0.39
117263	-0.39
59329	-0.41
63868	-0.41
300079	-0.41
80843	-0.43
81769	-0.44
494445	-0.44
29668	-0.45
64306	-0.45
298517	-0.46
64527	-0.47
79209	-0.49
81774	-0.50
301240	-0.50
293725	-0.51
25599	-0.53
65136	-0.53
29236	-0.54
311833	-0.56
81829	-0.57
24183	-0.57
122799	-0.57
65165	-0.59
246281	-0.59
58934	-0.61
312538	-0.61
360572	-0.69
83427	-0.70
25308	-0.72
114612	-0.72
292028	-0.73
29659	-0.74
297755	-0.74
100362640	-0.75
140608	-0.78
497778	-0.79
64307	-0.79
117270	-0.82
24383	-0.83
28298	-0.87
361402	-0.91
259272	-0.92
288718	-0.97
60349	-0.98
65144	-1.02
304278	-1.02
24817	-1.05
54398	-1.06
100912032	-1.09
24392	-1.15
294390	-1.20
83803	-1.28
24790	-1.36
25369	-1.36
25176	-1.39
191569	-1.41
84578	-1.42
84486	-1.50
81764	-1.52
365601	-1.55
361784	-1.64
302855	-1.69
