288444	7.59
29374	6.28
298942	6.23
299809	5.83
24786	5.57
25176	5.39
81829	5.25
83712	5.19
65262	4.83
113958	4.01
84509	3.94
83474	3.70
497778	3.35
24333	3.34
29668	3.22
296501	3.17
288778	3.10
54318	3.09
56010	2.96
117263	2.86
24383	2.72
25737	2.38
362952	2.38
301240	2.37
65165	2.31
29693	2.27
65144	2.21
81763	2.17
288480	2.16
29304	2.10
288615	2.08
363854	2.03
64527	1.94
363241	1.90
300079	1.81
117030	1.81
171361	1.77
246146	1.73
192241	1.72
116646	1.62
303831	1.60
84490	1.54
81822	1.52
360572	1.52
29288	1.44
100362640	1.43
292804	1.40
317163	1.39
192172	1.35
298517	1.31
312538	1.30
192255	1.30
298700	1.25
304278	1.24
292028	1.23
65136	1.13
83427	1.11
60416	1.10
24392	1.10
298441	1.07
140608	1.06
297755	1.06
296178	1.05
288718	1.05
293725	1.02
29565	1.02
361808	1.00
494445	0.96
81764	0.95
81663	0.90
304429	0.90
691531	0.88
681429	0.86
24422	0.83
365601	0.83
24516	0.82
245981	0.82
29425	0.78
24944	0.76
361402	0.76
288498	0.75
29395	0.73
81774	0.73
363633	0.70
29580	0.63
140655	0.63
124323	0.63
364656	0.62
171350	0.62
83789	0.61
362720	0.57
29236	0.57
114612	0.49
64205	0.48
24699	0.48
83503	0.46
64665	0.46
24817	0.46
24790	0.44
302855	0.44
685890	0.43
500545	0.35
282845	0.34
80843	0.26
246281	0.23
685325	0.23
24669	0.21
83504	0.19
25740	0.19
79209	0.18
64640	0.14
89833	0.13
259272	0.12
54398	0.07
59102	0.06
28298	0.05
60349	-0.00
288666	-0.01
24649	-0.04
25599	-0.07
100912032	-0.09
117526	-0.10
81718	-0.12
24223	-0.14
25308	-0.16
89819	-0.17
64158	-0.17
84486	-0.19
24183	-0.21
25742	-0.22
288597	-0.24
245976	-0.26
81769	-0.30
64306	-0.35
59329	-0.36
298712	-0.37
316122	-0.38
287561	-0.40
60460	-0.41
29624	-0.44
29461	-0.44
309626	-0.54
289878	-0.56
25348	-0.58
311833	-0.61
24651	-0.63
24799	-0.68
94266	-0.69
305623	-0.71
25517	-0.73
117270	-0.74
689399	-0.75
294390	-0.75
54257	-0.76
29353	-0.78
83803	-0.78
246773	-0.80
25369	-0.92
24968	-0.92
406167	-0.94
309790	-0.98
304388	-0.99
24829	-1.02
361784	-1.08
64307	-1.10
114090	-1.12
406168	-1.16
361866	-1.18
29659	-1.26
191569	-1.26
122799	-1.34
29285	-1.39
84578	-1.47
58934	-1.48
83537	-1.51
498185	-2.62
