81822	4.69
56010	3.52
29580	3.09
25737	3.07
117030	2.90
84509	2.88
24333	2.77
246146	2.62
29425	2.49
500545	2.25
140608	2.15
298441	2.14
288480	2.10
363241	2.04
282845	1.99
114612	1.92
117263	1.85
246773	1.83
29236	1.81
293725	1.81
100362640	1.76
245981	1.76
60416	1.70
84490	1.68
81829	1.67
25176	1.65
83427	1.64
24183	1.63
25308	1.58
81764	1.54
312538	1.48
83503	1.43
25369	1.42
288666	1.34
65136	1.34
689399	1.34
60460	1.32
81663	1.29
59102	1.20
100912032	1.20
80843	1.19
24383	1.18
299809	1.18
83712	1.18
25348	1.17
84578	1.13
192241	1.13
691531	1.10
362720	1.09
300079	1.07
64527	1.06
81774	1.06
64306	1.04
302855	1.02
28298	1.01
25742	1.00
287561	0.98
288615	0.97
29374	0.96
29668	0.93
124323	0.93
681429	0.92
292028	0.92
81769	0.92
64665	0.91
29288	0.87
24968	0.87
29461	0.87
25740	0.86
288778	0.83
309790	0.82
29304	0.80
361808	0.75
64307	0.71
292804	0.68
64205	0.66
140655	0.66
29395	0.65
406167	0.62
361784	0.58
29624	0.53
497778	0.53
360572	0.52
65262	0.51
89819	0.50
362952	0.48
24516	0.38
296501	0.35
24799	0.34
29285	0.29
114090	0.28
117270	0.25
297755	0.23
89833	0.22
122799	0.21
288444	0.20
192172	0.20
24669	0.17
29659	0.13
171350	0.11
171361	0.04
116646	0.02
304388	0.02
29565	0.01
83537	0.00
24223	0.00
25599	0.00
363854	-0.03
298517	-0.05
192255	-0.06
363633	-0.07
494445	-0.07
81763	-0.07
316122	-0.07
24392	-0.08
94266	-0.16
361866	-0.16
83789	-0.17
63868	-0.17
301240	-0.19
24422	-0.19
54257	-0.21
24651	-0.22
83803	-0.23
60349	-0.27
288597	-0.28
246281	-0.29
24786	-0.29
24829	-0.35
311833	-0.37
304429	-0.37
65144	-0.40
191569	-0.41
113958	-0.42
25517	-0.42
498185	-0.44
289878	-0.44
245976	-0.45
54318	-0.45
117526	-0.53
317163	-0.53
81718	-0.59
24649	-0.59
305623	-0.61
288718	-0.66
29353	-0.68
298700	-0.68
24944	-0.73
64640	-0.73
294390	-0.74
303831	-0.76
259272	-0.77
24817	-0.79
685325	-0.81
54398	-0.81
84486	-0.81
304278	-0.83
29693	-0.84
296178	-0.87
83504	-0.87
364656	-0.95
58934	-0.97
24699	-0.98
65165	-0.99
24790	-1.12
365601	-1.26
685890	-1.28
79209	-1.36
298942	-1.39
59329	-1.53
361402	-1.55
309626	-1.60
406168	-1.68
298712	-1.86
83474	-1.97
288498	-2.15
