29236	23.64
83427	19.67
29285	17.01
100362640	15.51
81774	15.29
140655	15.15
293725	14.86
300079	14.54
245981	14.53
81764	14.45
29304	14.29
65136	13.74
29288	13.28
81763	12.76
64307	12.68
64306	12.63
28298	12.63
297755	12.51
360572	12.30
29565	11.93
100912032	11.61
691531	11.50
83789	11.32
171361	10.96
94266	10.59
25348	10.19
363241	9.99
124323	9.60
116646	9.33
122799	9.32
171350	8.97
298700	7.81
81769	7.35
681429	5.35
64640	5.20
362952	4.80
299809	4.60
292028	4.40
84509	4.15
361808	4.08
192172	3.78
29374	3.69
192241	3.19
65165	3.17
24333	3.02
80843	2.95
113958	2.86
83503	2.75
361784	2.58
24790	2.49
364656	2.33
25176	2.31
312538	2.27
25737	2.19
29425	2.19
81822	2.16
292804	2.13
288778	2.09
58934	2.02
64527	2.01
361402	2.01
114612	2.01
288480	2.00
246146	1.93
83712	1.88
59102	1.85
117030	1.82
54318	1.71
25308	1.59
89819	1.56
24383	1.55
81829	1.50
65262	1.50
494445	1.47
192255	1.36
303831	1.23
500545	1.19
24223	1.16
60349	1.11
363854	1.04
29395	1.02
24799	0.97
298441	0.95
117263	0.94
24829	0.80
24968	0.76
81663	0.76
25599	0.75
304278	0.69
29624	0.69
24699	0.66
64158	0.66
24786	0.65
84486	0.63
24649	0.62
140608	0.60
309626	0.60
25369	0.55
84578	0.52
63868	0.48
29668	0.45
245976	0.45
117270	0.42
685325	0.42
59329	0.40
362720	0.40
64665	0.39
60460	0.38
298517	0.37
304429	0.35
29353	0.34
317163	0.33
365601	0.30
301240	0.30
246773	0.24
24944	0.23
25742	0.21
83803	0.21
296501	0.16
56010	0.13
83474	0.12
689399	0.08
259272	0.04
60416	0.01
24669	-0.00
81718	-0.11
498185	-0.13
24516	-0.16
406167	-0.22
24651	-0.23
24392	-0.25
288498	-0.32
24817	-0.33
294390	-0.35
311833	-0.35
288597	-0.35
685890	-0.36
296178	-0.37
117526	-0.41
287561	-0.42
25740	-0.42
363633	-0.42
89833	-0.45
288444	-0.46
84490	-0.48
289878	-0.49
24422	-0.51
114090	-0.52
191569	-0.52
304388	-0.52
305623	-0.52
29580	-0.54
298712	-0.54
83537	-0.55
54398	-0.55
288615	-0.57
497778	-0.57
25517	-0.58
29659	-0.61
302855	-0.61
29461	-0.68
54257	-0.70
288718	-0.80
309790	-0.82
288666	-0.84
79209	-0.85
316122	-0.93
282845	-0.95
65144	-0.97
29693	-1.00
406168	-1.01
298942	-1.08
83504	-1.10
24183	-1.21
246281	-1.32
361866	-1.78
