81774	18.08
29285	16.36
122799	16.24
94266	16.22
64307	15.96
360572	15.04
65136	14.63
83427	14.61
140655	13.79
28298	13.79
124323	13.34
29304	13.03
81764	13.02
81763	12.78
245981	12.65
64205	12.63
29236	12.46
25348	12.32
29288	12.16
691531	11.46
100362640	11.20
297755	10.13
363241	9.88
100912032	9.82
300079	8.99
64640	8.79
293725	8.70
171361	8.70
81769	8.58
116646	8.39
29565	6.44
298700	5.96
361808	5.20
83503	5.16
83789	5.12
681429	5.09
171350	4.77
25308	4.63
84509	4.50
192241	4.27
113958	3.93
361784	3.91
29425	3.74
362952	3.42
299809	3.42
292028	3.42
140608	3.31
64527	3.24
24786	2.98
24383	2.74
25737	2.71
29668	2.69
25176	2.54
114612	2.36
58934	2.17
29374	2.04
494445	2.03
24223	1.81
81822	1.80
364656	1.78
312538	1.75
59102	1.66
298517	1.66
65165	1.65
192172	1.63
288778	1.60
24333	1.58
83712	1.52
54318	1.46
317163	1.38
192255	1.34
363854	1.33
24944	1.26
117526	1.26
24790	1.23
301240	1.21
89819	1.17
117263	1.16
497778	1.16
304429	1.13
303831	1.08
117270	1.08
64158	1.04
29395	1.04
25599	1.01
83474	0.99
361402	0.91
56010	0.85
80843	0.84
288480	0.83
365601	0.77
24968	0.68
59329	0.67
191569	0.64
24829	0.62
362720	0.62
81829	0.61
309626	0.60
84486	0.56
304388	0.54
288666	0.48
24649	0.47
29624	0.38
245976	0.34
117030	0.33
689399	0.31
24699	0.31
60349	0.28
259272	0.28
294390	0.26
302855	0.24
29353	0.24
83803	0.14
24669	0.11
25369	0.09
54257	0.08
292804	0.03
246281	-0.02
24799	-0.02
24422	-0.03
289878	-0.04
25742	-0.09
685890	-0.09
298712	-0.14
298441	-0.15
287561	-0.17
304278	-0.20
24516	-0.20
296501	-0.20
81663	-0.24
64665	-0.27
296178	-0.27
24817	-0.28
316122	-0.32
114090	-0.32
63868	-0.35
89833	-0.37
84578	-0.38
246773	-0.38
24392	-0.44
60460	-0.45
406167	-0.49
288444	-0.50
288498	-0.54
81718	-0.55
24651	-0.57
84490	-0.61
246146	-0.62
29461	-0.63
500545	-0.64
363633	-0.65
288718	-0.66
685325	-0.66
25517	-0.67
498185	-0.74
65262	-0.74
309790	-0.78
79209	-0.78
29580	-0.79
54398	-0.81
29659	-0.86
288615	-0.86
282845	-0.87
288597	-0.88
406168	-0.90
83504	-0.96
311833	-0.98
60416	-1.03
361866	-1.04
25740	-1.17
65144	-1.25
24183	-1.35
83537	-1.36
298942	-1.47
305623	-1.48
29693	-1.55
