100912032	19.10
29288	16.61
28298	16.40
29304	16.17
360572	16.05
64306	15.96
297755	15.87
81774	14.98
122799	14.67
100362640	14.65
83427	14.60
245981	14.31
81764	14.11
140655	13.95
94266	13.88
29285	13.78
65136	13.77
81763	13.71
29236	13.28
64205	12.68
81769	12.42
363241	12.39
691531	12.03
25348	11.57
124323	11.10
300079	10.99
293725	10.67
116646	9.48
64640	8.95
171361	7.89
29565	7.87
298700	7.23
681429	6.23
361784	5.49
83789	5.44
171350	4.97
25308	4.73
29374	4.33
362952	4.20
58934	4.19
299809	4.10
361808	4.07
83503	3.79
192241	3.79
292028	3.71
140608	3.45
113958	2.88
24786	2.85
84509	2.75
59102	2.69
29425	2.45
288778	2.34
25737	2.20
64527	2.10
114612	2.04
192172	2.02
29668	2.00
65165	1.77
364656	1.76
83474	1.71
303831	1.60
54318	1.57
298712	1.55
89819	1.53
298441	1.51
24829	1.50
24383	1.48
298517	1.38
24223	1.31
24790	1.31
494445	1.23
245976	1.10
117270	1.02
317163	1.01
294390	0.99
301240	0.96
84486	0.92
288615	0.92
24649	0.85
117263	0.85
361402	0.80
288480	0.80
83712	0.79
80843	0.79
64158	0.71
25176	0.71
60349	0.66
685890	0.60
289878	0.54
29624	0.53
24799	0.48
24333	0.48
312538	0.46
24699	0.45
287561	0.45
25742	0.42
117526	0.41
24968	0.40
304429	0.39
59329	0.39
25517	0.38
309626	0.37
29395	0.37
83803	0.34
497778	0.32
296178	0.26
117030	0.25
191569	0.24
689399	0.24
29353	0.21
24669	0.10
192255	0.09
365601	0.06
24516	0.05
363854	0.01
25369	-0.02
311833	-0.03
296501	-0.04
64665	-0.05
81822	-0.06
25599	-0.08
114090	-0.08
81718	-0.08
288666	-0.10
288597	-0.10
89833	-0.12
29659	-0.15
304388	-0.18
406168	-0.19
302855	-0.20
24422	-0.21
56010	-0.25
259272	-0.25
83504	-0.26
84578	-0.31
288718	-0.32
362720	-0.32
246281	-0.34
24944	-0.39
498185	-0.40
54257	-0.41
60416	-0.41
292804	-0.48
316122	-0.51
84490	-0.55
363633	-0.56
81663	-0.59
24817	-0.62
29461	-0.64
304278	-0.72
500545	-0.79
60460	-0.79
282845	-0.84
24392	-0.84
29580	-0.89
65262	-0.93
24651	-0.94
288444	-0.96
83537	-1.00
685325	-1.02
288498	-1.03
25740	-1.04
309790	-1.06
79209	-1.07
54398	-1.08
63868	-1.10
81829	-1.15
298942	-1.21
65144	-1.23
24183	-1.28
361866	-1.34
246773	-1.36
246146	-1.53
406167	-1.74
305623	-2.19
29693	-2.63
