81769	6.14
83503	5.54
361808	5.29
113958	4.83
288778	4.51
65136	4.50
100912032	4.32
81774	4.07
29285	4.05
81763	4.04
29425	3.84
117263	3.81
84509	3.67
89819	3.67
245981	3.60
124323	3.56
56010	3.51
64306	3.24
29304	3.21
298517	3.17
140655	3.16
28298	3.12
54318	3.08
122799	3.03
288615	3.00
360572	2.92
298700	2.79
171350	2.76
25348	2.73
691531	2.69
116646	2.68
293725	2.67
94266	2.61
363241	2.53
288718	2.51
300079	2.50
100362640	2.37
288666	2.37
29236	2.35
29565	2.21
298441	2.19
140608	2.18
29668	2.18
299809	2.15
64307	2.10
298712	2.08
64640	2.06
681429	2.04
297755	2.01
64205	2.01
29288	1.99
81764	1.97
362952	1.97
192255	1.97
63868	1.94
246146	1.88
292028	1.87
309626	1.87
25308	1.86
24786	1.82
361402	1.81
364656	1.80
24333	1.80
288480	1.79
84578	1.73
288498	1.52
288444	1.46
83789	1.41
65165	1.38
83474	1.33
81822	1.23
81829	1.18
83712	1.12
64158	1.06
83427	1.05
24383	0.99
25176	0.96
317163	0.94
64665	0.92
494445	0.92
29395	0.91
497778	0.91
114612	0.89
80843	0.81
24669	0.77
171361	0.73
24799	0.50
24223	0.49
500545	0.48
84486	0.47
192241	0.44
25737	0.43
84490	0.42
117526	0.42
304429	0.39
192172	0.34
363854	0.34
245976	0.33
117030	0.33
58934	0.33
685325	0.31
406168	0.31
24183	0.29
24817	0.28
312538	0.27
81663	0.25
24516	0.25
24392	0.24
59102	0.24
689399	0.24
29461	0.20
24649	0.20
685890	0.20
24422	0.19
25369	0.18
296501	0.18
29624	0.10
79209	0.07
24699	0.07
302855	0.06
362720	0.01
83537	-0.05
363633	-0.07
25599	-0.07
24944	-0.08
292804	-0.08
301240	-0.09
25742	-0.09
246281	-0.10
83803	-0.14
81718	-0.18
406167	-0.20
29580	-0.23
24968	-0.25
296178	-0.25
29374	-0.26
361784	-0.26
25740	-0.28
65144	-0.31
54398	-0.33
117270	-0.39
60349	-0.42
288597	-0.43
24829	-0.47
60460	-0.47
24790	-0.48
304388	-0.48
309790	-0.50
498185	-0.52
259272	-0.53
24651	-0.54
298942	-0.59
289878	-0.61
89833	-0.63
287561	-0.63
29659	-0.66
114090	-0.67
246773	-0.69
25517	-0.70
316122	-0.81
361866	-0.87
29693	-0.87
365601	-0.94
60416	-1.00
311833	-1.06
83504	-1.06
304278	-1.10
54257	-1.11
59329	-1.18
282845	-1.22
29353	-1.25
191569	-1.40
65262	-1.56
294390	-1.78
303831	-2.02
305623	-3.53
