360572	11.44
94266	11.13
28298	10.45
29288	10.40
25348	10.08
691531	10.00
124323	9.47
122799	9.46
81774	9.33
65136	9.25
64307	8.95
64306	8.79
297755	8.77
363241	8.15
81763	8.12
140655	8.12
29285	8.01
29304	7.79
245981	6.81
100912032	6.63
29236	6.58
83427	6.43
116646	6.08
81764	5.76
300079	5.46
64205	5.20
100362640	5.07
171361	4.67
81769	4.44
29565	3.94
293725	3.70
58934	3.54
25308	3.32
681429	2.99
361784	2.76
298700	2.72
171350	2.54
83789	2.47
84509	2.38
140608	2.09
64527	2.06
362952	1.92
29374	1.89
24790	1.81
54318	1.74
29425	1.64
363854	1.62
89819	1.58
288597	1.52
24223	1.52
298517	1.48
309626	1.45
83503	1.43
65165	1.42
25737	1.40
83712	1.40
288778	1.36
299809	1.34
84486	1.31
317163	1.30
364656	1.27
24786	1.13
289878	1.04
497778	1.03
113958	1.02
361808	0.98
24669	0.97
304429	0.96
361866	0.96
114612	0.95
288666	0.91
192241	0.90
294390	0.88
361402	0.85
29668	0.85
494445	0.85
24944	0.83
298712	0.82
689399	0.81
24817	0.81
59102	0.71
59329	0.67
117030	0.67
83474	0.66
117270	0.66
114090	0.64
24422	0.59
25517	0.51
80843	0.50
288615	0.47
303831	0.44
296501	0.43
24699	0.33
292028	0.32
29353	0.27
365601	0.26
24392	0.25
362720	0.25
81822	0.24
246281	0.22
24968	0.19
29624	0.15
63868	0.14
296178	0.13
305623	0.13
83537	0.12
64665	0.01
24829	-0.00
79209	-0.00
298441	-0.01
24649	-0.01
25369	-0.02
81663	-0.03
288718	-0.06
25176	-0.07
56010	-0.08
25742	-0.09
24333	-0.10
288480	-0.10
25599	-0.12
311833	-0.12
304278	-0.14
304388	-0.14
309790	-0.14
84490	-0.16
298942	-0.17
29461	-0.18
117526	-0.18
246773	-0.19
301240	-0.19
288444	-0.20
89833	-0.24
245976	-0.25
24651	-0.25
259272	-0.27
363633	-0.27
24383	-0.30
288498	-0.31
60460	-0.32
29395	-0.32
498185	-0.33
24799	-0.34
192172	-0.36
60349	-0.40
81718	-0.42
312538	-0.44
302855	-0.47
24516	-0.51
54398	-0.55
406168	-0.56
117263	-0.57
65144	-0.59
24183	-0.63
29659	-0.63
287561	-0.64
84578	-0.66
685325	-0.67
316122	-0.71
500545	-0.72
64158	-0.73
246146	-0.75
685890	-0.81
54257	-0.85
83803	-0.86
60416	-0.88
292804	-0.94
406167	-0.99
192255	-1.03
83504	-1.04
25740	-1.30
29693	-1.38
29580	-1.44
191569	-1.48
282845	-1.52
81829	-1.95
65262	-2.32
