301240	3.49
29659	3.20
292804	2.63
56010	2.13
24383	2.05
192172	2.02
24516	2.01
245976	2.01
192255	1.76
29624	1.75
25308	1.74
24183	1.71
24968	1.68
117030	1.62
83803	1.60
24799	1.59
362952	1.56
246146	1.56
288615	1.48
25740	1.47
54398	1.44
309626	1.36
300079	1.34
29374	1.24
60416	1.23
83712	1.18
298700	1.16
114612	1.15
83427	1.12
29565	1.08
498185	1.05
304278	1.04
60460	1.03
24786	1.03
685325	1.01
29425	0.99
81829	0.96
58934	0.94
288666	0.93
64527	0.92
64158	0.91
500545	0.88
25348	0.86
361808	0.81
100362640	0.79
25742	0.78
81718	0.77
364656	0.74
65136	0.73
140655	0.73
312538	0.71
113958	0.70
245981	0.70
24223	0.70
81763	0.69
65262	0.69
246773	0.65
29236	0.60
292028	0.60
29580	0.55
288718	0.52
29285	0.51
406168	0.50
298942	0.49
192241	0.49
293725	0.48
117270	0.47
63868	0.46
81774	0.44
81822	0.43
81764	0.41
64205	0.39
299809	0.39
406167	0.35
25517	0.32
288778	0.31
246281	0.31
24649	0.30
116646	0.27
84490	0.25
288444	0.25
288480	0.22
29304	0.21
24699	0.20
140608	0.19
171350	0.15
84509	0.14
304388	0.13
81769	0.13
691531	0.08
25599	0.07
363633	0.06
94266	0.06
83474	0.06
681429	0.03
24333	0.03
124323	0.01
64640	0.01
24944	0.00
685890	0.00
100912032	-0.01
64307	-0.05
25369	-0.07
361784	-0.08
317163	-0.08
361402	-0.09
29461	-0.14
24790	-0.14
309790	-0.15
303831	-0.16
363241	-0.17
287561	-0.20
360572	-0.22
28298	-0.22
83789	-0.23
89819	-0.24
29668	-0.24
29288	-0.25
298517	-0.26
64306	-0.27
114090	-0.32
117263	-0.33
304429	-0.34
24651	-0.34
83503	-0.37
59102	-0.43
497778	-0.43
294390	-0.45
24422	-0.46
191569	-0.46
288498	-0.47
60349	-0.48
362720	-0.49
54257	-0.55
297755	-0.59
365601	-0.61
122799	-0.61
84578	-0.63
83537	-0.65
289878	-0.65
296501	-0.65
29395	-0.67
689399	-0.71
282845	-0.71
89833	-0.73
171361	-0.75
29693	-0.80
288597	-0.86
311833	-0.88
24392	-0.88
79209	-0.93
83504	-0.96
302855	-0.98
65165	-1.06
298712	-1.06
65144	-1.08
361866	-1.10
84486	-1.11
81663	-1.12
54318	-1.13
117526	-1.14
24829	-1.15
363854	-1.20
25176	-1.21
305623	-1.25
29353	-1.27
59329	-1.33
80843	-1.34
24817	-1.42
316122	-1.47
494445	-1.53
25737	-1.54
298441	-1.58
24669	-1.62
259272	-1.90
296178	-2.24
