81763	18.90
29304	18.48
124323	18.21
81774	17.68
83427	16.34
360572	16.18
29288	16.15
28298	15.95
140655	14.91
100362640	14.67
94266	14.66
64306	14.63
29236	14.44
691531	14.17
245981	14.00
300079	13.81
64307	13.77
64205	13.74
81764	13.24
363241	13.24
29285	13.04
122799	13.04
100912032	12.44
25348	11.86
297755	11.42
293725	9.84
171361	9.77
116646	9.56
64640	9.25
81769	9.09
29565	8.04
298700	7.30
171350	6.60
29374	4.96
362952	4.90
84509	4.85
64527	4.50
681429	4.47
83789	4.35
288778	4.29
361808	4.21
299809	3.63
58934	3.35
25308	3.04
24786	3.03
192241	3.02
83503	2.98
361784	2.95
29425	2.64
25176	2.47
114612	2.42
113958	2.41
65165	2.22
292028	2.20
25737	2.17
317163	2.10
140608	2.09
361402	2.09
494445	2.07
83474	2.07
59102	1.86
89819	1.82
24383	1.67
24223	1.65
298517	1.54
117030	1.40
81822	1.36
64158	1.34
24790	1.30
29668	1.21
24968	1.21
497778	1.20
25742	1.17
298441	1.17
288480	1.16
54318	1.16
63868	1.13
309626	1.05
288615	1.03
192255	0.99
24944	0.95
304429	0.91
312538	0.89
83712	0.88
192172	0.86
294390	0.86
24333	0.85
364656	0.85
117263	0.81
29395	0.80
298712	0.76
80843	0.76
60349	0.75
64665	0.73
83803	0.62
117270	0.60
303831	0.60
301240	0.52
84486	0.50
302855	0.49
56010	0.48
289878	0.46
24799	0.44
84490	0.42
296501	0.38
245976	0.36
81718	0.36
29624	0.34
25369	0.32
24699	0.31
363854	0.30
29659	0.29
25599	0.26
24422	0.18
191569	0.16
288666	0.08
498185	0.07
288718	0.06
365601	0.05
24649	0.03
689399	0.03
259272	0.03
79209	0.01
24669	-0.11
362720	-0.13
288444	-0.14
685890	-0.17
83537	-0.24
59329	-0.25
114090	-0.29
288597	-0.30
81663	-0.31
24829	-0.31
24392	-0.31
246281	-0.31
29353	-0.33
311833	-0.34
24516	-0.35
363633	-0.35
296178	-0.36
361866	-0.37
89833	-0.38
117526	-0.40
24651	-0.41
60416	-0.41
685325	-0.42
500545	-0.43
304388	-0.46
287561	-0.46
65144	-0.51
60460	-0.53
81829	-0.54
54257	-0.55
246773	-0.58
65262	-0.62
288498	-0.67
24817	-0.71
25517	-0.73
298942	-0.73
316122	-0.82
29461	-0.88
282845	-0.90
292804	-0.91
309790	-0.93
406167	-0.94
304278	-0.96
83504	-1.03
54398	-1.10
246146	-1.18
25740	-1.20
84578	-1.21
29693	-1.21
305623	-1.28
29580	-1.65
24183	-1.74
406168	-1.93
