24817	3.75
63868	2.21
24422	2.00
24786	1.98
81829	1.97
83803	1.84
25176	1.67
192172	1.63
65262	1.57
80843	1.53
24383	1.36
25599	1.36
304278	1.27
685325	1.21
24333	1.17
364656	1.13
304429	1.11
24651	1.03
29580	1.01
288615	0.99
54257	0.97
117030	0.96
192241	0.91
29693	0.90
497778	0.86
685890	0.84
89833	0.78
29659	0.74
140608	0.73
302855	0.72
113958	0.69
288444	0.68
83504	0.68
312538	0.67
84490	0.67
83537	0.63
301240	0.63
54398	0.62
81663	0.60
83712	0.60
298942	0.59
83474	0.58
296501	0.57
191569	0.54
24790	0.53
363633	0.49
365601	0.39
288718	0.35
298712	0.34
288666	0.34
259272	0.34
363854	0.32
24183	0.30
406168	0.28
298517	0.27
305623	0.27
24699	0.26
363241	0.21
24669	0.20
246281	0.15
65165	0.13
296178	0.10
24944	0.09
81822	0.07
114612	0.06
84509	0.05
316122	0.05
192255	0.04
24223	0.02
83789	0.02
89819	0.01
362952	0.00
292804	-0.00
25308	-0.02
29668	-0.03
116646	-0.03
298441	-0.04
304388	-0.07
29353	-0.12
81769	-0.15
288778	-0.18
288597	-0.19
25740	-0.20
297755	-0.20
309626	-0.21
29624	-0.26
288480	-0.26
246146	-0.27
691531	-0.29
406167	-0.30
689399	-0.30
64527	-0.31
60349	-0.31
361808	-0.32
29395	-0.37
81718	-0.39
54318	-0.39
64158	-0.40
299809	-0.41
117526	-0.43
117263	-0.43
500545	-0.45
294390	-0.47
498185	-0.50
56010	-0.50
65136	-0.51
29425	-0.52
84578	-0.53
24968	-0.53
25517	-0.54
311833	-0.54
24516	-0.55
303831	-0.57
362720	-0.58
64640	-0.59
60416	-0.60
298700	-0.62
83503	-0.62
24392	-0.64
29236	-0.64
29461	-0.65
288498	-0.65
309790	-0.66
24799	-0.71
28298	-0.71
246773	-0.71
122799	-0.73
681429	-0.73
79209	-0.84
24829	-0.85
361402	-0.85
94266	-0.86
245976	-0.87
84486	-0.89
29565	-0.89
25737	-0.89
282845	-0.90
293725	-0.93
317163	-0.95
494445	-0.96
64205	-0.97
29374	-0.97
171361	-1.01
60460	-1.02
81774	-1.02
25369	-1.04
64665	-1.08
29285	-1.08
81763	-1.11
114090	-1.12
29304	-1.16
25348	-1.16
83427	-1.18
58934	-1.19
300079	-1.20
361866	-1.21
64307	-1.23
289878	-1.24
64306	-1.25
100362640	-1.26
59102	-1.26
287561	-1.32
140655	-1.32
24649	-1.36
292028	-1.40
124323	-1.42
29288	-1.44
245981	-1.47
59329	-1.50
360572	-1.53
81764	-1.55
25742	-1.60
117270	-1.86
100912032	-1.87
171350	-1.87
361784	-2.32
