80843	8.04
317163	5.10
81764	4.54
81769	4.09
494445	3.96
81822	3.96
83712	3.62
303831	3.61
116646	3.52
681429	3.32
64205	3.17
171361	3.17
293725	3.16
29668	3.04
300079	2.85
29304	2.82
117030	2.74
365601	2.71
245981	2.69
29374	2.67
363241	2.56
81763	2.50
362952	2.37
100362640	2.35
299809	2.35
29236	2.32
24669	2.31
63868	2.31
29565	2.27
297755	2.27
363854	2.25
65136	2.22
81774	2.21
83427	2.07
100912032	2.07
83789	2.01
497778	1.92
140655	1.88
361808	1.83
84490	1.82
24786	1.78
64307	1.77
29693	1.71
25176	1.70
84509	1.68
29288	1.65
64306	1.65
171350	1.64
83474	1.60
81663	1.57
298700	1.55
360572	1.55
29659	1.51
28298	1.46
298712	1.43
124323	1.42
122799	1.42
64640	1.42
64527	1.38
298942	1.36
54318	1.33
117263	1.30
24223	1.26
292028	1.24
81718	1.21
288778	1.18
65262	1.16
29425	1.15
288615	1.14
94266	1.02
59102	1.01
691531	0.96
288666	0.94
288444	0.91
304429	0.91
83803	0.88
282845	0.85
113958	0.81
84578	0.80
117526	0.78
294390	0.78
316122	0.78
29624	0.75
29285	0.75
81829	0.72
25740	0.67
24790	0.66
362720	0.66
114612	0.58
24422	0.57
89819	0.54
25308	0.52
24333	0.50
24699	0.47
25517	0.41
24944	0.40
59329	0.40
24649	0.40
25737	0.37
79209	0.36
83504	0.35
25348	0.34
24183	0.34
685325	0.33
29395	0.24
56010	0.23
309626	0.22
24392	0.21
24516	0.16
65144	0.13
117270	0.11
363633	0.11
25599	0.10
288498	0.08
309790	0.07
25369	0.07
24383	0.06
83503	0.00
361784	-0.01
29461	-0.03
361402	-0.04
312538	-0.05
84486	-0.05
29353	-0.06
60349	-0.09
29580	-0.10
58934	-0.12
288597	-0.14
288480	-0.15
406167	-0.17
689399	-0.17
246146	-0.17
292804	-0.18
296501	-0.18
192255	-0.18
89833	-0.20
24829	-0.20
24968	-0.27
24651	-0.29
259272	-0.29
192172	-0.32
246281	-0.34
364656	-0.36
298441	-0.37
304278	-0.44
685890	-0.47
287561	-0.48
289878	-0.51
305623	-0.52
246773	-0.54
298517	-0.56
60460	-0.59
54398	-0.65
24817	-0.67
361866	-0.69
140608	-0.72
302855	-0.75
191569	-0.81
304388	-0.83
311833	-0.87
498185	-0.87
25742	-0.92
64158	-0.99
288718	-1.04
64665	-1.06
83537	-1.09
301240	-1.11
192241	-1.13
24799	-1.16
500545	-1.21
296178	-1.25
114090	-1.36
54257	-1.46
245976	-1.60
406168	-1.71
60416	-1.90
