81829	14.11
192241	11.60
298942	9.07
25176	8.07
24383	7.35
292804	7.27
24333	5.73
140608	5.47
63868	4.83
298517	4.36
301240	4.27
29693	3.92
29668	3.36
299809	3.30
292028	3.20
288480	3.04
29580	2.83
24786	2.59
60416	2.54
296501	2.52
300079	2.51
29425	2.50
24669	2.49
84509	2.46
117263	2.21
83712	2.18
83789	2.17
293725	2.15
171361	2.05
83803	2.01
29374	1.94
192255	1.94
84578	1.86
302855	1.85
24183	1.81
80843	1.80
81822	1.74
113958	1.74
192172	1.74
25737	1.73
364656	1.68
83427	1.65
65144	1.57
117030	1.52
64205	1.50
497778	1.48
298700	1.43
362952	1.42
362720	1.21
54398	1.20
245981	1.16
65165	1.16
83474	1.11
303831	1.10
298441	1.09
282845	1.08
29565	1.05
24651	1.03
25599	1.02
24817	0.94
114612	0.92
361808	0.85
25740	0.80
81663	0.79
29353	0.78
297755	0.76
24799	0.74
304278	0.74
304429	0.73
64665	0.69
689399	0.69
100362640	0.68
312538	0.66
84490	0.66
363633	0.65
117526	0.63
64158	0.51
81764	0.51
494445	0.50
24422	0.49
296178	0.48
29236	0.45
500545	0.45
24699	0.41
406168	0.33
288666	0.32
25308	0.29
685890	0.26
83503	0.25
365601	0.23
288718	0.22
24968	0.22
84486	0.20
246146	0.20
288498	0.19
24944	0.18
288597	0.15
59102	0.14
81769	0.13
685325	0.08
81774	0.07
29304	0.07
29659	0.07
60349	0.03
116646	-0.03
29624	-0.03
60460	-0.04
191569	-0.06
289878	-0.10
24223	-0.11
89833	-0.12
363854	-0.13
361402	-0.14
83537	-0.15
24392	-0.15
81718	-0.17
363241	-0.17
288778	-0.20
25369	-0.22
25742	-0.22
288444	-0.22
54318	-0.25
140655	-0.28
305623	-0.31
81763	-0.31
24649	-0.37
681429	-0.39
54257	-0.42
29461	-0.43
83504	-0.44
56010	-0.45
29288	-0.49
245976	-0.50
171350	-0.50
89819	-0.53
24516	-0.54
246773	-0.55
79209	-0.56
29395	-0.57
117270	-0.58
65136	-0.62
311833	-0.67
288615	-0.67
28298	-0.70
64306	-0.74
29285	-0.76
24790	-0.83
287561	-0.83
59329	-0.85
361784	-0.91
64307	-0.93
24829	-0.99
100912032	-1.00
25348	-1.04
309790	-1.08
246281	-1.14
691531	-1.17
114090	-1.22
25517	-1.22
304388	-1.24
498185	-1.32
360572	-1.33
124323	-1.33
94266	-1.40
122799	-1.42
259272	-1.44
316122	-1.50
64527	-1.56
294390	-1.57
406167	-1.61
317163	-1.63
361866	-1.75
298712	-1.93
64640	-2.32
58934	-2.48
309626	-2.73
