363241	6.78
81769	6.49
64307	6.23
29288	6.16
297755	6.01
691531	6.01
100912032	5.97
360572	5.96
100362640	5.87
81764	5.82
81774	5.81
29236	5.67
28298	5.59
64205	5.35
64306	5.09
140655	4.96
29304	4.89
94266	4.89
84509	4.72
245981	4.65
65136	4.47
25348	4.44
81763	4.42
83427	4.38
29285	4.29
116646	4.11
361808	4.05
54318	3.95
122799	3.94
293725	3.92
124323	3.79
29425	3.74
171361	3.65
300079	3.60
65165	3.32
25308	3.27
299809	3.12
113958	3.05
64640	2.99
83474	2.91
361784	2.85
80843	2.81
171350	2.72
29668	2.48
29374	2.43
364656	2.40
362952	2.37
83503	2.37
24968	2.37
140608	2.35
288778	2.35
288666	2.31
83712	2.28
24786	2.20
89819	2.18
24223	2.10
64527	2.04
192241	2.01
59102	2.00
304429	1.99
298700	1.91
83789	1.89
292028	1.82
317163	1.76
58934	1.69
288480	1.64
29565	1.57
363854	1.54
689399	1.46
500545	1.32
192172	1.31
24383	1.31
29395	1.28
25176	1.19
287561	1.19
298441	1.09
25737	1.06
81822	0.97
406168	0.96
56010	0.93
64158	0.92
117270	0.91
63868	0.86
309626	0.85
362720	0.83
316122	0.77
361402	0.76
312538	0.74
298517	0.71
301240	0.65
24829	0.64
498185	0.64
24333	0.56
117030	0.56
24649	0.54
117263	0.50
497778	0.49
79209	0.48
365601	0.47
685890	0.44
296501	0.40
84578	0.39
494445	0.37
24944	0.37
89833	0.35
311833	0.32
84486	0.28
29461	0.27
117526	0.26
303831	0.24
59329	0.21
24669	0.21
60349	0.19
114612	0.16
84490	0.13
29353	0.13
288615	0.12
24516	0.10
24790	0.09
246146	0.08
288597	0.08
64665	0.03
296178	0.01
298712	0.01
259272	-0.01
81718	-0.01
24183	-0.01
685325	-0.02
282845	-0.05
304388	-0.06
298942	-0.08
60460	-0.09
25369	-0.19
246281	-0.19
246773	-0.19
288498	-0.25
245976	-0.25
29580	-0.30
29624	-0.35
65262	-0.39
25742	-0.45
24422	-0.49
81829	-0.49
288444	-0.50
29659	-0.52
289878	-0.56
60416	-0.63
24651	-0.65
361866	-0.66
406167	-0.68
65144	-0.73
192255	-0.75
309790	-0.76
81663	-0.76
24799	-0.78
294390	-0.81
25517	-0.81
114090	-0.89
24392	-0.90
83537	-0.91
363633	-0.92
302855	-0.93
292804	-0.95
25599	-1.01
24699	-1.05
83504	-1.07
54398	-1.08
25740	-1.16
191569	-1.18
288718	-1.26
24817	-1.26
83803	-1.29
305623	-1.48
54257	-1.84
304278	-1.87
29693	-1.89
