303831	2.41
406168	2.11
29425	1.58
288666	1.41
65144	1.21
83474	1.19
29353	1.16
361402	1.15
83503	1.10
192255	1.02
29580	1.02
64665	1.01
312538	0.97
301240	0.96
292804	0.90
56010	0.86
113958	0.82
288444	0.81
84509	0.72
311833	0.70
24183	0.66
192172	0.65
54318	0.65
361866	0.61
298942	0.58
24516	0.58
83504	0.57
83537	0.56
246146	0.55
364656	0.53
365601	0.52
54398	0.46
140655	0.45
500545	0.44
304278	0.43
64205	0.42
84578	0.41
362952	0.40
288480	0.40
305623	0.40
288778	0.38
24799	0.36
24383	0.35
296501	0.35
60460	0.34
65165	0.33
81829	0.32
64527	0.31
246773	0.29
302855	0.26
24829	0.24
59102	0.24
63868	0.23
24422	0.21
298700	0.20
29236	0.19
83712	0.18
296178	0.18
25599	0.16
24968	0.14
89819	0.10
299809	0.09
689399	0.09
65262	0.08
100362640	0.08
297755	0.08
29693	0.07
24817	0.06
25742	0.03
288718	0.03
691531	0.02
24333	-0.00
79209	-0.01
289878	-0.01
681429	-0.02
83789	-0.03
114090	-0.04
81718	-0.04
24651	-0.06
89833	-0.06
25517	-0.08
361808	-0.10
282845	-0.14
81663	-0.17
29285	-0.17
300079	-0.22
29288	-0.25
84486	-0.25
246281	-0.26
117526	-0.26
363241	-0.26
309626	-0.28
81774	-0.28
25369	-0.29
24223	-0.30
25176	-0.31
124323	-0.31
24392	-0.36
288498	-0.36
192241	-0.38
60349	-0.40
54257	-0.40
58934	-0.41
65136	-0.42
316122	-0.42
29374	-0.42
171361	-0.44
81822	-0.46
25740	-0.47
304429	-0.49
406167	-0.49
117030	-0.50
298517	-0.50
28298	-0.50
24944	-0.51
83427	-0.51
24786	-0.53
81764	-0.53
191569	-0.55
29668	-0.55
94266	-0.55
140608	-0.58
25348	-0.59
114612	-0.59
29461	-0.59
497778	-0.60
29624	-0.61
362720	-0.63
64306	-0.66
298712	-0.67
64640	-0.67
24699	-0.67
29659	-0.72
288615	-0.74
81763	-0.75
84490	-0.78
259272	-0.78
60416	-0.78
685890	-0.80
64158	-0.81
24669	-0.81
245976	-0.87
122799	-0.89
288597	-0.91
117263	-0.92
29395	-0.92
360572	-0.93
361784	-0.99
116646	-1.00
25308	-1.00
245981	-1.01
25737	-1.02
64307	-1.02
59329	-1.04
298441	-1.05
80843	-1.06
24790	-1.09
171350	-1.11
287561	-1.13
494445	-1.17
292028	-1.19
117270	-1.19
293725	-1.20
498185	-1.22
29304	-1.23
100912032	-1.29
29565	-1.35
304388	-1.35
363633	-1.39
81769	-1.41
317163	-1.41
363854	-1.42
83803	-1.53
294390	-1.63
309790	-1.71
24649	-1.98
