259272	2.65
29461	2.52
24799	2.16
309626	1.86
246281	1.64
406167	1.52
117030	1.44
24786	1.36
288718	1.35
140608	1.30
298712	1.21
80843	1.21
24223	1.10
192172	1.01
84486	0.97
245976	0.93
81718	0.89
191569	0.88
54318	0.88
311833	0.86
301240	0.85
65144	0.84
494445	0.78
25740	0.76
192241	0.70
29693	0.70
24968	0.66
24651	0.63
29659	0.61
64307	0.60
304429	0.60
83803	0.59
81769	0.59
122799	0.57
54257	0.55
54398	0.55
24516	0.54
298441	0.50
361808	0.45
681429	0.44
116646	0.43
63868	0.43
100912032	0.41
362952	0.39
117526	0.37
363854	0.37
140655	0.36
406168	0.34
288778	0.33
25517	0.30
29285	0.29
317163	0.28
65262	0.26
296501	0.25
298942	0.25
83504	0.25
29304	0.23
297755	0.20
64527	0.20
84490	0.18
83474	0.18
500545	0.17
29288	0.16
25308	0.13
361402	0.11
309790	0.10
691531	0.07
25742	0.06
361784	0.02
24649	0.02
192255	0.01
81829	0.01
64665	0.00
28298	-0.02
29395	-0.05
124323	-0.06
56010	-0.06
25369	-0.07
300079	-0.08
58934	-0.08
171361	-0.08
64306	-0.09
24829	-0.12
302855	-0.15
298700	-0.16
65136	-0.17
83789	-0.17
689399	-0.18
81763	-0.18
298517	-0.19
292028	-0.20
316122	-0.20
24422	-0.20
360572	-0.20
25348	-0.21
171350	-0.21
29565	-0.23
245981	-0.25
24817	-0.27
100362640	-0.27
362720	-0.28
29236	-0.28
365601	-0.30
303831	-0.30
117270	-0.32
497778	-0.32
293725	-0.33
114612	-0.33
60460	-0.35
64205	-0.36
81774	-0.37
94266	-0.38
25599	-0.41
287561	-0.41
288444	-0.41
24699	-0.43
304388	-0.43
294390	-0.43
312538	-0.47
65165	-0.47
83503	-0.48
60416	-0.49
83537	-0.51
363241	-0.51
24383	-0.52
113958	-0.59
289878	-0.61
25737	-0.62
89819	-0.64
24183	-0.64
498185	-0.71
59102	-0.73
60349	-0.73
299809	-0.74
84509	-0.74
25176	-0.75
288498	-0.78
304278	-0.79
685325	-0.80
83427	-0.81
64640	-0.81
81822	-0.84
292804	-0.85
79209	-0.88
89833	-0.89
24392	-0.97
288615	-0.97
296178	-0.97
24790	-0.99
282845	-1.00
24669	-1.03
288480	-1.04
81764	-1.07
288666	-1.12
29374	-1.12
29624	-1.14
114090	-1.18
59329	-1.20
246773	-1.23
29668	-1.23
363633	-1.25
64158	-1.28
84578	-1.35
24333	-1.36
246146	-1.37
288597	-1.38
81663	-1.46
117263	-1.51
83712	-1.56
29580	-1.59
29353	-1.62
24944	-1.67
364656	-1.88
305623	-1.93
29425	-1.97
361866	-2.21
