362720	8.97
500545	8.56
29395	4.92
296178	2.39
497778	2.30
25737	2.27
298441	2.25
59102	1.89
24649	1.68
84490	1.64
192172	1.48
681429	1.46
84509	1.43
312538	1.41
64158	1.34
25348	1.03
296501	0.99
89819	0.91
24383	0.85
29668	0.84
64640	0.81
171350	0.80
24829	0.79
361808	0.74
494445	0.74
117030	0.73
304388	0.73
83712	0.72
81663	0.71
65262	0.69
25369	0.67
83789	0.66
100362640	0.65
363854	0.60
81822	0.60
24392	0.57
192241	0.54
288666	0.53
54257	0.52
24669	0.46
116646	0.46
29461	0.44
100912032	0.44
89833	0.44
114612	0.44
302855	0.43
24968	0.43
29624	0.43
80843	0.42
287561	0.40
29659	0.38
81774	0.38
28298	0.38
317163	0.38
140655	0.37
83427	0.36
245981	0.35
300079	0.34
29236	0.34
122799	0.33
64306	0.31
24333	0.31
81764	0.30
84578	0.30
81769	0.29
691531	0.29
29425	0.27
25308	0.26
29288	0.25
298712	0.25
140608	0.24
64307	0.24
24699	0.24
64527	0.24
171361	0.23
24223	0.22
360572	0.22
365601	0.19
304429	0.17
54398	0.17
56010	0.17
114090	0.12
25176	0.12
94266	0.11
124323	0.11
364656	0.10
60349	0.10
685325	0.09
25517	0.08
64205	0.08
406167	0.07
84486	0.06
361866	0.06
29304	0.05
25599	0.05
60460	0.03
65136	0.03
246773	0.00
297755	-0.00
298942	-0.01
58934	-0.02
117526	-0.02
81763	-0.02
363241	-0.03
294390	-0.04
117270	-0.06
288498	-0.06
498185	-0.09
83537	-0.10
361784	-0.11
83803	-0.11
81829	-0.12
29285	-0.12
24183	-0.15
192255	-0.15
309790	-0.15
298517	-0.16
24516	-0.16
311833	-0.17
65165	-0.17
292804	-0.17
685890	-0.18
24786	-0.20
288778	-0.21
24651	-0.22
83503	-0.24
288480	-0.25
293725	-0.26
59329	-0.26
79209	-0.28
292028	-0.28
65144	-0.30
24790	-0.35
24422	-0.35
24944	-0.37
191569	-0.40
29353	-0.41
246146	-0.42
60416	-0.42
289878	-0.44
299809	-0.45
259272	-0.45
24799	-0.45
29580	-0.45
29374	-0.46
305623	-0.50
363633	-0.51
309626	-0.54
288615	-0.58
117263	-0.59
81718	-0.64
246281	-0.65
25742	-0.66
64665	-0.71
316122	-0.73
29565	-0.73
63868	-0.75
362952	-0.76
406168	-0.77
83504	-0.80
304278	-0.81
282845	-0.81
83474	-0.91
303831	-0.95
24817	-0.96
54318	-0.96
25740	-1.00
113958	-1.02
301240	-1.04
298700	-1.11
29693	-1.19
288597	-1.22
245976	-1.23
288718	-1.28
361402	-1.33
288444	-1.83
