360572	17.61
28298	17.04
25348	16.46
94266	16.06
124323	15.08
29285	14.40
81774	14.24
65136	14.17
140655	13.92
29288	12.72
100912032	12.16
64307	12.03
29236	11.76
64205	11.50
64306	11.46
81763	11.23
363241	11.12
81769	11.02
100362640	11.02
29304	10.87
83427	10.55
64640	10.00
245981	9.92
297755	9.56
81764	9.24
300079	8.92
116646	8.31
122799	8.06
361784	6.55
293725	6.35
681429	6.01
298700	5.83
140608	5.62
171361	5.50
29565	5.50
171350	4.99
83503	4.54
58934	4.05
25308	4.02
361808	4.00
24786	3.75
117030	3.28
362952	3.12
29374	3.07
83789	3.01
364656	2.81
192241	2.81
84509	2.78
288778	2.71
64527	2.69
29425	2.60
192172	2.13
24383	1.84
81822	1.84
298517	1.79
113958	1.78
24333	1.68
299809	1.61
89819	1.54
288480	1.48
24223	1.47
363854	1.47
25737	1.34
245976	1.32
117270	1.24
80843	1.14
309626	1.13
64158	1.10
301240	1.04
65165	0.96
363633	0.94
114612	0.93
24790	0.91
312538	0.90
63868	0.88
494445	0.88
83712	0.78
83537	0.76
24944	0.71
288666	0.71
304429	0.71
25742	0.68
24829	0.68
24968	0.66
81663	0.64
25176	0.58
59102	0.56
498185	0.46
60349	0.46
298712	0.43
29395	0.42
317163	0.39
298441	0.37
361402	0.37
288615	0.35
60460	0.34
29624	0.33
25517	0.31
25369	0.30
54318	0.30
689399	0.29
25599	0.27
29461	0.20
192255	0.19
84490	0.18
289878	0.14
362720	0.12
64665	0.08
24651	0.08
685890	0.07
292028	0.07
246281	0.04
311833	0.04
365601	0.04
84486	0.03
685325	0.02
288718	-0.02
24817	-0.02
54257	-0.03
294390	-0.04
259272	-0.05
83803	-0.06
500545	-0.06
288444	-0.07
24422	-0.10
89833	-0.11
304388	-0.12
83474	-0.12
246146	-0.14
191569	-0.15
56010	-0.17
81718	-0.25
288597	-0.26
65144	-0.29
24799	-0.31
59329	-0.31
292804	-0.32
303831	-0.34
24392	-0.35
305623	-0.36
29353	-0.37
302855	-0.46
309790	-0.46
288498	-0.47
60416	-0.48
24699	-0.48
24649	-0.52
83504	-0.53
304278	-0.53
497778	-0.54
81829	-0.54
24516	-0.56
29668	-0.56
296501	-0.57
84578	-0.60
24669	-0.60
316122	-0.65
246773	-0.66
406167	-0.70
114090	-0.73
117526	-0.78
296178	-0.78
287561	-0.80
282845	-0.83
406168	-0.88
54398	-0.88
117263	-1.15
65262	-1.17
24183	-1.18
361866	-1.22
79209	-1.29
29580	-1.38
25740	-1.41
29659	-1.45
29693	-1.45
298942	-2.15
