60349	2.01
83712	1.86
317163	1.74
24944	1.68
24790	1.62
316122	1.58
24223	1.51
24968	1.34
498185	1.12
84578	0.89
83474	0.79
361866	0.74
29374	0.74
298942	0.58
29395	0.56
365601	0.55
24699	0.54
681429	0.48
259272	0.47
288498	0.42
24817	0.38
298712	0.38
29659	0.38
65165	0.36
54318	0.27
288444	0.27
29565	0.22
25308	0.22
80843	0.20
63868	0.18
24669	0.13
361402	0.13
58934	0.13
288666	0.11
81763	0.11
288597	0.10
297755	0.08
361808	0.08
64527	0.07
289878	0.05
246146	0.05
24422	0.04
363633	0.03
287561	0.03
83537	0.03
24651	0.02
65136	0.01
29693	0.00
81718	0.00
296501	-0.00
64640	-0.00
685325	-0.01
83803	-0.01
298441	-0.03
84486	-0.03
29668	-0.05
288718	-0.05
117270	-0.06
299809	-0.07
171361	-0.10
83427	-0.11
171350	-0.14
24333	-0.14
363241	-0.16
122799	-0.17
25176	-0.19
25599	-0.20
363854	-0.21
29288	-0.21
294390	-0.21
117526	-0.22
29580	-0.22
56010	-0.24
689399	-0.28
296178	-0.29
292028	-0.30
25742	-0.31
245976	-0.32
81769	-0.34
25517	-0.38
81822	-0.40
364656	-0.41
245981	-0.42
89819	-0.42
309626	-0.44
60460	-0.49
100912032	-0.50
406168	-0.52
94266	-0.54
303831	-0.55
29425	-0.55
65262	-0.56
302855	-0.56
361784	-0.57
304429	-0.58
59102	-0.59
300079	-0.61
124323	-0.62
29285	-0.63
311833	-0.64
60416	-0.64
191569	-0.64
24786	-0.64
298700	-0.64
100362640	-0.65
298517	-0.65
113958	-0.67
305623	-0.67
288480	-0.68
83789	-0.68
29461	-0.68
117263	-0.70
59329	-0.70
246773	-0.72
288615	-0.73
84509	-0.76
362952	-0.76
29304	-0.77
81829	-0.78
64306	-0.78
24829	-0.78
304388	-0.79
24392	-0.80
312538	-0.83
494445	-0.84
65144	-0.84
64205	-0.85
360572	-0.85
192255	-0.86
24799	-0.86
301240	-0.87
84490	-0.87
24516	-0.88
288778	-0.88
685890	-0.88
116646	-0.89
500545	-0.89
64665	-0.93
192241	-0.94
24183	-0.96
29236	-0.99
54257	-0.99
25740	-0.99
25348	-1.00
304278	-1.00
81764	-1.01
140655	-1.03
29624	-1.06
64307	-1.07
81663	-1.08
83504	-1.11
89833	-1.13
293725	-1.16
28298	-1.16
309790	-1.16
24649	-1.20
282845	-1.22
29353	-1.27
114090	-1.27
362720	-1.29
691531	-1.29
406167	-1.31
64158	-1.36
25737	-1.37
114612	-1.40
24383	-1.53
497778	-1.55
83503	-1.61
25369	-1.62
246281	-1.67
192172	-1.67
140608	-1.67
292804	-1.77
117030	-1.79
81774	-1.92
54398	-2.19
