65165	8.04
117030	4.82
317163	4.57
29659	3.64
362952	3.62
29565	3.54
81769	3.26
300079	3.23
171350	3.07
64205	2.95
81822	2.84
681429	2.81
293725	2.74
81764	2.62
361808	2.48
29236	2.47
29693	2.42
312538	2.33
292028	1.92
81663	1.91
83712	1.88
83789	1.88
304429	1.83
65262	1.80
171361	1.80
361402	1.77
25176	1.74
83427	1.70
100912032	1.60
363854	1.59
363241	1.59
28298	1.59
65144	1.53
288718	1.52
84490	1.51
246146	1.50
54318	1.49
24333	1.47
365601	1.44
297755	1.44
245981	1.38
116646	1.29
81763	1.29
298441	1.27
81829	1.27
29285	1.24
685890	1.21
64158	1.19
81774	1.15
691531	1.14
84578	1.14
288778	1.12
494445	1.08
362720	1.07
113958	1.06
124323	1.05
24944	0.96
24649	0.93
29304	0.91
298712	0.89
64306	0.84
360572	0.84
29580	0.83
81718	0.83
64527	0.81
309626	0.79
64307	0.79
122799	0.78
29668	0.77
65136	0.76
316122	0.76
29288	0.75
59102	0.72
25348	0.72
83537	0.68
140655	0.67
24223	0.66
298942	0.65
100362640	0.65
89819	0.65
60349	0.62
117263	0.62
24183	0.61
288480	0.60
24383	0.60
299809	0.57
83803	0.56
192172	0.53
29461	0.53
29425	0.52
298700	0.51
24817	0.51
64640	0.50
54398	0.47
192255	0.43
689399	0.42
117526	0.40
245976	0.40
25737	0.40
94266	0.37
305623	0.37
84509	0.36
259272	0.36
24699	0.35
117270	0.34
54257	0.33
59329	0.33
292804	0.32
361784	0.31
24669	0.31
25369	0.31
114612	0.29
24968	0.29
24651	0.28
63868	0.26
309790	0.26
25740	0.25
83504	0.24
24829	0.21
79209	0.20
29395	0.20
24786	0.19
498185	0.15
24516	0.05
192241	0.02
29374	0.02
25517	-0.01
29624	-0.02
84486	-0.05
24790	-0.10
288444	-0.12
56010	-0.12
363633	-0.14
24422	-0.16
246281	-0.17
191569	-0.22
25599	-0.24
406167	-0.27
287561	-0.28
289878	-0.32
304388	-0.33
288597	-0.34
246773	-0.35
288666	-0.36
282845	-0.41
304278	-0.43
60460	-0.43
58934	-0.48
288615	-0.50
500545	-0.50
25742	-0.53
288498	-0.54
302855	-0.55
25308	-0.57
296501	-0.58
296178	-0.59
298517	-0.60
24392	-0.64
83503	-0.65
24799	-0.69
60416	-0.74
140608	-0.84
311833	-0.85
114090	-0.85
303831	-0.89
29353	-0.98
301240	-0.99
364656	-1.01
685325	-1.06
294390	-1.22
89833	-1.27
83474	-1.32
64665	-1.34
361866	-1.38
497778	-1.42
406168	-1.48
