192172	3.15
117030	1.97
80843	1.91
316122	1.90
54398	1.71
29580	1.70
24944	1.62
29565	1.61
65165	1.57
24422	1.53
364656	1.46
24333	1.46
171350	1.45
81822	1.43
24392	1.32
64158	1.29
309626	1.26
282845	1.24
305623	1.24
25737	1.03
29461	0.96
63868	0.90
116646	0.90
24183	0.90
24669	0.89
60460	0.86
24649	0.80
65262	0.79
288498	0.79
60349	0.78
25369	0.78
362720	0.78
64205	0.76
29353	0.74
304278	0.72
56010	0.72
689399	0.71
29659	0.70
498185	0.66
83803	0.64
691531	0.64
288615	0.63
65144	0.60
288666	0.55
29624	0.53
84578	0.52
309790	0.51
29693	0.49
293725	0.48
298942	0.46
360572	0.41
288597	0.39
24223	0.37
140655	0.36
59329	0.36
292804	0.36
288718	0.35
83712	0.34
124323	0.33
24383	0.33
24651	0.31
113958	0.28
64527	0.25
304429	0.25
83504	0.22
304388	0.20
363633	0.16
288444	0.15
94266	0.14
25742	0.12
497778	0.12
298517	0.12
25176	0.06
246146	0.05
24790	0.04
494445	0.04
24786	0.03
363854	0.03
81829	-0.03
64640	-0.03
29395	-0.05
25308	-0.07
29668	-0.10
83789	-0.11
29285	-0.12
365601	-0.12
25348	-0.15
246773	-0.17
685325	-0.17
191569	-0.17
29236	-0.18
25599	-0.20
171361	-0.20
83503	-0.20
114090	-0.22
292028	-0.23
297755	-0.23
64306	-0.24
312538	-0.28
24799	-0.28
65136	-0.31
83427	-0.32
192255	-0.34
24817	-0.34
361402	-0.37
24829	-0.39
114612	-0.40
289878	-0.41
140608	-0.42
54257	-0.43
81764	-0.45
500545	-0.45
83537	-0.47
303831	-0.48
29288	-0.50
89833	-0.51
84490	-0.51
24516	-0.51
25740	-0.52
100362640	-0.52
300079	-0.52
81763	-0.52
24968	-0.53
245976	-0.56
25517	-0.56
28298	-0.57
245981	-0.58
299809	-0.58
83474	-0.58
64307	-0.59
81774	-0.61
311833	-0.61
29304	-0.68
287561	-0.73
361784	-0.73
24699	-0.74
681429	-0.76
60416	-0.77
246281	-0.78
361866	-0.81
296501	-0.83
288778	-0.83
259272	-0.85
192241	-0.87
122799	-0.91
117270	-0.95
406167	-1.02
84509	-1.02
296178	-1.04
117263	-1.05
89819	-1.07
363241	-1.08
79209	-1.08
294390	-1.10
64665	-1.12
298441	-1.15
317163	-1.17
100912032	-1.18
84486	-1.18
29425	-1.24
288480	-1.26
81718	-1.26
298712	-1.32
81769	-1.33
361808	-1.35
685890	-1.46
406168	-1.55
362952	-1.55
302855	-1.58
58934	-1.75
54318	-1.81
298700	-1.88
301240	-1.96
117526	-2.04
29374	-2.04
59102	-2.09
