317163	3.68
25742	3.61
89833	1.64
288666	1.63
365601	1.42
498185	1.39
304429	1.38
24786	1.29
60460	1.26
24223	1.26
65165	1.21
58934	1.18
54318	1.16
59329	1.12
83474	1.12
29374	1.07
117526	1.03
25740	0.95
298942	0.94
83537	0.92
406167	0.92
685890	0.89
25176	0.88
29693	0.84
81769	0.83
288498	0.83
80843	0.83
316122	0.82
64665	0.77
297755	0.75
59102	0.73
29624	0.69
287561	0.69
361808	0.68
363633	0.66
113958	0.65
300079	0.59
406168	0.58
24651	0.56
288444	0.54
259272	0.52
363241	0.51
29288	0.49
89819	0.47
24669	0.46
24516	0.43
29304	0.43
289878	0.43
363854	0.42
171361	0.41
24944	0.39
192241	0.37
65136	0.36
25308	0.36
94266	0.34
245981	0.32
25348	0.32
364656	0.32
301240	0.31
83503	0.30
117263	0.29
304278	0.28
100912032	0.27
362952	0.26
245976	0.26
298712	0.26
117030	0.24
302855	0.22
303831	0.18
56010	0.17
81763	0.15
192255	0.15
84486	0.15
24422	0.08
28298	0.05
25737	0.05
116646	0.00
79209	0.00
681429	-0.01
29425	-0.01
246281	-0.01
54257	-0.03
140608	-0.03
685325	-0.04
309790	-0.05
298441	-0.06
64307	-0.08
494445	-0.09
29659	-0.10
64205	-0.11
63868	-0.12
81822	-0.12
25517	-0.14
122799	-0.14
83504	-0.16
60349	-0.17
171350	-0.17
309626	-0.17
65262	-0.17
64527	-0.18
192172	-0.22
288597	-0.23
117270	-0.24
81774	-0.24
24649	-0.25
691531	-0.25
288778	-0.26
288718	-0.29
29461	-0.32
29236	-0.32
81764	-0.34
246146	-0.34
298700	-0.34
24817	-0.37
299809	-0.38
24799	-0.38
100362640	-0.38
65144	-0.39
311833	-0.40
191569	-0.40
64640	-0.42
124323	-0.42
24829	-0.42
29285	-0.43
292028	-0.44
25369	-0.46
24183	-0.49
246773	-0.50
361784	-0.50
83427	-0.51
497778	-0.54
64306	-0.55
361402	-0.57
360572	-0.58
282845	-0.58
83789	-0.58
304388	-0.59
64158	-0.59
114612	-0.60
84509	-0.61
288480	-0.62
24699	-0.63
689399	-0.64
24333	-0.64
288615	-0.66
24790	-0.68
54398	-0.70
294390	-0.71
81829	-0.71
140655	-0.77
29580	-0.79
114090	-0.79
29565	-0.80
83803	-0.86
84490	-0.89
296501	-0.89
500545	-0.97
83712	-0.98
362720	-0.99
298517	-0.99
24968	-1.07
84578	-1.08
361866	-1.08
29353	-1.10
29395	-1.11
29668	-1.17
25599	-1.22
60416	-1.24
81663	-1.26
24392	-1.32
312538	-1.32
296178	-1.42
305623	-1.45
24383	-1.54
293725	-1.90
292804	-1.97
