100912032	14.82
29304	12.99
64307	12.42
25348	11.82
363241	11.69
29285	11.60
81763	11.42
297755	11.32
691531	11.02
29288	10.87
28298	10.63
81774	10.47
94266	10.30
360572	9.71
140655	9.17
29236	9.10
65136	9.09
122799	9.08
81764	8.81
64306	8.58
245981	8.39
100362640	7.91
293725	7.65
124323	7.37
64205	7.35
83427	7.23
116646	7.14
140608	6.86
300079	6.69
25308	6.67
681429	6.49
24786	6.17
64527	6.14
361808	5.49
298700	5.26
29425	5.15
192241	5.09
83503	5.00
361784	4.84
113958	4.83
29565	4.49
171361	4.47
64640	4.44
364656	4.30
89819	4.19
65165	4.09
84509	4.02
362952	3.82
58934	3.81
298517	3.66
54318	3.60
317163	3.36
288778	3.29
80843	3.26
171350	3.21
299809	3.19
24223	3.12
117030	2.98
298441	2.71
29374	2.66
117263	2.52
288666	2.39
298712	2.33
29668	2.29
288615	2.24
25176	2.21
24333	1.77
292028	1.73
309626	1.72
304429	1.66
24669	1.63
24968	1.52
406168	1.46
83537	1.25
497778	1.25
117270	1.15
192172	1.14
363854	1.08
301240	0.98
29461	0.93
494445	0.92
64158	0.92
83789	0.86
81718	0.83
117526	0.82
192255	0.79
289878	0.77
245976	0.74
288480	0.73
24829	0.68
83803	0.67
59329	0.65
25737	0.61
316122	0.60
685890	0.59
287561	0.52
60416	0.51
29395	0.50
24383	0.50
81822	0.47
498185	0.43
25517	0.40
60349	0.40
288597	0.37
29659	0.31
689399	0.29
59102	0.25
25369	0.24
29580	0.22
259272	0.22
114612	0.22
24944	0.19
81829	0.18
309790	0.17
83474	0.16
65262	0.13
64665	0.13
83712	0.11
312538	0.11
24183	0.10
84578	0.09
361402	0.04
500545	0.03
84490	0.01
24649	-0.04
25599	-0.04
24790	-0.10
292804	-0.10
24422	-0.11
84486	-0.12
294390	-0.12
65144	-0.15
24516	-0.15
25742	-0.18
296501	-0.19
363633	-0.21
24699	-0.28
63868	-0.30
25740	-0.31
304388	-0.32
79209	-0.34
365601	-0.37
303831	-0.38
60460	-0.44
246146	-0.45
24817	-0.46
298942	-0.47
56010	-0.49
24392	-0.49
29624	-0.50
83504	-0.51
89833	-0.55
288498	-0.59
311833	-0.62
246773	-0.63
246281	-0.64
191569	-0.70
54398	-0.77
24651	-0.80
114090	-0.91
362720	-0.91
288718	-0.92
288444	-0.95
406167	-0.96
24799	-1.02
282845	-1.02
296178	-1.21
81663	-1.33
304278	-1.33
29693	-1.34
685325	-1.41
29353	-1.43
54257	-1.62
361866	-1.72
302855	-1.75
305623	-2.78
