29304	21.75
29288	19.64
65136	18.90
100362640	17.35
83427	17.33
300079	17.08
100912032	16.91
360572	16.30
81774	16.23
297755	15.31
29236	15.18
124323	14.47
363241	13.80
64307	13.71
28298	13.54
94266	13.28
64306	12.78
64205	12.76
245981	12.59
140655	12.47
81764	12.29
29285	12.17
122799	11.95
25348	11.53
81769	11.42
691531	11.23
293725	10.88
116646	10.83
171361	10.06
29565	9.20
64640	8.12
298700	7.99
171350	6.98
29374	5.87
299809	5.47
362952	4.80
681429	4.42
83789	4.28
64527	4.04
58934	3.76
83474	3.72
25308	3.55
288778	3.53
83712	3.47
361808	3.38
84509	3.31
292028	3.16
361784	3.12
83503	3.00
54318	2.89
89819	2.76
24786	2.63
298441	2.60
25737	2.56
113958	2.52
65165	2.50
298712	2.32
25176	2.21
288615	2.20
63868	2.17
114612	2.00
192241	1.83
29668	1.83
192172	1.83
59102	1.80
303831	1.79
24790	1.72
24944	1.72
317163	1.67
296501	1.63
24223	1.62
312538	1.57
364656	1.35
140608	1.34
80843	1.29
309626	1.24
29425	1.24
24968	1.21
29395	1.21
361402	1.12
117270	1.09
24669	1.07
298517	1.07
497778	1.02
25742	0.87
494445	0.86
365601	0.83
60349	0.82
298942	0.76
81822	0.75
24699	0.71
117263	0.70
64665	0.69
117030	0.65
29624	0.63
24649	0.56
302855	0.55
288480	0.51
304429	0.47
288597	0.38
25599	0.34
294390	0.26
83803	0.22
191569	0.22
59329	0.22
245976	0.17
24383	0.17
81718	0.15
60460	0.15
117526	0.13
79209	0.11
84486	0.08
288718	0.06
84490	0.03
24422	-0.02
689399	-0.02
289878	-0.04
64158	-0.07
24516	-0.07
304388	-0.11
24829	-0.11
54257	-0.13
292804	-0.13
363633	-0.14
685890	-0.18
24799	-0.19
29353	-0.21
114090	-0.21
363854	-0.21
259272	-0.22
309790	-0.26
301240	-0.28
24817	-0.28
29659	-0.31
65262	-0.31
81829	-0.33
192255	-0.33
83537	-0.34
287561	-0.39
24333	-0.41
296178	-0.44
406167	-0.45
246281	-0.50
81663	-0.52
89833	-0.52
60416	-0.55
25740	-0.58
288444	-0.60
288666	-0.60
498185	-0.63
500545	-0.68
406168	-0.68
83504	-0.69
84578	-0.71
288498	-0.72
685325	-0.75
25369	-0.82
56010	-0.83
362720	-0.84
246773	-0.95
25517	-0.95
311833	-0.98
24183	-1.01
304278	-1.03
65144	-1.11
24651	-1.11
282845	-1.16
29461	-1.25
29693	-1.28
54398	-1.30
24392	-1.37
361866	-1.37
29580	-1.62
316122	-1.77
246146	-2.18
305623	-2.51
