83427	15.83
100362640	15.34
81774	14.87
64205	14.45
29304	14.37
64307	14.11
245981	13.94
65136	13.24
64306	13.02
360572	12.68
300079	12.39
100912032	12.38
81763	12.29
29288	12.20
140655	12.16
28298	11.99
29236	11.46
297755	11.17
94266	11.12
171361	10.97
29285	10.67
29565	10.64
293725	10.27
122799	9.92
116646	9.80
124323	9.51
363241	9.40
691531	9.24
81769	8.81
25348	8.69
298700	6.59
83789	6.17
681429	5.82
64640	5.76
171350	5.29
65165	4.54
25308	4.43
361784	4.43
29374	4.26
299809	4.16
362952	3.71
58934	3.32
24786	3.08
292028	3.07
84509	2.82
25737	2.82
29668	2.75
29425	2.68
80843	2.62
317163	2.56
59102	2.29
83503	2.26
192241	2.24
288778	2.07
303831	2.03
24223	1.99
361808	1.98
83474	1.98
64527	1.97
83712	1.96
25176	1.94
113958	1.88
24790	1.85
114612	1.81
312538	1.78
192255	1.76
24944	1.75
361402	1.67
24333	1.58
24799	1.54
64158	1.54
81822	1.53
24383	1.50
89819	1.43
292804	1.42
364656	1.39
24649	1.22
494445	1.22
288480	1.18
59329	1.13
140608	1.06
192172	1.03
117030	1.02
54318	0.95
63868	0.95
365601	0.88
83803	0.74
498185	0.69
24699	0.65
363854	0.60
117263	0.60
29624	0.58
29659	0.57
497778	0.57
298517	0.54
24968	0.52
65262	0.51
60349	0.50
298441	0.44
117270	0.41
64665	0.41
246146	0.38
301240	0.32
689399	0.30
29580	0.30
362720	0.26
25369	0.26
114090	0.21
296501	0.21
302855	0.19
246773	0.18
29395	0.17
311833	0.16
309626	0.15
245976	0.13
84486	0.13
298712	0.11
117526	0.10
25599	0.09
24516	0.09
289878	0.07
56010	0.07
288718	-0.01
29353	-0.03
60416	-0.04
259272	-0.09
81829	-0.09
84490	-0.10
294390	-0.11
288444	-0.17
25742	-0.19
363633	-0.20
25740	-0.28
288615	-0.29
54398	-0.30
84578	-0.30
287561	-0.32
24392	-0.34
81718	-0.34
304429	-0.35
24422	-0.35
288597	-0.38
81663	-0.45
24651	-0.51
25517	-0.51
685325	-0.53
89833	-0.55
24829	-0.56
191569	-0.58
304278	-0.59
24669	-0.59
29461	-0.67
296178	-0.67
288498	-0.68
316122	-0.73
304388	-0.74
500545	-0.76
305623	-0.79
282845	-0.82
309790	-0.87
288666	-0.91
246281	-0.92
406167	-0.93
79209	-1.01
83504	-1.06
24183	-1.06
685890	-1.07
54257	-1.07
24817	-1.11
298942	-1.14
29693	-1.16
361866	-1.19
83537	-1.37
60460	-1.52
65144	-1.55
406168	-1.86
