29304	18.53
100362640	18.47
64306	18.08
360572	17.82
65136	17.68
29288	17.43
28298	17.30
29285	17.01
140655	16.94
124323	16.83
94266	16.66
81763	16.23
83427	16.14
29236	15.87
245981	15.48
64205	15.29
64307	14.98
100912032	14.94
81764	14.87
25348	14.78
691531	14.24
122799	14.10
300079	13.34
297755	13.23
363241	13.15
293725	12.41
81769	10.47
171361	10.12
64640	9.33
298700	8.59
116646	8.49
29565	7.39
83789	6.05
681429	5.81
171350	5.79
84509	5.06
362952	4.66
192241	4.53
83503	4.48
361808	4.24
29374	4.12
361784	4.11
64527	4.07
113958	3.84
25308	3.81
140608	3.81
299809	3.74
58934	3.69
89819	3.35
29425	3.30
292028	3.21
24786	2.95
288778	2.83
24383	2.70
298517	2.44
364656	2.23
65165	2.21
59102	2.20
54318	2.19
24223	2.14
288480	2.11
114612	2.07
24333	2.06
29668	2.05
25176	1.97
117030	1.91
117263	1.90
83712	1.82
192255	1.82
25737	1.80
81822	1.70
361402	1.49
83474	1.48
24790	1.46
312538	1.44
84486	1.19
80843	1.15
24968	1.14
192172	1.07
64158	1.06
81829	1.03
24699	1.03
497778	1.01
25742	1.00
29624	0.98
298441	0.90
24829	0.89
298712	0.88
25599	0.87
117526	0.87
363854	0.86
317163	0.82
63868	0.73
301240	0.69
309626	0.68
288666	0.68
292804	0.63
117270	0.63
304429	0.57
303831	0.56
294390	0.56
64665	0.44
362720	0.43
24799	0.42
24392	0.39
689399	0.38
302855	0.37
60349	0.30
365601	0.27
494445	0.24
25369	0.22
288615	0.20
84578	0.19
24422	0.16
84490	0.16
288597	0.14
500545	0.13
29395	0.12
59329	0.10
288444	0.08
24944	0.08
65262	0.07
191569	0.06
24669	0.03
56010	-0.03
296501	-0.03
24649	-0.08
498185	-0.10
287561	-0.11
259272	-0.18
245976	-0.20
24651	-0.22
289878	-0.23
81718	-0.24
304388	-0.25
60416	-0.27
114090	-0.28
685325	-0.28
89833	-0.31
83803	-0.31
282845	-0.33
304278	-0.34
685890	-0.37
311833	-0.37
54257	-0.42
296178	-0.45
246281	-0.45
363633	-0.45
246146	-0.45
60460	-0.50
29353	-0.50
406168	-0.54
83537	-0.59
309790	-0.60
24516	-0.60
81663	-0.61
83504	-0.68
24817	-0.70
29659	-0.71
406167	-0.74
288498	-0.82
25517	-0.82
305623	-0.85
246773	-0.89
298942	-0.90
29580	-0.93
29461	-1.00
65144	-1.02
361866	-1.06
288718	-1.12
29693	-1.12
24183	-1.14
54398	-1.24
25740	-1.30
316122	-1.31
79209	-1.92
