65262	14.11
192241	10.78
24383	9.42
298942	7.20
25176	6.84
292804	6.50
140608	5.69
288480	5.52
298517	5.48
301240	5.42
63868	5.25
24333	4.90
113958	4.66
29425	4.00
83503	3.61
29668	3.33
192172	3.29
29693	3.20
192255	2.90
84509	2.67
117263	2.46
81822	2.41
24183	2.09
292028	2.07
56010	2.03
29580	2.03
65144	1.97
24786	1.93
83803	1.81
298700	1.80
299809	1.73
64158	1.67
288666	1.65
497778	1.56
64205	1.50
29353	1.50
83427	1.43
361808	1.41
293725	1.32
60416	1.29
25599	1.29
362720	1.28
80843	1.27
83789	1.25
83712	1.20
296501	1.20
64527	1.18
364656	1.09
81774	1.03
304429	1.00
84490	0.98
288718	0.96
64665	0.96
117030	0.95
84578	0.94
363633	0.92
24799	0.91
83537	0.80
24651	0.78
24422	0.77
302855	0.72
65165	0.72
300079	0.72
114612	0.71
54398	0.69
494445	0.69
24669	0.66
246146	0.65
363854	0.65
304278	0.64
64306	0.61
29236	0.60
100362640	0.60
89819	0.56
312538	0.55
500545	0.55
25308	0.53
116646	0.48
24699	0.47
246773	0.44
83474	0.42
24817	0.41
288444	0.40
140655	0.38
288778	0.37
25737	0.37
296178	0.36
25740	0.35
685325	0.32
362952	0.31
59102	0.31
245981	0.30
288615	0.29
24944	0.28
24516	0.22
29285	0.20
81769	0.18
25369	0.17
282845	0.13
54318	0.10
24968	0.08
288597	0.07
365601	0.07
406167	0.07
363241	0.02
685890	0.01
406168	-0.02
81663	-0.03
81764	-0.09
689399	-0.12
191569	-0.19
24223	-0.19
83504	-0.20
60349	-0.20
288498	-0.22
297755	-0.22
24392	-0.24
171350	-0.29
287561	-0.31
117526	-0.31
29395	-0.32
81763	-0.33
89833	-0.34
171361	-0.36
289878	-0.38
245976	-0.39
25742	-0.44
24829	-0.44
29304	-0.48
29461	-0.48
681429	-0.49
65136	-0.54
691531	-0.54
117270	-0.57
60460	-0.57
29624	-0.58
360572	-0.59
24790	-0.62
25348	-0.69
54257	-0.70
81718	-0.71
304388	-0.74
298441	-0.75
79209	-0.78
29659	-0.78
311833	-0.78
317163	-0.80
122799	-0.82
24649	-0.83
305623	-0.84
246281	-0.94
28298	-1.00
29565	-1.02
316122	-1.09
64307	-1.15
84486	-1.16
29288	-1.18
361784	-1.23
94266	-1.28
259272	-1.30
29374	-1.37
303831	-1.37
114090	-1.44
100912032	-1.46
294390	-1.47
59329	-1.51
25517	-1.55
298712	-1.68
309790	-1.69
124323	-1.82
361402	-1.84
361866	-1.92
64640	-1.95
498185	-2.01
309626	-2.64
58934	-3.49
