64158	4.69
494445	4.16
171361	4.07
65165	3.96
363854	3.37
24333	3.24
192255	3.09
361808	2.87
80843	2.84
56010	2.76
116646	2.75
25176	2.71
24383	2.67
84509	2.67
300079	2.60
117030	2.58
114612	2.54
288778	2.54
246146	2.48
83712	2.45
81829	2.41
292804	2.37
25737	2.23
64205	2.16
100362640	2.04
171350	2.02
140655	1.96
29395	1.92
292028	1.90
288480	1.89
29668	1.88
293725	1.85
691531	1.84
288444	1.83
64306	1.80
117263	1.77
65262	1.74
84486	1.72
81774	1.70
288666	1.69
305623	1.68
362720	1.66
362952	1.66
83789	1.64
25348	1.63
299809	1.62
309790	1.58
24669	1.56
192172	1.56
81764	1.53
63868	1.52
24649	1.52
24699	1.48
29374	1.47
497778	1.43
81663	1.43
298700	1.37
29693	1.37
65136	1.36
245981	1.36
83427	1.33
24392	1.29
25308	1.28
29285	1.27
64527	1.23
317163	1.23
25740	1.22
24516	1.20
24183	1.20
84490	1.15
60460	1.10
24651	1.09
500545	1.05
282845	1.05
24223	1.04
84578	1.02
83537	0.99
681429	0.97
24968	0.97
360572	0.97
59329	0.96
302855	0.96
29236	0.93
312538	0.93
363633	0.92
363241	0.91
245976	0.83
25599	0.83
83503	0.82
29425	0.81
28298	0.79
29304	0.79
81763	0.75
24786	0.73
29624	0.72
124323	0.70
303831	0.66
689399	0.60
29565	0.57
192241	0.52
83504	0.51
29659	0.49
81769	0.47
24422	0.47
60416	0.47
297755	0.46
246773	0.44
94266	0.44
64665	0.43
100912032	0.43
60349	0.39
361784	0.36
287561	0.36
54318	0.33
29461	0.28
289878	0.26
64640	0.24
191569	0.23
24944	0.22
25369	0.22
29580	0.19
114090	0.17
122799	0.15
316122	0.15
288718	0.10
54257	0.09
25742	0.07
65144	0.07
117526	0.05
364656	-0.02
406167	-0.03
288597	-0.04
304429	-0.06
64307	-0.06
81718	-0.12
298517	-0.14
304388	-0.15
298441	-0.22
24790	-0.23
29288	-0.25
24817	-0.32
140608	-0.34
83803	-0.34
296501	-0.38
361402	-0.38
298712	-0.39
79209	-0.40
361866	-0.44
298942	-0.44
259272	-0.44
685325	-0.46
29353	-0.56
117270	-0.60
25517	-0.62
498185	-0.69
311833	-0.69
89819	-0.71
89833	-0.73
309626	-0.76
54398	-0.79
685890	-0.84
288615	-0.85
365601	-0.85
24829	-0.89
246281	-1.00
294390	-1.00
59102	-1.07
113958	-1.10
296178	-1.23
301240	-1.39
24799	-1.52
58934	-1.73
304278	-1.77
288498	-1.95
406168	-2.67
83474	-3.08
