29236	21.29
64205	19.67
81763	17.33
300079	17.11
29304	16.79
100362640	16.78
65136	16.34
81774	16.14
81764	15.83
140655	15.45
29288	14.99
64306	14.61
64307	14.60
245981	14.30
363241	14.20
28298	13.67
29285	13.53
360572	13.51
100912032	13.45
293725	13.09
297755	13.01
124323	12.10
29565	11.95
94266	11.82
691531	10.55
122799	10.45
25348	10.17
171361	10.08
298700	8.45
116646	8.29
81769	7.23
171350	7.16
83789	6.83
29374	6.81
64640	6.43
299809	5.75
362952	5.59
292028	4.39
681429	4.38
84509	4.27
361784	4.04
58934	3.71
361808	3.52
29425	3.45
312538	3.28
192172	3.26
192241	3.18
25737	3.17
59102	2.65
114612	2.48
83712	2.47
288778	2.44
288480	2.31
83474	2.26
65165	2.07
24790	2.03
83503	2.01
24383	1.91
25308	1.86
364656	1.85
25176	1.73
80843	1.70
29668	1.70
65262	1.65
64158	1.64
24786	1.54
361402	1.51
298441	1.49
81829	1.43
365601	1.41
89819	1.39
113958	1.33
81822	1.33
54318	1.26
292804	1.26
117030	1.22
296501	1.19
24968	1.19
64665	1.12
63868	1.11
117270	1.09
64527	1.05
303831	0.99
117263	0.95
497778	0.90
304429	0.89
29395	0.88
25599	0.87
24333	0.86
494445	0.81
298517	0.80
24223	0.72
140608	0.68
24799	0.66
24699	0.63
192255	0.61
317163	0.59
24669	0.53
83803	0.50
301240	0.50
25742	0.48
24944	0.42
60349	0.41
24829	0.39
689399	0.36
363854	0.30
24649	0.29
84578	0.27
302855	0.21
191569	0.21
84486	0.18
362720	0.17
29624	0.13
288498	0.09
500545	0.09
363633	0.04
84490	0.04
117526	0.02
245976	0.02
56010	0.01
60416	-0.00
246146	-0.02
24516	-0.07
54257	-0.07
79209	-0.11
246773	-0.18
29353	-0.19
287561	-0.20
25369	-0.21
304388	-0.24
311833	-0.28
289878	-0.28
304278	-0.28
81663	-0.32
59329	-0.33
309626	-0.36
54398	-0.37
24392	-0.38
83504	-0.44
89833	-0.47
282845	-0.47
24422	-0.47
296178	-0.48
24817	-0.48
259272	-0.48
288597	-0.50
685325	-0.51
81718	-0.51
498185	-0.58
294390	-0.66
298942	-0.68
60460	-0.70
288718	-0.71
25517	-0.73
29659	-0.74
288444	-0.79
685890	-0.81
406167	-0.81
288615	-0.84
288666	-0.91
29461	-0.91
114090	-0.95
29580	-0.99
246281	-1.11
24651	-1.11
25740	-1.14
65144	-1.18
24183	-1.21
29693	-1.29
83537	-1.31
298712	-1.48
309790	-1.51
361866	-1.55
406168	-1.62
316122	-1.90
305623	-1.92
