29374	5.20
29668	4.52
54318	4.32
59102	4.30
299809	3.82
81763	3.72
63868	3.70
296501	3.64
29288	3.48
297755	3.25
83712	3.21
365601	3.09
681429	2.91
100362640	2.86
288778	2.80
29304	2.76
298942	2.73
288498	2.68
292028	2.63
58934	2.63
363241	2.61
116646	2.44
288480	2.38
83427	2.26
245981	2.17
89819	2.12
303831	2.10
361402	2.09
84509	2.08
29425	2.08
65136	2.07
361784	2.06
497778	2.03
100912032	2.00
81764	1.98
25737	1.95
24786	1.94
362952	1.86
124323	1.86
64307	1.71
113958	1.66
360572	1.66
300079	1.65
65165	1.60
298441	1.59
94266	1.56
117526	1.55
288444	1.55
364656	1.53
317163	1.51
122799	1.49
117263	1.48
81774	1.48
298700	1.46
304278	1.37
64527	1.33
312538	1.33
83803	1.30
296178	1.28
114612	1.22
685325	1.19
140655	1.17
298712	1.17
81718	1.12
65262	1.11
29236	1.10
302855	1.08
29565	1.08
171361	1.07
361808	1.05
309626	1.04
64306	0.99
84490	0.97
83503	0.95
406168	0.94
24669	0.89
28298	0.86
363854	0.80
79209	0.79
293725	0.78
301240	0.76
298517	0.75
494445	0.73
288615	0.69
29395	0.68
64640	0.66
304429	0.65
89833	0.58
65144	0.58
140608	0.54
245976	0.49
287561	0.43
81829	0.42
54257	0.41
24790	0.30
83789	0.25
685890	0.18
81769	0.16
294390	0.13
288718	0.12
64205	0.12
24799	0.11
25742	0.10
24422	0.10
289878	0.08
64665	0.06
192172	0.03
56010	0.03
25348	0.01
282845	0.00
25517	-0.01
25740	-0.02
29285	-0.04
171350	-0.06
84578	-0.09
29353	-0.10
691531	-0.12
25369	-0.13
60460	-0.14
25176	-0.15
192241	-0.16
83504	-0.25
24699	-0.26
362720	-0.28
288597	-0.30
59329	-0.30
29580	-0.33
24649	-0.39
24944	-0.40
54398	-0.40
29624	-0.40
60349	-0.42
24968	-0.42
24516	-0.43
288666	-0.46
29693	-0.47
24183	-0.48
316122	-0.57
81663	-0.58
259272	-0.60
361866	-0.65
117270	-0.68
24223	-0.69
246281	-0.70
114090	-0.72
363633	-0.72
25599	-0.73
498185	-0.75
304388	-0.78
191569	-0.79
83537	-0.83
311833	-0.84
689399	-0.91
24383	-0.94
500545	-0.95
24817	-0.95
29461	-1.02
309790	-1.09
25308	-1.09
24829	-1.11
84486	-1.19
24392	-1.21
80843	-1.32
246773	-1.32
406167	-1.33
24651	-1.38
292804	-1.43
305623	-1.50
246146	-1.79
24333	-1.83
60416	-1.83
117030	-1.93
64158	-1.97
192255	-2.25
29659	-2.37
81822	-3.08
