113958	6.53
29285	5.70
64527	5.54
29425	5.45
140608	5.31
64306	5.16
81769	5.00
140655	4.85
192241	4.76
691531	4.54
81774	4.48
297755	4.29
361808	4.16
288666	3.95
100362640	3.93
24786	3.84
25348	3.80
64307	3.79
122799	3.67
364656	3.62
81829	3.61
360572	3.60
100912032	3.52
288480	3.50
29236	3.20
28298	3.16
117263	3.08
94266	3.02
81763	3.00
65136	2.98
59102	2.95
298517	2.94
363241	2.92
299809	2.82
124323	2.79
298700	2.75
64205	2.75
245981	2.72
29304	2.69
29288	2.69
301240	2.68
89819	2.66
24383	2.63
84509	2.50
25308	2.47
681429	2.37
300079	2.33
81764	2.26
117030	2.16
293725	2.08
83427	2.01
29668	1.98
288615	1.86
361784	1.86
288778	1.83
292028	1.73
288718	1.65
24333	1.52
192172	1.48
64158	1.43
64640	1.43
298712	1.39
304429	1.37
246146	1.35
25737	1.31
83537	1.16
362952	1.14
84578	1.14
192255	1.14
116646	1.13
298441	1.11
685325	1.10
83789	1.08
406168	1.07
288444	1.05
29353	0.99
83474	0.95
296501	0.95
25176	0.94
245976	0.91
54318	0.91
29624	0.87
304278	0.86
81822	0.82
494445	0.79
302855	0.73
24829	0.68
282845	0.65
25742	0.57
362720	0.56
24422	0.49
171361	0.46
63868	0.46
24392	0.45
246281	0.45
312538	0.44
83504	0.38
54257	0.37
497778	0.37
89833	0.34
500545	0.30
81718	0.30
58934	0.29
65262	0.25
29580	0.24
117526	0.23
191569	0.16
25369	0.16
304388	0.11
83712	0.05
25517	0.04
363854	0.04
84490	0.03
65165	0.00
29374	-0.03
287561	-0.03
296178	-0.03
289878	-0.04
114612	-0.04
56010	-0.07
29395	-0.07
317163	-0.09
24223	-0.09
60460	-0.12
24968	-0.13
24817	-0.17
81663	-0.20
288597	-0.22
294390	-0.22
689399	-0.24
24183	-0.24
246773	-0.26
117270	-0.30
309790	-0.31
64665	-0.37
24669	-0.37
29693	-0.39
83803	-0.41
60349	-0.43
365601	-0.44
303831	-0.47
685890	-0.48
292804	-0.49
54398	-0.53
29565	-0.57
25599	-0.58
406167	-0.58
288498	-0.61
65144	-0.62
309626	-0.64
298942	-0.64
80843	-0.65
171350	-0.69
24651	-0.70
114090	-0.73
24516	-0.80
29461	-0.82
498185	-0.85
24649	-0.85
259272	-0.87
305623	-0.89
316122	-1.02
361402	-1.06
84486	-1.06
361866	-1.16
24944	-1.18
24799	-1.21
363633	-1.22
60416	-1.32
24790	-1.36
25740	-1.50
24699	-1.50
311833	-1.56
59329	-1.57
79209	-1.61
29659	-2.46
