191569	2.84
25517	1.90
288615	1.28
282845	1.07
25737	0.94
312538	0.88
246773	0.80
29461	0.72
65144	0.68
117526	0.67
25599	0.62
296501	0.61
685325	0.57
81822	0.51
24829	0.44
117030	0.42
296178	0.41
84490	0.39
54257	0.38
83503	0.38
84509	0.36
65165	0.35
299809	0.33
54318	0.32
29425	0.31
259272	0.31
304388	0.28
25369	0.28
304429	0.27
288480	0.26
685890	0.25
80843	0.24
81663	0.22
117270	0.20
63868	0.19
246281	0.19
364656	0.17
60416	0.15
287561	0.13
24333	0.12
29624	0.12
89833	0.09
113958	0.07
500545	0.04
24649	0.03
289878	0.03
59102	0.03
288597	-0.01
24183	-0.03
59329	-0.04
140608	-0.05
24669	-0.06
83803	-0.06
29236	-0.07
298441	-0.10
363633	-0.10
24699	-0.11
192255	-0.12
89819	-0.12
24516	-0.14
171350	-0.14
245976	-0.14
58934	-0.16
81718	-0.16
311833	-0.17
140655	-0.17
361784	-0.18
297755	-0.19
288718	-0.20
81829	-0.20
192172	-0.21
24968	-0.23
288778	-0.24
24392	-0.24
83474	-0.25
192241	-0.25
64307	-0.26
25176	-0.27
25742	-0.28
362720	-0.28
288444	-0.29
24651	-0.29
24817	-0.30
494445	-0.31
316122	-0.32
29395	-0.32
24223	-0.33
309790	-0.33
29374	-0.33
363241	-0.33
406167	-0.34
317163	-0.35
54398	-0.36
246146	-0.36
301240	-0.36
406168	-0.37
124323	-0.38
60460	-0.38
362952	-0.38
497778	-0.39
363854	-0.40
288666	-0.40
298700	-0.41
292804	-0.42
303831	-0.43
83427	-0.44
24422	-0.44
65262	-0.44
25308	-0.45
24786	-0.47
300079	-0.47
83712	-0.48
100912032	-0.49
81769	-0.51
305623	-0.52
292028	-0.52
691531	-0.53
29580	-0.54
116646	-0.59
304278	-0.60
24790	-0.60
60349	-0.60
288498	-0.61
29565	-0.61
84486	-0.62
298712	-0.62
309626	-0.64
29304	-0.65
29288	-0.66
24944	-0.67
298942	-0.67
81774	-0.68
29693	-0.69
81763	-0.69
56010	-0.71
361402	-0.72
83789	-0.73
25348	-0.75
24799	-0.75
84578	-0.76
29353	-0.79
689399	-0.80
64158	-0.87
24383	-0.87
245981	-0.88
29285	-0.88
114612	-0.88
360572	-0.92
302855	-0.93
83537	-0.93
293725	-0.94
28298	-0.95
64306	-0.96
64665	-0.96
298517	-0.99
361808	-1.00
65136	-1.03
64640	-1.04
81764	-1.06
64527	-1.06
25740	-1.06
681429	-1.07
117263	-1.09
64205	-1.10
79209	-1.11
171361	-1.14
122799	-1.17
294390	-1.24
29659	-1.25
498185	-1.26
365601	-1.30
100362640	-1.38
29668	-1.39
361866	-1.40
114090	-1.46
94266	-1.97
