245976	4.02
288718	3.20
89819	3.00
54398	2.74
406168	2.72
309626	2.60
361784	2.32
298712	2.24
84578	2.15
24817	1.97
288615	1.93
305623	1.87
114612	1.86
60460	1.70
298441	1.65
59102	1.51
58934	1.46
301240	1.43
500545	1.38
361808	1.37
498185	1.33
24223	1.32
24968	1.28
363633	1.28
81769	1.25
29659	1.24
24516	1.23
288480	1.20
288778	1.17
83503	1.16
117030	1.14
140608	1.03
25308	1.03
304278	1.02
81822	0.99
309790	0.94
304429	0.93
81718	0.92
54257	0.90
24333	0.90
192241	0.89
246146	0.87
364656	0.84
24669	0.81
81829	0.80
25599	0.79
691531	0.76
29353	0.74
494445	0.72
83803	0.70
80843	0.68
24422	0.67
288498	0.65
289878	0.64
65144	0.63
94266	0.63
288666	0.62
685325	0.56
113958	0.52
25176	0.51
362720	0.50
24651	0.48
406167	0.48
59329	0.41
298517	0.39
29395	0.37
298942	0.37
363854	0.33
288597	0.31
29285	0.28
114090	0.21
29693	0.20
298700	0.16
29624	0.14
192255	0.14
362952	0.13
24944	0.12
64640	0.12
246281	0.07
28298	0.06
246773	0.05
25517	0.05
24786	0.04
25737	0.04
192172	0.04
79209	0.03
300079	0.02
64158	0.00
84490	0.00
282845	-0.02
60349	-0.04
64527	-0.05
365601	-0.07
689399	-0.10
25369	-0.12
65262	-0.15
25348	-0.17
100912032	-0.18
363241	-0.19
171361	-0.22
302855	-0.22
65136	-0.24
116646	-0.25
24649	-0.28
294390	-0.31
361402	-0.33
81763	-0.34
117270	-0.34
117263	-0.36
296178	-0.37
292804	-0.37
316122	-0.40
117526	-0.40
83789	-0.44
29288	-0.46
81663	-0.47
60416	-0.48
84486	-0.50
24699	-0.51
685890	-0.51
64205	-0.55
24392	-0.57
361866	-0.58
89833	-0.59
360572	-0.59
81774	-0.59
317163	-0.60
299809	-0.61
29565	-0.61
29236	-0.62
288444	-0.64
312538	-0.64
296501	-0.65
64665	-0.65
304388	-0.66
25740	-0.66
287561	-0.70
54318	-0.78
124323	-0.79
100362640	-0.79
140655	-0.80
83474	-0.83
29304	-0.86
297755	-0.89
24829	-0.91
681429	-0.91
24183	-0.92
83504	-0.93
64307	-1.00
29425	-1.00
56010	-1.02
497778	-1.07
171350	-1.07
65165	-1.09
24790	-1.11
25742	-1.12
29580	-1.12
191569	-1.15
29374	-1.17
83712	-1.19
259272	-1.25
122799	-1.25
245981	-1.25
84509	-1.30
29668	-1.31
83427	-1.31
29461	-1.31
64306	-1.36
81764	-1.37
24383	-1.41
311833	-1.47
63868	-1.51
292028	-1.61
24799	-1.65
293725	-1.94
303831	-2.30
