296501	5.50
63868	5.19
29668	5.11
84509	5.07
25737	4.70
54318	4.31
100362640	4.26
29374	3.65
362952	3.65
65165	3.62
299809	3.51
81763	3.47
298942	3.33
300079	3.29
83474	3.21
297755	3.06
312538	2.90
302855	2.76
84490	2.73
25176	2.53
83427	2.47
81822	2.45
29288	2.38
293725	2.37
681429	2.28
494445	2.23
298441	2.20
171361	2.18
65262	2.18
59102	2.16
292804	2.09
288778	2.08
84578	2.08
24944	2.05
497778	1.99
24669	1.98
81764	1.96
245981	1.94
288480	1.94
64205	1.88
303831	1.88
80843	1.88
79209	1.86
114612	1.85
363854	1.83
29304	1.83
81774	1.82
363241	1.80
364656	1.78
298700	1.77
296178	1.68
360572	1.57
288666	1.56
29236	1.53
64306	1.52
116646	1.48
124323	1.40
64640	1.40
117263	1.34
24383	1.33
56010	1.29
81829	1.20
292028	1.19
140655	1.18
64665	1.18
64158	1.18
362720	1.16
64527	1.12
29565	1.11
192255	1.10
28298	1.10
29395	1.07
24786	1.00
288444	0.96
83789	0.96
89819	0.92
65136	0.88
361402	0.82
25348	0.80
64307	0.79
24422	0.79
282845	0.78
691531	0.78
171350	0.73
689399	0.72
317163	0.72
365601	0.69
113958	0.66
94266	0.66
24183	0.65
60460	0.62
65144	0.60
25517	0.59
24699	0.59
84486	0.57
288597	0.56
304429	0.53
363633	0.52
500545	0.51
100912032	0.51
117030	0.48
289878	0.48
288615	0.44
29461	0.38
25308	0.36
29693	0.36
309790	0.35
114090	0.35
81663	0.34
24333	0.34
361808	0.29
25740	0.27
29425	0.27
305623	0.25
24392	0.22
246773	0.20
192241	0.20
685325	0.18
60416	0.17
246146	0.17
361866	0.15
59329	0.11
81769	0.11
58934	0.10
29624	0.05
83503	0.05
24790	0.04
54257	0.04
122799	0.00
29285	0.00
29353	-0.01
117270	-0.02
192172	-0.05
301240	-0.08
89833	-0.12
60349	-0.15
24968	-0.20
287561	-0.22
304278	-0.23
29580	-0.29
298517	-0.41
298712	-0.42
406167	-0.45
83504	-0.48
288498	-0.49
191569	-0.56
54398	-0.60
24651	-0.60
24799	-0.63
25599	-0.64
361784	-0.68
259272	-0.69
83803	-0.70
24223	-0.73
24829	-0.73
117526	-0.74
25742	-0.75
246281	-0.76
288718	-0.88
29659	-0.91
24649	-0.94
24817	-0.95
81718	-0.98
24516	-0.99
498185	-1.00
311833	-1.02
140608	-1.16
294390	-1.18
83537	-1.19
25369	-1.28
245976	-1.40
304388	-1.42
406168	-1.47
685890	-1.56
309626	-1.58
316122	-1.58
