64205	11.32
29236	9.51
245981	8.89
171361	7.73
83427	6.83
140655	6.67
293725	6.58
29285	6.56
81764	6.17
81774	6.05
300079	5.83
29304	5.67
28298	5.67
29288	5.45
64307	5.44
64306	5.12
122799	4.83
29565	4.78
124323	4.38
363241	4.35
65136	4.35
81763	4.28
94266	4.06
297755	4.05
360572	3.86
116646	3.78
25348	3.60
691531	3.01
171350	2.88
298700	2.71
24333	2.56
100912032	2.52
64640	2.47
65262	2.17
292028	2.05
299809	2.02
100362640	2.01
65165	2.01
362952	1.95
681429	1.89
84509	1.88
80843	1.88
192241	1.80
29374	1.79
59102	1.77
25176	1.73
292804	1.67
81822	1.64
113958	1.62
29668	1.45
84578	1.42
84486	1.42
64527	1.41
29395	1.30
81829	1.25
312538	1.25
303831	1.12
362720	1.11
83503	1.08
288480	1.06
54318	1.04
24383	0.99
83712	0.96
117263	0.95
29624	0.95
25308	0.90
361402	0.89
298712	0.89
81769	0.86
494445	0.85
246146	0.83
500545	0.77
117030	0.76
24968	0.73
304429	0.73
288666	0.71
301240	0.68
363854	0.66
689399	0.66
29425	0.65
63868	0.61
24790	0.61
58934	0.58
25737	0.56
246773	0.53
361784	0.53
60349	0.49
24944	0.47
497778	0.46
24223	0.46
60416	0.43
89819	0.43
24786	0.43
288444	0.43
361808	0.43
192172	0.43
24699	0.41
24516	0.37
24392	0.35
29659	0.35
114612	0.33
25740	0.32
25599	0.32
406168	0.32
117526	0.30
83474	0.25
298942	0.23
191569	0.21
298441	0.19
56010	0.19
29353	0.18
282845	0.14
24817	0.13
288778	0.13
288597	0.12
117270	0.11
24799	0.11
140608	0.09
25517	0.06
287561	0.05
89833	0.04
65144	0.02
24649	0.02
24829	-0.01
25742	-0.02
25369	-0.02
60460	-0.03
685325	-0.03
294390	-0.04
24651	-0.05
296501	-0.07
309790	-0.07
289878	-0.09
364656	-0.11
81663	-0.11
298517	-0.12
54398	-0.12
29693	-0.14
296178	-0.17
64158	-0.17
685890	-0.17
29461	-0.19
192255	-0.19
361866	-0.20
498185	-0.21
24669	-0.21
24422	-0.23
305623	-0.23
64665	-0.23
54257	-0.25
406167	-0.28
288498	-0.28
317163	-0.30
59329	-0.38
259272	-0.39
365601	-0.40
288615	-0.41
83803	-0.43
83537	-0.44
311833	-0.46
316122	-0.51
81718	-0.58
24183	-0.64
84490	-0.64
245976	-0.65
304388	-0.67
114090	-0.67
79209	-0.68
29580	-0.70
83504	-0.73
304278	-0.78
246281	-0.86
302855	-0.90
363633	-1.06
288718	-1.24
309626	-1.51
