304278	3.86
192172	3.85
114612	2.57
245976	2.46
288718	2.41
140608	2.29
58934	2.08
361784	2.06
65262	2.01
312538	2.01
294390	1.95
498185	1.86
65144	1.84
363633	1.81
81829	1.81
29659	1.79
54398	1.77
298441	1.66
64665	1.60
24817	1.58
494445	1.51
362952	1.50
24944	1.48
192241	1.46
116646	1.41
29565	1.38
309626	1.37
298700	1.36
83474	1.30
29580	1.28
296501	1.28
301240	1.25
84490	1.19
24669	1.17
29395	1.16
302855	1.14
25599	1.11
29693	1.09
24790	1.05
288778	1.03
59102	1.03
24651	0.99
361808	0.95
65165	0.88
24383	0.86
298517	0.85
117526	0.79
24799	0.76
81764	0.74
191569	0.73
292028	0.71
83537	0.70
24699	0.67
81769	0.67
81663	0.64
362720	0.64
24968	0.64
24183	0.63
246281	0.63
65136	0.62
685890	0.59
29624	0.59
80843	0.56
25740	0.53
24223	0.51
24333	0.51
24786	0.50
83427	0.50
500545	0.44
292804	0.41
25176	0.35
64307	0.34
304429	0.33
29461	0.31
25737	0.30
29304	0.26
84578	0.25
171350	0.25
84486	0.23
288498	0.22
81763	0.22
64205	0.21
293725	0.20
497778	0.19
288480	0.18
25308	0.17
64306	0.14
298942	0.14
117030	0.13
365601	0.10
29353	0.09
297755	0.06
28298	0.06
300079	0.04
305623	0.02
29236	0.01
296178	0.01
79209	-0.01
245981	-0.04
94266	-0.06
100362640	-0.06
691531	-0.06
83504	-0.06
54257	-0.10
689399	-0.11
25348	-0.12
364656	-0.12
64527	-0.14
363854	-0.15
259272	-0.16
288615	-0.18
298712	-0.19
282845	-0.19
29288	-0.19
100912032	-0.22
24649	-0.22
304388	-0.22
64158	-0.23
317163	-0.25
309790	-0.25
316122	-0.30
81774	-0.31
24516	-0.32
311833	-0.33
81822	-0.34
25517	-0.37
289878	-0.40
83503	-0.41
83789	-0.43
29285	-0.44
124323	-0.46
29668	-0.47
363241	-0.47
192255	-0.47
360572	-0.50
122799	-0.56
140655	-0.59
89819	-0.60
24422	-0.64
54318	-0.66
84509	-0.68
83712	-0.70
246773	-0.74
171361	-0.75
25369	-0.78
63868	-0.78
64640	-0.86
117270	-0.86
59329	-0.86
81718	-0.86
361402	-0.86
29374	-0.90
406167	-0.92
24829	-0.92
60416	-0.97
406168	-1.01
89833	-1.03
24392	-1.08
60460	-1.28
681429	-1.29
25742	-1.29
288597	-1.32
113958	-1.35
60349	-1.41
299809	-1.42
287561	-1.44
303831	-1.46
685325	-1.53
117263	-1.64
29425	-1.72
114090	-1.80
288666	-2.00
246146	-2.12
56010	-2.13
288444	-2.81
361866	-2.83
