302855	4.31
114612	3.96
303831	3.21
494445	3.08
497778	2.55
294390	2.47
298712	2.23
24790	2.21
363854	2.21
192255	2.13
24944	2.07
25176	2.07
24699	1.90
29236	1.90
171361	1.90
122799	1.76
362952	1.75
81822	1.72
28298	1.63
29693	1.63
83789	1.42
24333	1.40
29288	1.39
84578	1.39
298700	1.39
64640	1.31
29285	1.21
292804	1.19
81774	1.19
298942	1.15
29668	1.10
24669	1.10
54318	1.07
292028	1.02
245981	1.01
361808	0.99
297755	0.97
685890	0.97
64307	0.92
363241	0.92
94266	0.89
296178	0.89
24649	0.86
24383	0.84
300079	0.79
59329	0.77
60349	0.75
29374	0.74
360572	0.72
298441	0.68
293725	0.63
64205	0.63
54257	0.61
361866	0.61
191569	0.60
58934	0.60
83712	0.57
64306	0.56
24392	0.53
29304	0.52
117263	0.52
65136	0.50
89819	0.50
124323	0.49
24829	0.49
64527	0.47
140655	0.46
29395	0.45
192241	0.45
299809	0.44
24516	0.36
288778	0.36
245976	0.33
25348	0.30
681429	0.28
24651	0.25
171350	0.24
83803	0.23
116646	0.22
65262	0.20
296501	0.20
100912032	0.19
24422	0.19
83427	0.18
81718	0.15
361784	0.15
81764	0.13
317163	0.12
140608	0.11
89833	0.10
259272	0.08
81763	0.08
287561	0.07
288615	0.07
689399	0.06
498185	0.04
691531	0.03
29461	-0.00
25599	-0.03
289878	-0.03
79209	-0.03
25737	-0.04
24223	-0.04
65165	-0.05
80843	-0.05
117270	-0.06
288666	-0.07
301240	-0.07
316122	-0.09
361402	-0.09
81769	-0.12
305623	-0.15
25742	-0.15
100362640	-0.15
311833	-0.16
24183	-0.18
24786	-0.18
63868	-0.19
363633	-0.19
29659	-0.19
60416	-0.20
406167	-0.22
25369	-0.22
362720	-0.24
114090	-0.25
685325	-0.25
117526	-0.27
304388	-0.29
24817	-0.31
288480	-0.31
24799	-0.33
117030	-0.35
59102	-0.37
192172	-0.44
25517	-0.49
83537	-0.50
246281	-0.52
282845	-0.53
25308	-0.58
288444	-0.60
83504	-0.62
309790	-0.65
304278	-0.68
29624	-0.72
29353	-0.73
288597	-0.74
84509	-0.78
64158	-0.81
364656	-0.89
65144	-0.89
29565	-0.94
288718	-0.96
113958	-0.97
312538	-0.99
29425	-1.00
25740	-1.00
54398	-1.01
500545	-1.05
83503	-1.06
288498	-1.06
298517	-1.09
64665	-1.11
81829	-1.16
81663	-1.18
83474	-1.19
84490	-1.25
246146	-1.25
24968	-1.26
309626	-1.31
56010	-1.33
406168	-1.42
29580	-1.44
60460	-1.50
246773	-1.74
304429	-1.93
365601	-2.07
