59102	9.44
312538	9.32
296501	6.51
296178	5.98
25737	5.59
497778	5.08
500545	4.74
362720	4.36
288778	3.05
298441	3.01
83712	2.73
117030	2.57
29395	2.48
362952	2.43
84509	2.37
494445	2.21
298700	2.16
288718	2.04
117263	1.91
65165	1.82
64158	1.68
689399	1.64
363633	1.63
363241	1.60
288615	1.60
63868	1.54
80843	1.51
282845	1.32
29668	1.32
301240	1.29
245976	1.24
24383	1.23
83803	1.19
81822	1.15
300079	1.08
192255	1.03
25176	1.02
292028	1.01
81829	0.98
83474	0.97
24333	0.96
361402	0.88
361808	0.84
292804	0.80
298712	0.78
124323	0.71
114612	0.69
65144	0.67
24669	0.67
29304	0.66
65262	0.66
299809	0.64
24699	0.62
60416	0.61
24651	0.60
24422	0.55
294390	0.54
29659	0.53
293725	0.50
60460	0.49
29624	0.49
25369	0.47
64527	0.42
65136	0.42
25599	0.41
25742	0.41
29461	0.41
83504	0.39
24968	0.38
56010	0.38
309790	0.38
288480	0.38
365601	0.36
24790	0.35
24649	0.34
361784	0.33
29693	0.29
89833	0.26
24516	0.26
64665	0.25
685890	0.18
691531	0.18
81774	0.16
681429	0.13
304278	0.13
28298	0.12
302855	0.09
24786	0.09
140655	0.08
54318	0.07
25348	0.07
288597	0.07
117270	0.06
83427	0.04
81763	0.03
83503	0.03
81769	0.01
83537	0.00
304429	-0.00
24817	-0.02
304388	-0.03
29580	-0.07
84578	-0.07
89819	-0.09
81764	-0.10
116646	-0.11
317163	-0.11
29236	-0.12
191569	-0.15
64640	-0.16
140608	-0.16
171350	-0.17
29374	-0.18
24392	-0.19
24223	-0.20
114090	-0.25
100362640	-0.26
122799	-0.26
29425	-0.27
100912032	-0.27
29565	-0.28
24799	-0.29
24183	-0.31
245981	-0.32
29288	-0.33
246773	-0.34
117526	-0.36
360572	-0.38
288498	-0.38
113958	-0.40
289878	-0.41
287561	-0.42
406167	-0.45
298517	-0.46
59329	-0.46
64205	-0.48
25517	-0.48
29353	-0.50
81663	-0.51
246146	-0.52
246281	-0.54
64307	-0.55
316122	-0.56
24829	-0.59
64306	-0.61
54398	-0.61
83789	-0.64
298942	-0.65
288444	-0.66
259272	-0.68
297755	-0.69
25740	-0.69
363854	-0.71
60349	-0.72
309626	-0.76
94266	-0.77
685325	-0.78
25308	-0.80
192241	-0.81
192172	-0.81
498185	-0.83
406168	-0.86
79209	-0.87
305623	-0.88
81718	-0.89
361866	-0.95
29285	-0.98
54257	-1.06
58934	-1.20
84486	-1.25
311833	-1.32
171361	-1.53
288666	-1.82
303831	-1.90
24944	-1.96
364656	-2.07
