54318	8.84
299809	7.84
25737	7.06
363241	6.88
29425	6.80
29374	6.63
29668	5.25
298700	5.21
83712	5.07
81774	5.06
288778	4.99
65136	4.85
29304	4.83
113958	4.78
681429	4.72
494445	4.66
64306	4.50
246146	4.38
25176	4.33
83427	4.27
293725	4.25
362952	4.25
245981	4.23
124323	4.22
361808	4.16
64205	4.15
296501	4.07
117263	4.04
81769	4.02
63868	3.94
300079	3.92
29288	3.85
140655	3.68
288480	3.68
64527	3.67
171361	3.59
192255	3.58
28298	3.54
56010	3.42
288666	3.41
89819	3.39
297755	3.32
81763	3.31
100362640	3.31
25308	3.25
360572	3.23
192241	3.15
29236	3.14
304429	3.08
100912032	3.05
64158	2.88
312538	2.85
25348	2.84
81764	2.82
29285	2.81
24669	2.81
24786	2.80
691531	2.78
122799	2.77
64307	2.75
81822	2.67
361402	2.67
81829	2.67
59102	2.62
114612	2.55
83503	2.50
65262	2.46
64640	2.38
84490	2.37
24333	2.34
292028	2.27
288444	2.25
288498	2.22
500545	2.17
364656	2.14
171350	2.09
94266	2.08
83474	2.08
317163	2.05
361784	1.97
117030	1.97
362720	1.91
83789	1.88
363854	1.83
116646	1.73
65165	1.68
29395	1.66
24383	1.56
60416	1.51
689399	1.43
25599	1.42
298517	1.31
29565	1.31
298441	1.31
296178	1.28
303831	1.22
497778	1.22
140608	1.16
29580	1.11
282845	1.10
298942	1.05
117526	1.05
246773	0.88
58934	0.84
24699	0.83
24968	0.77
287561	0.74
685325	0.72
84578	0.67
24649	0.65
25742	0.60
288718	0.60
288615	0.60
24223	0.56
29461	0.54
60460	0.47
24392	0.42
24829	0.40
80843	0.36
83504	0.36
29624	0.31
289878	0.26
64665	0.14
316122	0.12
24422	0.10
25369	0.07
65144	0.05
361866	-0.01
24651	-0.04
292804	-0.05
117270	-0.07
309790	-0.14
25740	-0.14
311833	-0.16
29693	-0.17
114090	-0.19
60349	-0.19
191569	-0.22
259272	-0.34
24790	-0.38
406167	-0.40
245976	-0.43
363633	-0.44
246281	-0.53
288597	-0.56
24799	-0.56
24944	-0.58
81718	-0.61
304388	-0.63
59329	-0.63
24516	-0.65
29659	-0.66
83803	-0.68
25517	-0.73
685890	-0.74
79209	-0.76
84486	-0.78
29353	-0.80
89833	-0.80
24817	-0.86
301240	-0.94
81663	-1.02
365601	-1.03
54257	-1.05
24183	-1.16
302855	-1.16
305623	-1.16
309626	-1.19
406168	-1.26
83537	-1.30
192172	-1.39
498185	-1.42
294390	-1.61
298712	-1.72
304278	-1.74
54398	-2.66
