114612	2.91
361866	2.88
305623	2.60
292028	2.31
361402	2.27
302855	2.18
361808	2.17
83537	2.15
292804	2.12
83712	2.08
246146	1.91
65262	1.86
288666	1.76
59102	1.75
64527	1.73
361784	1.60
282845	1.56
362952	1.48
117263	1.46
83789	1.42
84486	1.39
29580	1.34
300079	1.30
24669	1.22
89833	1.21
29668	1.20
298441	1.20
83503	1.14
80843	1.14
64158	1.13
406168	1.12
54398	1.12
288498	1.08
298517	1.07
81822	1.02
298712	1.00
29374	0.99
299809	0.95
81829	0.94
29565	0.93
245981	0.91
79209	0.89
29285	0.83
29659	0.82
500545	0.82
54318	0.82
65165	0.80
293725	0.77
29236	0.75
171361	0.72
25308	0.68
84509	0.67
24183	0.65
89819	0.62
298700	0.62
296178	0.61
29425	0.57
81663	0.52
64205	0.52
311833	0.51
192241	0.48
24333	0.44
289878	0.43
29461	0.42
25369	0.41
288778	0.41
685325	0.41
94266	0.40
681429	0.39
363633	0.38
60349	0.38
288718	0.38
689399	0.30
309790	0.28
298942	0.28
83427	0.27
83803	0.25
140655	0.25
25737	0.25
100362640	0.23
363854	0.20
312538	0.19
296501	0.19
81774	0.19
288480	0.17
117526	0.16
287561	0.15
309626	0.12
24422	0.11
81769	0.09
494445	0.06
28298	0.06
364656	0.04
497778	-0.00
304429	-0.04
192172	-0.04
304278	-0.07
84490	-0.07
29353	-0.09
83474	-0.09
171350	-0.11
29304	-0.13
25599	-0.14
288615	-0.15
362720	-0.18
316122	-0.25
303831	-0.26
24383	-0.26
100912032	-0.26
117270	-0.26
25742	-0.28
29395	-0.28
192255	-0.29
81764	-0.30
113958	-0.31
64307	-0.31
25348	-0.32
59329	-0.33
24799	-0.36
64306	-0.38
24223	-0.40
259272	-0.42
288597	-0.43
191569	-0.44
24829	-0.45
363241	-0.46
24649	-0.47
56010	-0.47
140608	-0.48
365601	-0.48
24968	-0.51
245976	-0.52
65144	-0.53
114090	-0.54
25176	-0.54
24392	-0.59
29693	-0.60
691531	-0.60
294390	-0.60
64665	-0.63
64640	-0.66
60416	-0.67
25517	-0.68
297755	-0.69
81763	-0.71
360572	-0.71
24699	-0.73
24651	-0.76
83504	-0.76
498185	-0.78
304388	-0.78
29288	-0.84
24817	-0.87
54257	-0.88
246773	-0.89
24944	-0.95
117030	-1.01
58934	-1.02
25740	-1.06
24786	-1.06
24790	-1.07
81718	-1.08
406167	-1.20
65136	-1.21
122799	-1.22
301240	-1.23
124323	-1.26
288444	-1.33
29624	-1.34
685890	-1.35
60460	-1.42
63868	-1.47
116646	-1.62
317163	-1.71
246281	-2.31
24516	-2.39
