288498	4.60
54318	4.47
81769	4.19
298712	4.15
298700	3.93
64527	3.67
58934	3.65
100912032	3.62
361784	3.45
288666	3.43
84509	3.39
117263	3.36
81774	3.35
192255	3.28
361808	3.21
288480	3.20
83537	3.00
29288	3.00
406168	2.97
29374	2.97
25308	2.96
298441	2.96
304429	2.79
29304	2.78
81763	2.76
83503	2.66
365601	2.65
363241	2.62
288615	2.60
297755	2.57
29668	2.46
364656	2.32
296501	2.32
299809	2.31
124323	2.18
681429	2.18
94266	2.17
83474	2.12
25348	2.03
24786	1.98
29425	1.97
29285	1.97
24649	1.93
25737	1.91
362952	1.89
298517	1.83
65136	1.82
113958	1.78
122799	1.72
360572	1.64
28298	1.62
100362640	1.60
140608	1.59
64640	1.58
140655	1.58
64205	1.56
691531	1.54
64307	1.53
192241	1.44
116646	1.43
81764	1.43
83427	1.39
288597	1.30
363854	1.24
288444	1.22
289878	1.21
292028	1.20
288778	1.19
64306	1.17
246146	1.13
59102	1.11
24333	1.08
29236	0.99
24669	0.99
29624	0.95
300079	0.95
25176	0.92
83712	0.92
689399	0.91
171350	0.91
60460	0.89
288718	0.88
25517	0.86
117526	0.85
316122	0.73
361866	0.72
171361	0.70
245981	0.67
80843	0.65
84578	0.62
24944	0.61
81829	0.56
24829	0.55
294390	0.54
65165	0.54
64158	0.50
84486	0.50
245976	0.47
293725	0.47
81718	0.47
317163	0.46
83789	0.43
287561	0.37
301240	0.35
363633	0.34
24422	0.22
24223	0.21
497778	0.21
494445	0.16
117030	0.15
24968	0.14
500545	0.13
29659	0.11
24392	0.11
685325	0.10
282845	0.03
65144	0.01
117270	-0.03
298942	-0.04
304388	-0.05
192172	-0.06
84490	-0.09
54257	-0.10
311833	-0.11
29693	-0.11
362720	-0.12
83504	-0.12
63868	-0.17
25740	-0.17
24516	-0.18
304278	-0.18
25599	-0.19
29565	-0.21
246281	-0.23
64665	-0.24
29395	-0.25
114090	-0.27
259272	-0.29
29461	-0.35
406167	-0.42
79209	-0.42
114612	-0.42
24651	-0.43
361402	-0.47
65262	-0.53
303831	-0.55
296178	-0.58
309626	-0.59
83803	-0.60
498185	-0.61
24790	-0.62
24817	-0.62
685890	-0.64
24699	-0.65
81822	-0.71
25369	-0.78
25742	-0.78
305623	-0.85
60349	-0.85
89833	-0.86
24383	-0.86
246773	-0.90
60416	-0.92
59329	-0.94
24799	-0.95
29353	-0.96
81663	-1.07
54398	-1.13
29580	-1.21
302855	-1.36
56010	-1.39
191569	-1.50
309790	-1.59
292804	-1.62
24183	-1.96
312538	-2.06
