497778	1.79
81718	1.64
84578	1.21
24651	1.19
298441	1.14
24817	1.13
246146	1.08
311833	0.96
29374	0.89
309790	0.89
361866	0.86
59329	0.79
301240	0.79
65144	0.78
288498	0.75
406168	0.64
24829	0.61
83474	0.58
94266	0.56
362720	0.55
24383	0.50
29285	0.47
304278	0.45
689399	0.44
296178	0.43
59102	0.42
24422	0.42
24333	0.38
500545	0.37
406167	0.36
25369	0.36
681429	0.35
83503	0.34
299809	0.33
29425	0.33
312538	0.31
54318	0.27
298712	0.26
84490	0.26
361784	0.26
29580	0.24
29236	0.24
24786	0.22
246773	0.22
64158	0.22
114612	0.21
298517	0.21
54398	0.18
122799	0.16
29461	0.15
63868	0.13
114090	0.13
100362640	0.12
494445	0.12
309626	0.10
84486	0.10
191569	0.10
83504	0.09
58934	0.07
363854	0.06
117526	0.05
305623	0.05
361808	0.05
25348	0.04
83789	0.04
140655	0.03
361402	0.03
60460	0.02
171361	-0.00
25737	-0.02
24649	-0.03
288615	-0.03
29668	-0.05
364656	-0.05
365601	-0.06
685325	-0.06
292804	-0.08
259272	-0.09
29304	-0.09
100912032	-0.09
140608	-0.10
245981	-0.10
363241	-0.10
691531	-0.11
317163	-0.11
64307	-0.12
65262	-0.12
83712	-0.12
360572	-0.13
302855	-0.14
245976	-0.14
300079	-0.14
288597	-0.15
24699	-0.15
498185	-0.16
29288	-0.19
65165	-0.20
304388	-0.20
29693	-0.21
29624	-0.21
192172	-0.22
64640	-0.24
192241	-0.24
29395	-0.24
29353	-0.25
25308	-0.27
298942	-0.29
296501	-0.29
60416	-0.31
81774	-0.31
298700	-0.32
28298	-0.33
303831	-0.34
81829	-0.34
24790	-0.36
64306	-0.37
117263	-0.37
24968	-0.38
124323	-0.38
65136	-0.38
297755	-0.42
282845	-0.43
288778	-0.44
29565	-0.45
64205	-0.45
83427	-0.47
60349	-0.47
294390	-0.48
113958	-0.49
25517	-0.49
304429	-0.49
25740	-0.50
81663	-0.51
117030	-0.51
362952	-0.52
287561	-0.52
81763	-0.52
81764	-0.55
81769	-0.55
288444	-0.57
246281	-0.58
83537	-0.59
64527	-0.63
116646	-0.64
24669	-0.64
363633	-0.65
293725	-0.65
288480	-0.67
292028	-0.68
316122	-0.68
25599	-0.70
64665	-0.73
81822	-0.73
171350	-0.79
84509	-0.80
24223	-0.82
24944	-0.84
54257	-0.84
29659	-0.86
89819	-0.86
24799	-0.88
25176	-0.88
685890	-0.89
24516	-0.94
24392	-0.96
288666	-0.99
83803	-1.03
24183	-1.09
79209	-1.13
80843	-1.27
56010	-1.36
25742	-1.41
288718	-1.45
192255	-1.49
117270	-1.57
289878	-1.68
