29285	16.70
81774	16.66
25348	16.53
122799	16.31
64306	16.22
691531	16.06
360572	15.79
28298	15.75
140655	15.44
124323	15.06
65136	14.66
100912032	14.39
29288	14.16
64307	13.88
100362640	13.41
29304	13.32
81763	13.28
29236	12.55
363241	11.92
83427	11.82
245981	11.48
64640	11.13
81764	11.12
64205	10.59
297755	10.49
81769	10.30
116646	9.12
300079	8.45
171361	7.81
293725	7.37
29565	6.46
25308	5.65
681429	4.89
298700	4.87
361784	4.71
140608	4.40
171350	4.34
83789	4.06
58934	4.05
361808	4.03
192241	3.17
83503	3.02
24786	2.90
362952	2.72
64527	2.61
29374	2.55
288778	2.50
24223	2.46
89819	2.17
298517	2.10
84509	2.08
309626	2.06
364656	2.04
113958	1.81
24944	1.73
24790	1.72
114612	1.68
83474	1.56
288666	1.49
292028	1.39
299809	1.26
361402	1.26
29425	1.15
25737	1.15
59329	1.12
24383	1.05
65165	1.02
304429	0.97
25742	0.91
84486	0.89
24968	0.83
25176	0.70
363854	0.69
54318	0.67
25599	0.66
83712	0.66
117526	0.65
317163	0.65
497778	0.63
83537	0.63
59102	0.62
288597	0.58
29624	0.58
117270	0.56
89833	0.56
29668	0.52
494445	0.48
365601	0.48
309790	0.47
29395	0.44
81822	0.44
24817	0.41
84578	0.40
80843	0.37
298712	0.36
363633	0.36
114090	0.36
81718	0.34
312538	0.31
117030	0.28
60349	0.27
25369	0.25
192172	0.25
24333	0.23
361866	0.22
498185	0.20
60460	0.20
24799	0.19
24669	0.19
81663	0.14
288615	0.13
689399	0.11
302855	0.11
64665	0.06
298441	-0.00
24699	-0.01
304388	-0.01
311833	-0.03
245976	-0.05
83803	-0.06
406168	-0.07
24422	-0.11
24829	-0.11
246281	-0.12
304278	-0.13
25740	-0.14
192255	-0.14
64158	-0.16
294390	-0.16
292804	-0.19
288498	-0.22
362720	-0.23
259272	-0.23
24516	-0.24
303831	-0.26
301240	-0.28
24392	-0.28
289878	-0.30
54257	-0.33
24649	-0.34
60416	-0.36
685890	-0.38
56010	-0.40
24651	-0.43
191569	-0.46
25517	-0.49
288480	-0.50
79209	-0.54
685325	-0.55
316122	-0.59
29461	-0.64
63868	-0.69
54398	-0.72
84490	-0.77
29353	-0.78
287561	-0.81
296178	-0.81
117263	-0.85
65144	-0.86
288444	-0.86
296501	-0.89
29659	-0.92
246146	-0.92
29693	-1.05
305623	-1.10
500545	-1.12
246773	-1.22
288718	-1.24
81829	-1.28
65262	-1.40
406167	-1.42
298942	-1.47
282845	-1.50
24183	-1.63
29580	-1.74
83504	-1.97
