171692	17.75
175879	16.87
177503	16.75
175501	16.25
173260	16.20
172201	15.77
178012	15.33
172901	15.23
174371	14.54
176891	14.41
176146	13.88
177481	13.69
172074	13.37
174443	13.21
171750	13.06
174379	12.17
176718	11.82
176071	11.68
173873	11.34
179739	11.16
173235	10.66
177583	10.41
180535	8.73
178279	8.55
172743	8.42
178778	7.13
179153	6.28
174367	4.98
174330	4.79
176268	4.77
178943	4.62
175716	4.10
180028	3.96
179779	3.80
174346	3.56
174333	3.55
179936	3.45
178507	3.44
174318	3.27
178089	3.20
176437	3.20
177342	3.16
176503	3.13
173744	3.04
172942	3.03
179999	2.91
179671	2.72
172044	2.68
174351	2.64
175819	2.63
178415	2.61
176373	2.59
176196	2.51
173334	2.49
179941	2.47
177753	2.45
174478	2.36
175703	2.26
172860	2.22
174571	2.13
176161	2.04
174421	2.04
181044	1.95
175877	1.92
171809	1.87
173858	1.86
179534	1.76
178536	1.67
172802	1.63
174141	1.63
172467	1.57
171917	1.51
178987	1.47
171975	1.45
176118	1.31
176137	1.25
174705	1.21
172858	1.20
176359	1.17
180359	1.16
177521	1.14
174603	1.11
172959	1.09
186326	1.08
186325	1.06
178988	1.04
175993	0.99
181036	0.93
177161	0.90
181269	0.86
176748	0.86
178074	0.85
172801	0.83
179502	0.81
174423	0.78
178049	0.74
175972	0.71
177364	0.70
172243	0.67
188792	0.66
191670	0.65
172329	0.64
176083	0.60
180073	0.55
176385	0.54
24104262	0.53
178577	0.50
178280	0.50
175419	0.45
172893	0.44
180942	0.39
178933	0.37
180767	0.35
180671	0.33
178866	0.32
175813	0.31
3565921	0.27
181250	0.26
180357	0.25
177873	0.25
180072	0.24
191648	0.23
177724	0.20
172732	0.19
179533	0.19
174669	0.12
176439	0.12
175316	0.12
186085	0.06
174458	-0.01
175006	-0.02
179267	-0.03
181705	-0.05
180833	-0.05
266837	-0.06
179899	-0.11
176301	-0.11
191677	-0.12
175096	-0.14
174203	-0.16
174659	-0.16
175976	-0.20
176380	-0.21
177190	-0.27
178066	-0.28
172250	-0.30
177985	-0.36
175549	-0.41
191667	-0.43
178024	-0.45
179472	-0.45
175525	-0.47
172468	-0.50
180040	-0.50
175462	-0.55
181588	-0.58
191680	-0.59
172249	-0.60
176358	-0.64
174841	-0.64
174676	-0.67
178121	-0.71
266859	-0.84
175492	-0.84
181491	-0.90
176807	-0.91
172268	-1.08
173078	-1.08
172251	-1.09
177658	-1.12
172981	-1.20
266861	-1.22
176287	-1.28
175493	-1.33
175546	-1.52
176509	-1.54
266830	-1.66
180522	-1.69
