171602	17.75
178012	17.28
172201	17.24
175879	17.18
176891	16.84
179739	15.99
176146	15.39
172901	14.51
174379	14.39
174443	13.96
174371	13.77
173260	13.74
176071	13.70
173235	13.43
177503	13.25
175501	12.97
177481	12.91
176718	12.36
171750	11.77
172074	10.97
173873	10.65
177583	10.21
178279	9.07
180535	7.76
179153	7.69
178778	7.65
172743	6.02
176268	4.88
179936	4.16
179671	3.92
174367	3.86
175716	3.75
178943	3.59
174318	3.43
178507	3.43
179779	3.32
174330	3.31
176161	3.25
179999	3.19
172860	3.12
174346	2.98
180028	2.98
176373	2.81
174421	2.66
173744	2.66
176503	2.50
177342	2.41
178415	2.40
176359	2.38
178536	2.35
173334	2.34
175703	2.28
172802	2.13
174141	2.09
172942	2.08
178089	2.05
174351	1.98
171809	1.84
174603	1.82
177521	1.77
176437	1.73
175819	1.72
173858	1.70
179941	1.68
172959	1.61
179534	1.58
171917	1.55
175877	1.49
179533	1.48
186326	1.47
176196	1.44
178988	1.43
177753	1.41
175006	1.39
174333	1.37
186325	1.37
178074	1.35
172858	1.31
178866	1.25
180073	1.22
176748	1.19
188792	1.18
171975	1.18
172044	1.16
181036	1.02
176083	1.02
178049	0.96
174571	0.96
178066	0.85
172467	0.85
176385	0.81
172801	0.78
174478	0.74
179502	0.70
181044	0.69
3565921	0.68
180767	0.68
179899	0.66
177364	0.64
175813	0.64
176118	0.58
175419	0.54
191670	0.51
175316	0.46
176439	0.45
176137	0.39
181269	0.38
191648	0.37
175972	0.36
177161	0.35
178280	0.33
179267	0.31
180072	0.31
172329	0.30
180359	0.22
174423	0.20
180357	0.20
174659	0.19
177873	0.16
172243	0.14
176380	0.14
180671	0.13
191677	0.13
178987	0.11
175096	0.09
181250	0.05
175976	0.05
174705	-0.00
178577	-0.01
172893	-0.03
176358	-0.08
174458	-0.10
177658	-0.13
172249	-0.14
174669	-0.17
24104262	-0.19
191680	-0.19
191667	-0.22
180040	-0.22
181705	-0.25
175993	-0.26
172268	-0.27
172468	-0.29
186085	-0.31
175462	-0.33
176807	-0.36
175492	-0.37
172250	-0.38
177985	-0.45
266837	-0.47
175549	-0.49
178933	-0.56
177724	-0.59
176301	-0.67
172251	-0.67
178024	-0.68
179472	-0.74
174676	-0.75
180942	-0.82
266861	-0.84
174841	-0.88
174203	-0.88
176287	-0.91
181491	-0.93
266830	-0.93
180522	-1.00
172732	-1.00
181588	-1.07
266859	-1.11
177190	-1.12
172981	-1.16
180833	-1.33
173078	-1.34
178121	-1.39
175546	-1.45
175493	-1.54
176509	-1.72
175525	-1.76
