173873	17.80
174443	15.77
177503	14.06
176718	13.13
171602	13.06
175879	12.69
172201	12.07
174379	11.86
171692	11.77
172901	11.69
176891	11.56
176146	11.42
173235	11.41
179739	10.80
178012	10.80
177481	10.21
175501	10.16
179153	10.09
173260	9.90
176071	9.47
177583	8.99
174371	8.87
178279	8.40
172074	8.19
180535	7.56
178778	7.35
172743	6.44
176373	4.97
180028	4.78
179936	4.60
174367	3.86
174478	3.57
174330	3.46
173858	3.29
179779	3.26
172942	3.10
171975	2.93
176268	2.84
175716	2.65
174571	2.49
178089	2.46
179999	2.36
176503	2.33
178415	2.21
179671	2.08
174318	2.03
174346	1.91
179941	1.88
177342	1.82
174333	1.75
175976	1.74
178507	1.67
176161	1.54
172860	1.50
177521	1.41
174351	1.37
172467	1.36
174421	1.34
180073	1.32
174141	1.27
173334	1.25
171917	1.23
175703	1.23
172044	1.19
188792	1.17
175819	1.14
176196	1.09
174603	1.04
175877	1.04
186326	1.03
191667	0.95
178988	0.92
176437	0.87
186325	0.84
176118	0.83
172802	0.80
178066	0.79
191680	0.78
172801	0.73
179534	0.72
176380	0.69
176359	0.68
175316	0.66
191670	0.60
178074	0.58
178049	0.58
172858	0.57
178943	0.55
24104262	0.54
177753	0.54
172732	0.52
173744	0.51
186085	0.49
191677	0.48
179472	0.41
191648	0.34
179267	0.28
179502	0.26
174705	0.22
181044	0.19
172243	0.16
176385	0.16
181269	0.16
172959	0.14
179899	0.11
181250	0.10
172329	0.08
176748	0.07
175993	0.05
175525	0.02
176137	0.02
180072	0.02
171809	0.01
174669	-0.03
178536	-0.09
178866	-0.09
181491	-0.10
177161	-0.11
176083	-0.12
178933	-0.12
175972	-0.13
181036	-0.15
177190	-0.15
181588	-0.20
175006	-0.25
3565921	-0.25
180671	-0.28
177658	-0.29
175096	-0.29
180357	-0.33
175813	-0.33
266861	-0.34
178024	-0.35
177873	-0.38
172468	-0.39
178577	-0.40
176301	-0.41
178280	-0.42
174841	-0.43
172250	-0.45
172251	-0.51
176439	-0.52
180942	-0.53
174203	-0.54
175493	-0.59
176358	-0.63
172268	-0.63
177364	-0.64
174423	-0.65
175419	-0.71
266859	-0.81
175546	-0.85
172893	-0.86
175492	-0.87
175462	-0.88
172249	-0.89
176807	-0.92
175549	-0.93
180522	-0.98
177724	-1.00
180359	-1.01
179533	-1.06
174659	-1.06
178987	-1.12
180767	-1.17
180040	-1.25
181705	-1.29
172981	-1.31
266837	-1.31
180833	-1.31
173078	-1.32
176509	-1.45
177985	-1.72
174676	-1.73
174458	-1.83
266830	-1.86
176287	-1.88
178121	-1.90
