172959	14.15
174346	8.56
178536	8.16
172044	8.10
176268	6.08
175819	5.33
174421	5.32
174571	5.29
174318	4.81
178415	4.79
174333	4.26
173744	4.08
178089	4.00
177583	3.91
173334	3.85
176748	3.85
174351	3.75
174330	3.66
179999	3.63
178988	3.59
179936	3.58
172743	3.47
172858	3.20
172074	3.15
179779	3.15
174371	2.96
175879	2.95
175316	2.95
178012	2.84
177481	2.79
178507	2.79
174478	2.78
175501	2.74
175703	2.64
176071	2.64
174841	2.64
177190	2.52
177161	2.48
175716	2.44
173260	2.34
180522	2.31
172802	2.28
174603	2.26
179941	2.17
179671	2.17
176503	2.16
3565921	2.14
176891	2.11
177342	2.08
175549	2.07
179739	2.03
178943	2.03
176301	1.95
176118	1.95
176358	1.94
174423	1.89
176146	1.88
171602	1.87
175972	1.86
171692	1.84
176196	1.82
175877	1.81
172942	1.78
179534	1.76
172901	1.73
172201	1.72
171975	1.69
174367	1.69
177753	1.69
175006	1.61
178279	1.60
175096	1.55
176437	1.51
176385	1.49
178778	1.47
174458	1.46
174659	1.36
177503	1.33
172468	1.31
174379	1.27
173235	1.23
176161	1.22
176718	1.22
173858	1.18
171917	1.16
181044	1.13
174141	1.13
178866	1.13
172329	1.10
180359	1.08
266830	1.06
177658	0.95
178049	0.91
180028	0.90
174676	0.90
175419	0.83
180040	0.81
174203	0.78
181036	0.76
186325	0.74
178577	0.74
172860	0.69
176373	0.61
174669	0.59
178066	0.56
175525	0.55
175993	0.51
174443	0.51
179899	0.46
178121	0.44
24104262	0.44
191670	0.43
191677	0.42
180671	0.41
179533	0.40
173873	0.40
176359	0.38
176439	0.36
186326	0.28
181491	0.27
266861	0.26
172801	0.24
174705	0.21
172251	0.20
177724	0.19
181705	0.18
266859	0.18
176807	0.17
180073	0.12
180535	0.11
178933	0.10
172732	0.03
180942	0.02
172250	0.02
172249	0.01
171750	0.01
186085	-0.01
177521	-0.02
172268	-0.02
179267	-0.03
266837	-0.04
179472	-0.06
181250	-0.08
176509	-0.09
175462	-0.18
180767	-0.18
175976	-0.20
172467	-0.21
188792	-0.22
180072	-0.24
176287	-0.27
175813	-0.29
180357	-0.33
172981	-0.33
178074	-0.37
176137	-0.37
178987	-0.38
181269	-0.41
191648	-0.45
176083	-0.54
177364	-0.59
175493	-0.60
175492	-0.61
177873	-0.63
172893	-0.83
178280	-0.84
191667	-0.86
178024	-0.91
181588	-0.98
179502	-0.99
179153	-1.06
180833	-1.18
176380	-1.19
173078	-1.25
191680	-1.32
172243	-1.44
175546	-1.96
177985	-2.18
