172942	17.44
173858	15.14
174571	12.33
176161	11.73
178943	11.05
178988	10.88
179941	10.12
173334	9.65
173744	8.60
177753	8.55
176196	6.36
175877	5.71
175972	5.58
179779	5.12
174141	4.96
179671	4.24
180028	3.85
177342	3.71
176118	3.61
174318	3.58
174478	3.55
178778	3.50
175819	3.33
178089	3.27
176503	3.26
174421	3.22
178536	3.15
179936	3.05
171750	2.93
175006	2.87
175703	2.83
176373	2.81
175976	2.68
176748	2.66
179534	2.66
174330	2.58
177658	2.51
174443	2.50
174603	2.44
173873	2.41
172044	2.26
178415	2.17
172329	2.16
172858	2.09
172959	2.05
266861	2.03
177161	1.94
178507	1.86
191680	1.83
171917	1.76
172901	1.73
174333	1.72
171809	1.69
174423	1.62
176718	1.59
176385	1.59
177583	1.58
174351	1.55
177190	1.54
175316	1.53
174669	1.45
171602	1.45
175525	1.39
175549	1.38
191677	1.34
177503	1.33
177521	1.20
171692	1.18
172802	1.14
172250	1.14
174841	1.10
175716	1.09
174346	1.08
173260	1.08
179999	1.01
176268	0.92
175096	0.92
177481	0.91
180073	0.91
178066	0.91
175501	0.90
174371	0.89
186085	0.86
179739	0.86
179472	0.83
172860	0.81
188792	0.81
175879	0.79
176146	0.78
172201	0.78
176891	0.73
175419	0.73
178012	0.72
172467	0.70
176807	0.67
172074	0.64
191667	0.64
175993	0.63
173235	0.57
186325	0.56
176301	0.55
172801	0.54
172743	0.51
172468	0.46
174379	0.45
174203	0.42
179153	0.40
178933	0.36
3565921	0.35
176071	0.35
186326	0.29
181036	0.26
178049	0.26
179502	0.22
179899	0.22
181588	0.22
180671	0.16
178866	0.14
266830	0.14
176439	0.13
176437	0.10
180072	0.10
191670	0.09
181491	0.09
175493	-0.04
266859	-0.04
178279	-0.05
176137	-0.05
175546	-0.11
180522	-0.20
172268	-0.20
178024	-0.22
178987	-0.25
176359	-0.30
177724	-0.32
180040	-0.33
176358	-0.36
178577	-0.37
174458	-0.44
174659	-0.48
173078	-0.61
180535	-0.64
175492	-0.64
174676	-0.64
179267	-0.65
172249	-0.65
174705	-0.68
191648	-0.69
180359	-0.70
174367	-0.84
177873	-0.86
175813	-0.88
176083	-0.91
176509	-0.95
181269	-0.96
178280	-0.98
24104262	-1.01
180942	-1.04
180833	-1.09
181705	-1.12
172243	-1.18
179533	-1.18
172251	-1.19
172732	-1.25
266837	-1.28
176380	-1.32
181250	-1.41
176287	-1.67
180357	-1.68
177985	-1.68
178074	-1.71
178121	-1.80
172981	-1.89
181044	-1.97
177364	-2.00
180767	-2.02
175462	-2.25
172893	-2.25
