177161	11.89
176385	9.68
172802	9.13
172329	8.31
174659	7.79
176301	7.25
174841	7.14
172268	6.81
266859	6.66
176439	6.65
180040	6.48
176358	6.43
172801	6.18
175813	6.03
177873	5.66
172468	5.51
178988	5.37
176503	5.35
176748	5.20
3565921	5.14
179502	5.07
176359	4.75
175525	4.64
178280	4.62
266830	4.38
175006	4.35
173744	4.30
174458	4.12
179671	3.87
178536	3.81
172201	3.77
175976	3.76
179999	3.73
174676	3.70
178866	3.56
177658	3.38
174333	3.35
177753	3.19
176161	3.09
172860	2.85
175879	2.75
174371	2.74
180535	2.63
179941	2.55
176268	2.54
173334	2.42
176891	2.37
179534	2.36
176196	2.34
175096	2.32
177481	2.32
175877	2.29
178012	2.28
173235	2.26
179739	2.26
174669	2.14
175972	2.13
173858	2.06
186326	2.06
178415	2.00
172074	1.98
177521	1.98
176373	1.96
175549	1.95
172467	1.93
176146	1.92
177583	1.87
180073	1.86
172942	1.85
176071	1.85
172249	1.85
178778	1.83
172251	1.76
171975	1.76
173260	1.75
266861	1.72
186325	1.70
174379	1.62
172250	1.58
171692	1.55
180522	1.54
174346	1.52
171602	1.51
176718	1.51
178943	1.51
177342	1.40
174603	1.40
172901	1.38
180072	1.32
181250	1.32
174443	1.29
175501	1.25
171750	1.23
178089	1.22
178279	1.21
177503	1.19
178507	1.18
179267	1.16
171809	1.16
174141	1.15
174318	1.14
174367	1.14
174203	1.09
176287	1.07
175493	0.97
178049	0.95
181044	0.95
178074	0.94
191667	0.87
174571	0.83
172743	0.79
179533	0.78
179779	0.73
172959	0.67
191680	0.66
176083	0.65
178066	0.65
174330	0.63
175703	0.63
176437	0.56
179899	0.53
181036	0.49
173873	0.45
177190	0.35
174421	0.34
175819	0.33
191677	0.32
175716	0.24
175419	0.20
181705	0.13
191648	0.08
191670	0.05
188792	0.01
176807	-0.02
180028	-0.06
178933	-0.11
174705	-0.14
179472	-0.15
177364	-0.18
176509	-0.23
180357	-0.27
175546	-0.27
174423	-0.30
175492	-0.37
172858	-0.41
172044	-0.41
176380	-0.42
175316	-0.44
178024	-0.50
176137	-0.52
174351	-0.52
175462	-0.58
179153	-0.59
178121	-0.70
181588	-0.74
176118	-0.76
181491	-0.78
266837	-0.79
24104262	-0.81
178987	-0.82
181269	-0.96
178577	-1.01
174478	-1.01
186085	-1.06
172732	-1.09
180942	-1.10
172243	-1.15
179936	-1.15
180767	-1.15
180671	-1.23
180833	-1.30
177724	-1.34
172981	-1.41
173078	-1.47
172893	-1.51
180359	-1.72
175993	-2.25
177985	-2.27
