174371	19.66
177481	18.97
173260	17.34
178012	15.54
176071	14.27
176891	13.83
177583	13.60
175879	13.40
171602	13.37
175501	13.20
172201	12.46
176146	11.97
172743	11.56
171692	10.97
173235	10.50
179739	10.32
177503	10.32
172901	10.22
174379	10.07
174443	8.70
176718	8.20
171750	8.19
173873	7.39
180535	7.06
178279	6.38
178507	6.10
174367	5.75
175716	5.72
174330	4.91
174421	4.82
179999	4.73
178778	4.64
176268	4.42
176437	4.40
181044	4.36
178415	4.36
179153	3.83
178943	3.79
179534	3.69
173744	3.67
174318	3.50
178866	3.25
175877	3.21
178536	3.15
171809	3.15
177190	3.01
174351	2.83
177753	2.78
175819	2.70
173334	2.54
174333	2.48
179779	2.29
175316	2.29
180359	2.28
172860	2.25
180028	2.19
175703	2.19
177161	2.18
177342	2.12
174346	2.09
176196	2.00
171917	1.98
175419	1.98
172942	1.96
176373	1.93
172959	1.92
174478	1.91
178089	1.89
175972	1.86
266837	1.84
174841	1.76
179941	1.76
186325	1.72
180767	1.71
172329	1.68
176301	1.66
174141	1.63
186326	1.61
176161	1.52
174659	1.51
179936	1.50
174423	1.44
172802	1.42
177364	1.39
178280	1.38
181036	1.37
180942	1.31
177521	1.31
176083	1.27
179671	1.25
173858	1.21
3565921	1.19
178988	1.16
174603	1.16
180357	1.06
174705	1.05
178987	1.04
176748	1.03
180040	1.02
174571	1.02
180073	0.97
172044	0.96
178049	0.90
176503	0.88
176385	0.85
178577	0.82
178933	0.78
176118	0.71
178074	0.71
172893	0.70
181269	0.68
176380	0.68
171975	0.64
175993	0.64
174203	0.60
191648	0.59
181250	0.55
191670	0.55
172858	0.53
180072	0.51
176137	0.49
175462	0.47
174458	0.41
186085	0.39
175006	0.38
174669	0.37
177724	0.34
176358	0.32
175525	0.30
181491	0.29
174676	0.27
178121	0.24
179502	0.24
175549	0.18
176509	0.16
179533	0.15
172243	0.03
175976	0.01
24104262	0.01
172467	-0.02
179267	-0.03
181588	-0.06
172801	-0.08
179472	-0.11
172981	-0.17
179899	-0.20
176359	-0.21
176439	-0.24
177873	-0.25
180671	-0.25
175813	-0.36
172468	-0.36
177985	-0.37
191677	-0.40
175096	-0.40
180522	-0.41
172251	-0.46
172732	-0.46
175492	-0.49
178066	-0.50
180833	-0.53
188792	-0.55
181705	-0.67
172268	-0.69
172249	-0.70
172250	-0.71
178024	-0.76
266830	-0.78
177658	-0.87
191667	-1.00
266861	-1.07
175546	-1.21
266859	-1.23
191680	-1.30
175493	-1.32
173078	-1.34
176807	-1.64
176287	-1.74
