172959	9.63
171809	8.10
174351	7.61
174346	7.14
172858	7.05
174571	6.48
176268	6.32
179779	6.09
178089	5.70
178536	5.08
174333	5.03
175819	4.98
174478	4.80
175703	4.75
179936	4.23
174318	4.22
179941	4.17
176118	4.14
173334	4.02
174330	3.98
179999	3.91
174421	3.87
172901	3.57
177753	3.47
176503	3.34
175316	3.32
177342	3.27
178943	3.10
176161	3.02
180028	2.91
172329	2.91
176748	2.85
176718	2.78
171602	2.68
175501	2.67
174379	2.59
175972	2.48
176196	2.46
177481	2.46
176358	2.44
177503	2.40
176146	2.37
172743	2.35
178279	2.34
175549	2.32
173858	2.27
171975	2.26
172942	2.26
178415	2.25
172802	2.19
178988	2.19
266859	2.13
179739	2.08
172201	2.08
175879	2.04
174841	2.03
176385	2.01
173260	2.00
177583	1.99
176071	1.98
174371	1.98
176891	1.95
178012	1.94
178507	1.89
173873	1.89
176301	1.75
179534	1.75
178778	1.64
179671	1.61
174603	1.56
175877	1.55
175525	1.52
177161	1.49
174367	1.47
174141	1.46
175976	1.45
176373	1.41
173235	1.34
176439	1.31
174443	1.21
175716	1.20
171750	1.19
171692	1.16
180522	1.11
266861	1.10
173744	1.09
178066	1.04
172467	1.01
191677	1.01
176437	0.97
177658	0.96
172074	0.96
174659	0.87
172732	0.86
175006	0.86
177190	0.77
172860	0.77
172268	0.75
178280	0.74
172468	0.73
181044	0.71
175813	0.66
179153	0.61
176137	0.54
174458	0.50
188792	0.49
186326	0.49
179502	0.49
176359	0.46
180671	0.46
24104262	0.46
266830	0.44
186085	0.43
181036	0.43
174203	0.42
191670	0.39
175419	0.28
176287	0.24
180535	0.24
177521	0.18
181588	0.15
177873	0.12
186325	0.08
172801	0.03
175993	0.03
178121	0.02
172251	-0.01
174705	-0.02
180040	-0.03
3565921	-0.05
181705	-0.06
178049	-0.08
179267	-0.09
178933	-0.12
172250	-0.12
178024	-0.13
174676	-0.23
172249	-0.24
179533	-0.25
180833	-0.27
181250	-0.28
179899	-0.28
178987	-0.32
181269	-0.33
175096	-0.38
171917	-0.41
177724	-0.41
180073	-0.42
173078	-0.43
179472	-0.44
191680	-0.45
174423	-0.50
176807	-0.50
180767	-0.51
172243	-0.52
180357	-0.56
180359	-0.57
180072	-0.64
174669	-0.64
191667	-0.70
176083	-0.70
177985	-0.73
180942	-0.79
181491	-0.84
191648	-0.85
176509	-0.89
178866	-0.91
178577	-0.96
175462	-1.00
178074	-1.02
175493	-1.07
175546	-1.24
175492	-1.34
266837	-1.35
176380	-1.36
172981	-1.38
172893	-1.60
177364	-1.63
