180040	4.16
266859	3.48
174659	3.34
172802	3.17
176287	3.06
266830	3.00
175813	2.89
175525	2.58
172268	2.52
176439	2.28
177161	2.18
176358	2.05
172249	2.01
174676	1.98
177658	1.85
172801	1.84
174841	1.82
174333	1.81
179534	1.80
171917	1.76
172468	1.76
188792	1.69
186325	1.67
176301	1.64
174458	1.64
176359	1.64
176196	1.55
174318	1.51
191677	1.50
178933	1.45
179502	1.41
172860	1.37
176503	1.36
178280	1.33
172467	1.29
174330	1.28
175877	1.26
179671	1.25
175972	1.23
180522	1.21
266837	1.19
191670	1.17
176385	1.16
186326	1.15
178024	1.13
172959	1.10
177753	1.10
177190	1.06
176509	1.05
172732	1.04
178074	1.01
181705	1.00
191667	0.98
178987	0.92
178049	0.88
174203	0.88
179267	0.85
174669	0.84
175006	0.84
180073	0.84
177873	0.83
175549	0.82
175976	0.81
178066	0.81
175462	0.79
174603	0.77
175493	0.72
174346	0.68
175819	0.62
180072	0.62
176373	0.58
172743	0.57
177521	0.57
172329	0.57
174351	0.55
178507	0.53
177342	0.51
191680	0.51
172250	0.48
179779	0.46
173858	0.38
180357	0.34
173744	0.33
174421	0.32
181036	0.29
181491	0.27
174705	0.26
178866	0.22
171809	0.20
179533	0.20
172981	0.17
181250	0.14
175419	0.11
173334	0.09
173078	0.09
180942	0.08
177364	0.04
175716	0.03
172942	0.02
180359	0.02
177724	0.01
172044	-0.01
178988	-0.04
180767	-0.07
176268	-0.10
178778	-0.12
176437	-0.14
176807	-0.14
175492	-0.16
172201	-0.18
179153	-0.18
177481	-0.19
178279	-0.19
172901	-0.20
176161	-0.20
175993	-0.24
174478	-0.26
172243	-0.29
174571	-0.31
176083	-0.31
176380	-0.33
181044	-0.34
175879	-0.39
176718	-0.41
175096	-0.43
174141	-0.43
180535	-0.43
266861	-0.44
177985	-0.45
172074	-0.46
175316	-0.46
176118	-0.49
180028	-0.50
181588	-0.51
171750	-0.51
172858	-0.51
179739	-0.52
180671	-0.53
175546	-0.54
178121	-0.55
175501	-0.55
181269	-0.56
176891	-0.57
179941	-0.59
178536	-0.59
3565921	-0.60
176137	-0.62
174367	-0.63
175703	-0.66
178943	-0.66
177503	-0.66
171692	-0.67
174371	-0.71
179899	-0.77
24104262	-0.80
177583	-0.85
176748	-0.86
174379	-0.89
179999	-0.90
176146	-0.90
174423	-0.91
178577	-0.91
186085	-0.96
173260	-0.97
172893	-0.97
176071	-0.99
174443	-1.00
179472	-1.08
171602	-1.09
179936	-1.09
178012	-1.13
191648	-1.16
171975	-1.19
180833	-1.19
178089	-1.21
173873	-1.23
178415	-1.38
173235	-1.45
