177873	4.62
176373	4.45
178866	4.07
178778	3.88
174669	3.80
179502	3.63
175813	3.16
174603	3.15
266830	3.03
172468	2.43
176385	2.37
175096	2.25
186085	2.03
175006	1.95
175549	1.91
178988	1.90
3565921	1.76
177342	1.66
172249	1.64
171917	1.58
176358	1.40
179533	1.40
174841	1.37
179534	1.36
175877	1.33
175703	1.31
178536	1.30
178049	1.26
176083	1.24
177985	1.24
174458	1.23
191670	1.21
178943	1.20
172858	1.18
174203	1.17
172942	1.16
172268	1.16
171975	1.14
188792	1.13
178415	1.11
173744	1.11
172467	1.07
175976	1.06
176161	1.05
173858	0.97
172329	0.87
174423	0.86
174330	0.83
176196	0.82
174676	0.81
172860	0.77
178089	0.73
175879	0.72
179999	0.71
175972	0.68
176439	0.68
173334	0.66
266859	0.63
176287	0.62
266861	0.62
174571	0.57
172251	0.48
177753	0.46
178507	0.45
179899	0.45
176437	0.39
176807	0.39
175492	0.38
178280	0.34
178074	0.30
186325	0.29
176359	0.29
177658	0.27
179267	0.25
176118	0.23
179472	0.21
174141	0.21
176748	0.19
174705	0.15
174351	0.14
178066	0.11
186326	0.09
191680	0.07
176509	0.05
177521	0.04
175993	0.03
174318	0.02
181250	0.02
171809	0.02
178933	0.01
176380	0.01
173235	-0.01
176268	-0.03
176137	-0.03
172801	-0.03
179941	-0.03
172743	-0.03
177724	-0.06
178279	-0.06
176503	-0.08
175819	-0.08
175501	-0.10
172959	-0.11
172044	-0.12
174333	-0.14
175316	-0.15
176301	-0.15
172901	-0.15
180767	-0.21
177190	-0.22
177161	-0.26
174421	-0.26
178121	-0.27
174371	-0.27
177583	-0.28
171602	-0.30
191677	-0.34
180072	-0.37
180359	-0.37
172802	-0.38
171692	-0.38
180028	-0.43
172243	-0.43
174659	-0.45
171750	-0.45
176891	-0.46
178987	-0.46
173260	-0.46
173873	-0.48
178024	-0.49
177364	-0.50
179779	-0.51
24104262	-0.52
172981	-0.53
180833	-0.55
178577	-0.56
181269	-0.56
176146	-0.57
172201	-0.58
180357	-0.63
178012	-0.63
175716	-0.64
191667	-0.69
172074	-0.71
174443	-0.71
180040	-0.73
173078	-0.75
179936	-0.76
175419	-0.76
176071	-0.79
175462	-0.79
172893	-0.80
181588	-0.84
174478	-0.84
181705	-0.85
179739	-0.86
177503	-0.87
180073	-0.92
179671	-0.92
179153	-0.93
174379	-0.97
175493	-0.97
176718	-1.07
191648	-1.07
177481	-1.10
174346	-1.17
266837	-1.18
175525	-1.33
180942	-1.38
180671	-1.40
181036	-1.57
172732	-1.60
181491	-1.62
175546	-1.63
181044	-1.85
180522	-2.19
180535	-2.29
174367	-2.59
