266859	14.15
175813	10.96
176359	10.60
176358	9.76
178280	8.28
175976	8.25
180040	8.19
177658	8.16
175006	8.12
172468	8.07
174659	7.81
176439	7.80
177873	7.77
177161	7.77
171917	6.81
266830	6.81
175525	6.72
176385	6.62
172801	6.58
3565921	5.86
172802	5.55
179502	5.33
176287	5.27
174841	4.77
176301	4.75
172329	4.58
266861	4.16
172467	3.71
174458	3.50
176748	3.50
178866	3.38
176503	3.37
174333	2.80
172251	2.52
178536	2.44
174669	2.34
175096	2.24
172249	2.18
179999	2.17
174676	2.03
177753	1.81
178074	1.80
174603	1.63
176373	1.56
178988	1.48
178778	1.41
186325	1.40
176118	1.39
178066	1.34
177342	1.21
176196	1.17
172250	1.16
172860	1.12
174203	1.10
173858	1.03
176083	0.95
178049	0.93
181036	0.88
174346	0.87
175972	0.86
176161	0.85
186326	0.84
172044	0.75
191677	0.75
173744	0.74
175877	0.72
177521	0.71
179671	0.70
179779	0.69
175549	0.65
174705	0.60
176268	0.55
178121	0.48
191680	0.39
181250	0.33
179534	0.31
172959	0.31
180028	0.28
172201	0.28
179267	0.23
180073	0.22
179899	0.21
178089	0.19
180072	0.19
172901	0.18
177724	0.18
191670	0.17
177364	0.16
174571	0.13
178943	0.10
173334	0.08
179941	0.06
174141	0.03
174351	-0.00
174318	-0.01
172942	-0.01
175316	-0.02
171809	-0.02
178024	-0.06
175493	-0.06
175462	-0.07
179533	-0.12
191667	-0.14
24104262	-0.14
178987	-0.15
174367	-0.19
171975	-0.20
180357	-0.23
172243	-0.25
171692	-0.27
175546	-0.27
174421	-0.29
180522	-0.32
186085	-0.32
179936	-0.34
178415	-0.36
175819	-0.41
174330	-0.42
175879	-0.44
178577	-0.47
180535	-0.48
175703	-0.50
176071	-0.52
181588	-0.54
175419	-0.58
176718	-0.59
171750	-0.63
172074	-0.69
177503	-0.70
178279	-0.71
178933	-0.72
188792	-0.73
176891	-0.74
175501	-0.74
191648	-0.75
174379	-0.76
180767	-0.76
178012	-0.76
174443	-0.76
181269	-0.77
179739	-0.78
176807	-0.89
179153	-0.89
174478	-0.89
176146	-0.89
176137	-0.90
177190	-0.90
174423	-0.92
176509	-0.93
172732	-0.93
174371	-0.94
180942	-0.96
181705	-0.99
175716	-1.00
181044	-1.02
172858	-1.03
171602	-1.08
177583	-1.11
266837	-1.12
173235	-1.13
176437	-1.15
180671	-1.16
176380	-1.17
173260	-1.18
178507	-1.19
179472	-1.23
177481	-1.25
172981	-1.31
180359	-1.44
175492	-1.53
173078	-1.53
180833	-1.72
173873	-1.73
175993	-1.90
177985	-2.02
172893	-2.16
181491	-2.61
172743	-2.69
