178012	18.08
176891	17.81
171692	17.24
172901	16.51
175879	16.31
171602	15.77
173260	15.45
176146	15.12
179739	14.87
174379	14.48
174371	14.43
177481	14.09
174443	13.92
176071	13.72
177503	13.28
173235	13.26
176718	13.12
172074	12.46
175501	12.44
171750	12.07
177583	10.79
173873	10.55
180535	9.53
172743	9.08
178279	7.81
178778	7.69
179153	6.22
176268	5.62
174367	4.95
174330	4.57
174318	3.93
174421	3.91
179671	3.86
171917	3.77
174346	3.71
174351	3.68
178943	3.55
179936	3.55
178507	3.49
172802	3.48
176373	3.47
179779	3.36
176503	3.34
173334	3.32
174333	3.21
175703	3.15
180028	3.05
172860	3.00
179999	2.97
178089	2.89
177342	2.87
174141	2.86
177753	2.82
175877	2.75
173744	2.74
176196	2.69
176161	2.58
178415	2.51
175972	2.44
175716	2.37
176359	2.37
178536	2.34
177521	2.28
176385	2.18
172942	2.14
181036	2.09
172044	2.08
175819	2.03
176748	2.00
186325	1.96
172959	1.95
179941	1.89
178988	1.87
186326	1.85
176437	1.79
171809	1.72
175419	1.72
172858	1.71
174603	1.67
179534	1.65
180073	1.62
177161	1.56
181044	1.55
173858	1.52
177364	1.39
176083	1.35
174478	1.27
172329	1.26
178866	1.23
176358	1.11
172467	1.04
188792	1.00
172801	0.97
176380	0.95
178066	0.79
171975	0.78
174571	0.74
174659	0.72
177873	0.68
178280	0.67
191677	0.67
175813	0.63
179899	0.60
191667	0.59
172468	0.58
176301	0.57
175316	0.55
180357	0.52
180072	0.51
180359	0.51
175549	0.49
176118	0.47
174423	0.46
176439	0.46
174458	0.44
175006	0.44
179502	0.42
191680	0.42
175525	0.39
178987	0.38
174705	0.34
181269	0.33
178933	0.31
172268	0.28
186085	0.26
176137	0.25
174203	0.24
3565921	0.23
175976	0.19
181250	0.17
178049	0.15
180671	0.14
191648	0.08
180767	0.05
191670	0.05
174669	0.04
179267	0.03
178074	0.02
179533	0.02
172249	-0.12
266859	-0.13
178024	-0.16
24104262	-0.18
172251	-0.18
175096	-0.24
180040	-0.25
172732	-0.25
172893	-0.26
177724	-0.29
175492	-0.30
181588	-0.35
266861	-0.35
177985	-0.37
174841	-0.39
179472	-0.39
180942	-0.40
175462	-0.44
181705	-0.44
177190	-0.45
266837	-0.47
178577	-0.52
172250	-0.58
172243	-0.63
176807	-0.68
175993	-0.69
180522	-0.72
175546	-0.85
266830	-0.90
174676	-0.97
178121	-0.99
180833	-1.06
175493	-1.07
176287	-1.13
181491	-1.62
177658	-1.94
173078	-2.20
172981	-2.26
176509	-2.34
