179502	6.08
172467	5.77
177873	5.68
172802	5.50
174669	5.48
176287	5.36
177985	5.09
174676	4.92
175813	4.84
266830	4.80
176439	4.80
172801	4.52
176083	4.30
176385	4.20
172468	3.88
177658	3.77
266861	3.50
174659	3.49
266859	3.42
175549	3.36
178074	3.31
172858	3.30
174458	3.09
176196	3.01
175525	2.94
174333	2.85
175976	2.61
180040	2.51
174841	2.40
176358	2.35
178280	2.31
175096	2.30
176301	2.29
174330	2.18
172268	2.18
172251	2.01
174318	2.00
176509	1.96
175492	1.95
177161	1.94
176503	1.92
171917	1.85
172959	1.79
266837	1.78
176380	1.74
176359	1.71
178933	1.68
172250	1.64
175972	1.61
3565921	1.58
175877	1.46
173078	1.38
179534	1.36
179671	1.14
174421	1.07
24104262	0.98
176268	0.97
174351	0.82
175819	0.82
178988	0.78
174571	0.72
176748	0.70
177190	0.70
175703	0.68
175493	0.63
175993	0.61
191677	0.61
178066	0.60
177724	0.58
178049	0.57
191667	0.51
179533	0.50
181044	0.50
176137	0.49
180767	0.47
172329	0.47
180522	0.45
179153	0.44
179267	0.43
174478	0.40
191670	0.34
174203	0.29
180072	0.29
172743	0.27
181036	0.23
179999	0.22
178024	0.19
178089	0.17
173744	0.15
178415	0.12
180073	0.12
180357	0.08
177753	0.08
186325	0.07
188792	0.05
178507	0.04
171809	0.01
175546	-0.12
172201	-0.12
178121	-0.13
171692	-0.14
191680	-0.15
175501	-0.16
177521	-0.18
175316	-0.22
172901	-0.22
172942	-0.22
172044	-0.24
175462	-0.25
179739	-0.29
174346	-0.29
177481	-0.30
174371	-0.31
172732	-0.32
178577	-0.33
173334	-0.35
181588	-0.41
181705	-0.43
181250	-0.44
186326	-0.45
174367	-0.45
180028	-0.48
177342	-0.48
176146	-0.50
174443	-0.52
180535	-0.54
178279	-0.55
175419	-0.56
174705	-0.56
178778	-0.57
175006	-0.58
171602	-0.60
178987	-0.62
178536	-0.63
179779	-0.65
171975	-0.65
179899	-0.67
180833	-0.68
179472	-0.69
177583	-0.70
172074	-0.70
179936	-0.72
172860	-0.72
173873	-0.73
176807	-0.74
172243	-0.76
173858	-0.77
175716	-0.77
176118	-0.83
178866	-0.85
181269	-0.86
178943	-0.88
171750	-0.89
186085	-0.94
172981	-0.94
173235	-0.95
180671	-0.96
179941	-0.98
175879	-0.99
172893	-1.00
177364	-1.00
176718	-1.03
176161	-1.08
176071	-1.22
178012	-1.22
174423	-1.28
177503	-1.32
174141	-1.38
176437	-1.40
176891	-1.42
173260	-1.46
174379	-1.50
174603	-1.58
191648	-1.60
176373	-1.71
180942	-1.72
181491	-1.80
180359	-2.08
