176137	3.17
181588	2.59
181250	2.05
177364	1.65
181705	1.53
180357	1.45
172893	1.44
178987	1.28
177658	1.25
172981	1.23
176380	1.07
180942	0.99
180671	0.94
178024	0.89
24104262	0.71
175993	0.67
171602	0.67
174705	0.64
176807	0.62
175546	0.61
180833	0.60
180522	0.58
177724	0.53
176287	0.51
172732	0.49
179533	0.47
178121	0.47
176509	0.44
178933	0.43
186085	0.42
179502	0.42
181491	0.39
181269	0.38
178074	0.37
175492	0.31
173235	0.31
175462	0.26
173078	0.26
177481	0.23
191648	0.23
178279	0.23
180072	0.22
178049	0.20
173260	0.19
177503	0.19
191670	0.19
171750	0.16
191677	0.15
171692	0.14
176083	0.12
177985	0.10
179153	0.10
174379	0.08
176146	0.08
177342	0.07
172074	0.03
172901	-0.02
266837	-0.05
174669	-0.06
176718	-0.08
179936	-0.10
174443	-0.12
174367	-0.12
174371	-0.15
186326	-0.18
177583	-0.20
180359	-0.20
181044	-0.22
176071	-0.24
172268	-0.25
180535	-0.25
179899	-0.27
179671	-0.27
172251	-0.29
176118	-0.29
179739	-0.34
179779	-0.37
172959	-0.37
178012	-0.42
174676	-0.42
172250	-0.43
177873	-0.43
175879	-0.43
173873	-0.45
179472	-0.47
176891	-0.50
172044	-0.52
180767	-0.52
178577	-0.54
175006	-0.55
266830	-0.59
174478	-0.59
174458	-0.60
178943	-0.61
172201	-0.63
175501	-0.63
181036	-0.64
177190	-0.66
174141	-0.69
172860	-0.70
176437	-0.70
177521	-0.71
175813	-0.72
175096	-0.73
172249	-0.76
188792	-0.77
178066	-0.77
174346	-0.78
176359	-0.79
174659	-0.79
180073	-0.81
191667	-0.82
178866	-0.89
172467	-0.91
266859	-0.92
266861	-0.96
179267	-0.97
173744	-0.99
180028	-0.99
175716	-1.01
3565921	-1.02
180040	-1.02
175549	-1.07
179941	-1.08
177161	-1.09
172743	-1.10
176439	-1.10
174571	-1.11
176301	-1.12
172468	-1.12
173858	-1.12
171917	-1.15
178089	-1.17
174330	-1.18
171975	-1.18
186325	-1.18
176268	-1.20
176385	-1.20
174423	-1.20
172858	-1.22
175972	-1.22
172802	-1.23
172801	-1.28
174841	-1.29
176373	-1.33
175493	-1.36
179999	-1.37
174421	-1.37
176161	-1.39
174318	-1.40
191680	-1.41
176748	-1.43
171809	-1.44
176503	-1.45
174203	-1.49
178778	-1.51
175703	-1.57
175419	-1.58
175316	-1.59
176358	-1.59
178415	-1.61
177753	-1.63
174603	-1.65
172942	-1.67
178507	-1.68
178988	-1.70
173334	-1.71
175525	-1.74
174351	-1.77
178280	-1.82
178536	-1.84
175877	-1.93
172329	-1.95
179534	-2.05
174333	-2.06
175976	-2.08
176196	-2.19
175819	-2.33
