177161	9.81
176385	9.04
176301	8.57
171917	8.31
174659	7.68
174841	7.47
175525	6.80
266859	6.33
176503	6.23
176358	6.16
180040	6.12
3565921	5.91
178280	5.75
176748	5.16
176439	5.14
177753	5.11
175976	5.08
179941	4.78
178536	4.71
172802	4.69
172268	4.58
172801	4.39
178988	4.17
176161	4.05
179999	3.89
175813	3.85
178943	3.71
172468	3.64
173744	3.32
177873	3.32
176268	3.31
174571	3.29
178089	3.28
176196	3.13
174333	3.01
175819	2.99
179502	2.93
172044	2.91
174318	2.91
176118	2.85
176359	2.81
172942	2.76
178866	2.75
174421	2.71
175006	2.70
178415	2.69
177658	2.57
266830	2.56
174458	2.50
175703	2.50
173334	2.48
175877	2.34
173858	2.33
174423	2.26
175879	2.22
171975	2.16
174351	2.16
174330	2.11
178507	2.10
176373	2.05
175972	2.01
178012	2.00
175316	1.93
175549	1.89
176437	1.79
172858	1.71
172074	1.68
175716	1.66
179671	1.59
175096	1.57
177481	1.57
179534	1.56
174371	1.54
174603	1.54
177583	1.45
176146	1.40
174676	1.37
174367	1.36
173260	1.30
176891	1.29
179779	1.29
172201	1.26
172901	1.11
171809	1.10
177342	1.07
172959	1.06
174141	1.06
178778	1.03
179739	1.02
266861	0.98
181044	0.95
180028	0.90
176071	0.88
174379	0.88
172250	0.87
172467	0.87
175501	0.87
174346	0.84
177503	0.82
172743	0.81
179899	0.77
180535	0.75
174203	0.69
171602	0.64
174443	0.64
181250	0.63
186326	0.62
172251	0.57
172860	0.51
177190	0.47
172249	0.47
176718	0.43
174669	0.41
175462	0.39
181036	0.35
186325	0.33
177521	0.31
171692	0.30
179936	0.29
180073	0.20
174478	0.18
173235	0.15
180942	0.15
172732	0.11
180072	0.10
181491	0.08
171750	0.08
175419	-0.02
24104262	-0.03
178066	-0.03
179533	-0.05
181269	-0.11
191670	-0.15
178121	-0.16
180671	-0.17
266837	-0.24
176287	-0.25
179472	-0.27
180357	-0.30
178049	-0.32
178279	-0.34
178024	-0.46
178987	-0.47
180359	-0.47
180522	-0.47
179267	-0.50
188792	-0.50
176083	-0.52
191680	-0.58
181588	-0.67
179153	-0.70
176137	-0.73
173873	-0.76
176509	-0.78
191667	-0.78
181705	-0.80
172981	-0.82
180833	-0.83
175546	-0.84
178577	-0.85
173078	-0.85
178074	-0.87
191677	-0.90
191648	-0.93
174705	-0.93
175493	-1.04
177364	-1.14
176807	-1.21
180767	-1.22
178933	-1.31
175492	-1.32
176380	-1.40
175993	-1.48
186085	-1.54
177985	-1.74
177724	-1.87
172243	-1.95
172893	-2.74
