175813	6.00
176439	5.95
172249	5.77
172801	5.51
174333	5.22
179502	4.67
172802	4.39
174676	4.38
178280	4.09
174669	4.07
174330	3.97
178074	3.96
172268	3.71
176196	3.68
176359	3.66
175976	3.63
172468	3.50
174458	3.49
176385	3.46
176083	3.43
176287	3.36
266861	3.34
266859	3.29
177873	3.26
175703	3.10
177658	3.02
176503	2.85
175972	2.81
266830	2.76
175096	2.58
174318	2.50
175877	2.39
174351	2.38
175525	2.34
177753	2.24
175549	2.06
177342	2.00
176301	1.99
176358	1.93
171917	1.93
174659	1.91
179671	1.90
179534	1.90
174346	1.88
175501	1.86
178933	1.85
172942	1.74
176268	1.71
171602	1.57
178988	1.54
178089	1.54
173744	1.50
177161	1.46
174421	1.42
171750	1.36
176373	1.31
172251	1.29
174841	1.28
174478	1.26
172743	1.25
173858	1.24
3565921	1.19
179153	1.19
175819	1.16
177985	1.08
172250	1.07
24104262	1.07
173873	1.06
177724	1.05
172201	1.04
179779	1.04
172044	1.01
175993	0.99
177481	0.98
178049	0.96
178279	0.95
172329	0.87
171692	0.85
174423	0.84
176718	0.84
177190	0.83
175879	0.82
178415	0.80
175493	0.77
179999	0.76
171975	0.70
180028	0.70
172959	0.69
173260	0.67
174203	0.65
172858	0.61
176437	0.61
176891	0.61
177583	0.59
173334	0.58
178507	0.55
178778	0.54
172901	0.49
176748	0.49
176146	0.42
177503	0.40
176071	0.38
176161	0.36
191667	0.33
173235	0.32
178066	0.29
178024	0.28
174571	0.28
178943	0.27
175492	0.23
178121	0.21
188792	0.19
178012	0.19
181044	0.12
191670	0.10
178866	0.08
174603	0.08
174443	0.06
175316	0.05
179267	0.04
176509	-0.00
175716	-0.01
191680	-0.01
172074	-0.02
179739	-0.02
175546	-0.02
178577	-0.03
180522	-0.03
174367	-0.04
174371	-0.08
191677	-0.14
174141	-0.16
180535	-0.17
176118	-0.18
180357	-0.19
171809	-0.21
176380	-0.22
174379	-0.24
180040	-0.25
175419	-0.29
179941	-0.29
178536	-0.31
181036	-0.31
181269	-0.33
175006	-0.35
176137	-0.37
180767	-0.37
177521	-0.39
176807	-0.41
179472	-0.47
178987	-0.51
179936	-0.53
179899	-0.56
173078	-0.57
186325	-0.57
172860	-0.64
180073	-0.67
180072	-0.70
266837	-0.81
179533	-0.83
191648	-0.86
172243	-0.91
181705	-0.94
180833	-1.01
177364	-1.04
186326	-1.06
180359	-1.08
181491	-1.12
172732	-1.15
175462	-1.26
180942	-1.28
181250	-1.39
172893	-1.39
181588	-1.49
180671	-1.70
174705	-1.72
172981	-1.79
186085	-2.06
