266830	12.23
176385	9.19
266859	9.05
176439	8.44
176301	8.43
175813	8.13
174841	8.10
172268	8.07
176358	6.80
174669	6.58
172802	6.12
177161	5.85
177873	5.81
3565921	5.65
174659	5.63
176359	5.62
171917	5.51
175525	5.44
180040	5.41
179502	5.34
175976	5.11
175006	5.05
175096	4.67
176083	4.63
174458	4.58
175877	4.48
172801	4.44
176287	4.37
172249	3.88
177658	3.84
175549	3.83
178074	3.81
174333	3.79
172329	3.64
172467	3.50
178280	3.37
176268	3.22
174603	3.18
175703	3.15
178988	2.88
177190	2.80
178536	2.76
172959	2.74
178415	2.73
176196	2.71
178089	2.60
172858	2.60
176748	2.57
176373	2.52
177753	2.46
174346	2.45
172250	2.43
174351	2.43
175972	2.31
179999	2.28
172743	2.23
172860	2.21
179534	2.13
176503	2.09
175819	2.06
174203	2.03
174676	2.00
186325	1.92
173334	1.90
266861	1.87
173744	1.84
172251	1.76
174421	1.74
178049	1.73
174318	1.71
191677	1.70
178778	1.69
177521	1.67
177342	1.61
174330	1.54
176380	1.53
191667	1.34
178066	1.32
171809	1.31
186326	1.30
178866	1.23
174423	1.12
178507	1.06
181036	1.05
178279	1.02
188792	1.02
172942	0.92
176509	0.92
180073	0.91
176437	0.91
175493	0.84
179533	0.82
24104262	0.76
172044	0.73
191680	0.73
175492	0.72
176071	0.67
176161	0.66
172201	0.58
181250	0.57
180522	0.55
175879	0.52
179267	0.52
191670	0.50
171975	0.46
173858	0.42
180072	0.42
177724	0.39
174478	0.37
172901	0.37
176118	0.36
174443	0.33
179739	0.30
176891	0.29
175316	0.25
176146	0.23
180028	0.23
175716	0.17
174141	0.16
178933	0.15
174371	0.12
175462	0.12
179671	0.12
180671	0.10
176807	0.03
178943	0.03
180357	0.00
179779	-0.04
181705	-0.06
179936	-0.07
186085	-0.09
176718	-0.10
174571	-0.17
174379	-0.17
173873	-0.17
179899	-0.17
177583	-0.20
177503	-0.25
178121	-0.26
178012	-0.28
175419	-0.28
171692	-0.29
179941	-0.33
177481	-0.36
178577	-0.36
172074	-0.36
171750	-0.39
181491	-0.42
181588	-0.45
175501	-0.47
171602	-0.50
173235	-0.51
180535	-0.62
174705	-0.64
181044	-0.64
177985	-0.69
178024	-0.69
180767	-0.71
176137	-0.72
172981	-0.84
179153	-0.88
180359	-0.98
173260	-1.10
175993	-1.12
172243	-1.12
181269	-1.12
174367	-1.13
178987	-1.16
179472	-1.18
177364	-1.29
175546	-1.33
191648	-1.34
173078	-1.45
266837	-1.64
180942	-1.84
172893	-1.92
180833	-2.20
172732	-2.59
