175462	5.91
180942	5.27
178987	4.39
174705	3.70
172981	3.02
178121	2.66
180359	2.55
175993	2.11
181491	2.00
181269	1.96
266837	1.83
181044	1.64
181705	1.62
180671	1.54
173078	1.48
172893	1.47
174367	1.37
177724	1.30
180535	1.13
173235	1.07
172251	1.04
180357	0.93
175419	0.89
172044	0.86
174478	0.79
178577	0.77
174571	0.66
180833	0.64
175492	0.63
178933	0.58
177658	0.56
180522	0.56
172959	0.55
171750	0.52
174318	0.51
172243	0.49
180072	0.47
178066	0.46
179533	0.44
191648	0.42
177364	0.41
180767	0.38
178074	0.37
191677	0.32
24104262	0.32
179472	0.31
178024	0.27
176509	0.22
176437	0.21
174421	0.20
176137	0.19
171602	0.19
176718	0.19
186326	0.18
177583	0.15
179899	0.14
176807	0.14
177481	0.12
174330	0.12
172329	0.11
175546	0.10
173873	0.08
175819	0.08
180073	0.07
179153	0.06
171809	0.03
177985	0.01
175716	-0.01
175493	-0.02
174379	-0.04
176268	-0.07
188792	-0.07
176071	-0.10
172858	-0.10
174676	-0.12
174371	-0.13
179534	-0.14
173260	-0.15
176380	-0.15
178536	-0.18
191667	-0.20
172802	-0.22
178280	-0.22
172201	-0.25
176118	-0.28
180040	-0.28
174346	-0.30
172901	-0.30
176503	-0.32
172249	-0.32
175972	-0.34
180028	-0.34
191670	-0.35
174659	-0.35
175501	-0.36
177503	-0.39
176146	-0.39
173858	-0.39
186085	-0.42
175525	-0.43
179739	-0.44
179941	-0.45
174443	-0.45
266861	-0.45
172074	-0.46
177521	-0.47
266859	-0.48
181588	-0.49
172801	-0.50
178507	-0.51
176287	-0.51
178049	-0.52
176891	-0.52
175316	-0.53
176359	-0.55
175976	-0.56
181036	-0.57
174423	-0.57
177161	-0.59
179267	-0.59
178012	-0.59
178943	-0.63
175879	-0.66
176385	-0.67
179502	-0.67
174333	-0.68
178988	-0.68
176161	-0.69
179779	-0.76
175549	-0.76
176196	-0.79
177753	-0.81
174458	-0.82
266830	-0.83
172860	-0.83
179999	-0.85
178089	-0.88
176358	-0.88
176301	-0.90
176373	-0.91
179936	-0.91
177190	-0.91
176748	-0.92
172268	-0.93
175877	-0.95
176083	-0.97
191680	-0.97
171692	-1.00
174351	-1.02
175096	-1.07
181250	-1.08
176439	-1.09
171917	-1.09
179671	-1.10
172467	-1.15
173334	-1.17
186325	-1.18
3565921	-1.22
175813	-1.24
171975	-1.25
177342	-1.26
177873	-1.27
178778	-1.33
174841	-1.36
174203	-1.40
178279	-1.43
172743	-1.48
174669	-1.50
173744	-1.57
172250	-1.60
174141	-1.61
178415	-1.75
172942	-1.80
174603	-1.81
178866	-1.88
175703	-1.90
175006	-2.26
172468	-2.59
