172074	11.56
175501	11.24
174371	11.00
177481	10.18
176891	9.65
175879	9.42
176071	9.41
172201	9.08
177583	9.01
178012	8.69
173260	8.63
171602	8.42
176146	8.23
172901	7.56
178279	7.23
177503	6.94
173235	6.71
174379	6.60
175716	6.56
174330	6.51
173873	6.49
171750	6.44
178507	6.43
179739	6.38
176268	6.02
171692	6.02
178415	6.01
175703	6.01
176718	5.83
174443	5.76
176437	5.62
175877	5.41
174318	5.30
174421	5.21
174351	5.11
175819	5.08
180535	4.60
177190	4.43
174367	4.08
174333	4.03
172959	4.03
179534	3.73
173334	3.70
172858	3.55
178778	3.54
174478	3.51
181044	3.50
171809	3.47
176196	3.34
174346	3.32
177753	3.09
179153	3.07
173744	3.07
178089	2.99
180028	2.97
176301	2.85
175972	2.76
176083	2.65
179999	2.50
176380	2.37
176385	2.36
172044	2.35
174423	2.28
178536	2.28
172468	2.23
174841	2.18
175316	2.16
180359	2.14
179779	1.97
175549	1.94
178074	1.88
172802	1.84
172942	1.82
266837	1.81
176503	1.78
174603	1.71
178988	1.67
176373	1.60
175419	1.60
186325	1.58
178866	1.52
181036	1.52
180767	1.51
174203	1.44
179936	1.41
172467	1.25
178933	1.25
177161	1.23
177342	1.20
177521	1.20
175525	1.19
176748	1.18
172860	1.10
179941	1.02
178943	1.02
176509	1.01
177364	0.98
174141	0.93
188792	0.90
186326	0.83
177985	0.82
180522	0.81
172329	0.81
171917	0.79
176439	0.79
180073	0.75
175993	0.74
174458	0.72
176137	0.68
174669	0.68
172981	0.67
178577	0.66
173858	0.65
176807	0.63
180357	0.60
24104262	0.58
172251	0.57
180072	0.57
176161	0.56
191677	0.52
171975	0.51
180040	0.46
178066	0.45
175492	0.44
181250	0.44
181491	0.42
179533	0.40
174571	0.39
191667	0.37
191670	0.33
179267	0.33
172249	0.27
179472	0.25
179671	0.23
178049	0.22
175096	0.20
178987	0.13
174659	0.12
172801	0.11
180942	0.11
174705	0.08
175462	0.08
191648	0.02
172250	-0.03
178280	-0.12
178024	-0.14
177724	-0.14
173078	-0.15
172893	-0.16
186085	-0.23
180671	-0.26
179502	-0.26
176358	-0.32
191680	-0.32
181705	-0.35
176359	-0.35
175976	-0.43
181588	-0.46
180833	-0.48
174676	-0.48
175493	-0.50
3565921	-0.52
176118	-0.54
178121	-0.66
179899	-0.69
266861	-0.71
266830	-0.72
181269	-0.72
176287	-0.75
172243	-1.10
266859	-1.21
175006	-1.31
175546	-1.37
172732	-1.48
177873	-1.77
177658	-2.14
175813	-2.22
172268	-2.69
