174351	7.31
172044	7.05
178089	6.54
174478	6.39
172959	6.13
176268	6.06
175703	5.89
176118	5.00
179779	4.75
175549	4.52
175316	4.40
175819	4.36
179999	4.26
174421	3.92
174333	3.91
174330	3.68
179936	3.63
172743	3.55
174571	3.53
178507	3.51
174318	3.50
177753	3.49
178415	3.31
172249	3.30
171809	3.20
178536	3.08
176503	3.04
179941	3.04
176196	3.03
173334	3.02
179534	2.97
177985	2.93
178988	2.81
175501	2.73
172802	2.64
172468	2.60
181044	2.58
176385	2.58
175879	2.44
180028	2.40
174346	2.20
172901	2.16
176161	2.14
171975	2.09
173858	2.08
177583	2.05
178279	2.02
176748	1.95
174669	1.90
176071	1.87
173078	1.82
176083	1.82
172942	1.80
175877	1.76
177503	1.72
172329	1.71
172201	1.71
178943	1.69
175993	1.68
179533	1.68
173873	1.66
266861	1.64
176891	1.58
179739	1.56
175492	1.55
174203	1.55
177190	1.49
175716	1.46
180767	1.44
175972	1.41
174841	1.31
171692	1.31
174141	1.31
178778	1.30
178012	1.30
176146	1.22
171602	1.20
174371	1.18
172250	1.18
176437	1.13
177342	1.11
176718	1.08
173260	1.05
266830	1.04
174443	1.00
176380	0.96
179153	0.93
173235	0.84
180671	0.82
174458	0.81
176287	0.78
176301	0.76
178933	0.67
174379	0.64
175525	0.62
178024	0.62
172467	0.61
173744	0.61
176373	0.59
171750	0.57
176137	0.55
172074	0.53
180522	0.46
177481	0.44
174423	0.41
179671	0.40
176439	0.39
181036	0.37
174367	0.35
174676	0.35
174603	0.34
175976	0.26
175096	0.25
181705	0.24
178074	0.21
176358	0.17
172801	0.17
179502	0.16
177161	0.12
181250	0.12
24104262	0.11
266837	0.04
266859	0.03
177873	-0.04
177521	-0.05
175493	-0.06
179472	-0.06
191677	-0.07
191680	-0.09
172981	-0.10
172732	-0.10
178066	-0.12
172860	-0.16
180359	-0.20
186325	-0.21
175419	-0.23
176807	-0.25
180535	-0.29
181269	-0.30
177658	-0.31
178049	-0.33
175546	-0.35
180072	-0.39
175006	-0.41
186326	-0.41
171917	-0.41
180040	-0.41
188792	-0.43
3565921	-0.48
191670	-0.48
172251	-0.51
178280	-0.52
176509	-0.53
180357	-0.55
175462	-0.63
177724	-0.69
179899	-0.71
174705	-0.72
175813	-0.74
176359	-0.76
178866	-0.85
191667	-0.86
180073	-0.89
186085	-0.91
174659	-0.95
179267	-0.97
178121	-1.01
172268	-1.03
180833	-1.18
181491	-1.22
172243	-1.22
172893	-1.32
181588	-1.33
178987	-1.41
178577	-1.41
180942	-1.82
191648	-1.84
177364	-2.78
