172802	9.84
175525	7.80
175976	7.72
175813	7.23
176385	7.04
178280	6.91
177161	6.78
172268	6.58
176301	6.39
177658	6.33
266859	6.27
171917	6.18
179502	6.15
176503	5.75
174659	5.71
180040	5.66
172467	5.51
176358	5.49
176439	5.45
177873	4.83
174841	4.57
266830	4.55
176359	4.54
172249	4.52
174333	4.50
172468	4.44
172329	4.39
176748	4.02
174676	3.73
266861	3.72
174458	3.70
174669	3.19
176287	3.13
176196	3.10
178074	2.90
175549	2.85
3565921	2.77
173858	2.68
177342	2.63
174318	2.63
177753	2.62
179671	2.59
176083	2.20
175972	2.18
175006	2.04
178988	1.99
174330	1.91
176268	1.86
172251	1.84
178536	1.83
179999	1.51
175096	1.50
174478	1.47
174351	1.39
175819	1.32
173744	1.29
179534	1.23
178943	1.16
172942	1.15
24104262	1.09
174421	1.04
172201	0.97
175493	0.96
174346	0.93
171602	0.83
171692	0.78
181036	0.74
171750	0.73
177985	0.73
175877	0.73
174571	0.70
176509	0.65
175879	0.63
176718	0.61
180028	0.60
176373	0.60
179941	0.57
179267	0.56
171975	0.54
172959	0.54
179779	0.51
178778	0.50
173334	0.50
191677	0.50
175716	0.45
188792	0.45
175546	0.44
174443	0.44
180073	0.42
173078	0.42
175501	0.42
176161	0.40
177503	0.37
178049	0.36
174371	0.35
177583	0.33
180535	0.32
191670	0.31
178507	0.29
177481	0.29
172860	0.26
171809	0.24
178415	0.24
176437	0.23
191667	0.21
191680	0.21
179533	0.17
172858	0.17
173260	0.17
174367	0.14
175993	0.12
179899	0.11
172743	0.11
178066	0.08
177724	0.08
173873	0.06
177190	0.06
178577	0.05
178933	0.03
172044	0.03
176891	0.02
176807	0.00
178089	-0.01
172250	-0.03
178121	-0.06
186325	-0.08
172074	-0.08
178024	-0.09
174705	-0.11
174203	-0.12
178012	-0.15
178987	-0.16
175462	-0.16
179739	-0.21
186326	-0.24
179936	-0.26
176118	-0.28
175419	-0.30
176071	-0.33
174379	-0.33
179153	-0.34
176380	-0.35
172901	-0.35
173235	-0.36
172893	-0.37
180357	-0.37
178866	-0.37
181705	-0.41
174141	-0.42
181044	-0.43
181250	-0.45
180072	-0.48
172732	-0.50
180522	-0.51
186085	-0.53
178279	-0.54
181269	-0.54
174603	-0.56
177364	-0.58
177521	-0.58
176137	-0.61
181491	-0.69
176146	-0.70
180671	-0.70
180942	-0.72
180359	-0.72
175703	-0.73
266837	-0.93
179472	-0.93
191648	-1.02
180833	-1.07
181588	-1.11
180767	-1.17
172243	-1.28
175492	-1.32
175316	-1.88
174423	-2.07
172981	-2.41
