180833	3.15
180357	3.11
178987	3.02
180767	2.92
176137	2.52
180942	2.44
181269	2.41
174705	2.14
181044	2.11
181588	2.07
177364	1.87
180359	1.68
181250	1.67
181036	1.66
176380	1.63
266837	1.54
24104262	1.47
172732	1.47
172243	1.44
180671	1.38
172981	1.32
175419	1.31
181705	1.21
174367	1.15
175462	1.09
176509	1.09
178121	1.06
175492	0.96
174371	0.83
173078	0.77
172074	0.70
181491	0.68
180535	0.67
178280	0.60
174203	0.57
179533	0.50
176807	0.45
171602	0.44
173260	0.43
178024	0.42
178074	0.42
180040	0.39
176287	0.38
178933	0.37
177481	0.36
178279	0.36
186085	0.33
177985	0.31
173235	0.24
178866	0.23
176083	0.23
180522	0.17
178577	0.15
175501	0.14
177503	0.11
179472	0.10
176146	0.09
266861	0.07
175546	0.03
176437	0.03
171692	-0.03
175993	-0.07
174379	-0.07
177342	-0.08
179502	-0.10
178507	-0.11
176071	-0.12
178012	-0.12
191648	-0.16
172743	-0.16
177190	-0.16
174478	-0.17
179534	-0.17
174676	-0.18
172901	-0.18
175096	-0.23
176891	-0.25
172201	-0.26
179267	-0.28
175879	-0.30
175549	-0.33
172801	-0.37
180072	-0.39
176718	-0.40
179779	-0.46
179739	-0.47
172860	-0.47
191667	-0.52
174669	-0.55
177873	-0.56
179153	-0.56
175493	-0.57
178943	-0.58
177583	-0.61
174659	-0.65
3565921	-0.67
174351	-0.70
175877	-0.70
177521	-0.71
175716	-0.72
179999	-0.73
174318	-0.74
186326	-0.75
178049	-0.76
174330	-0.76
176373	-0.77
172802	-0.79
191670	-0.79
172250	-0.80
180073	-0.82
171809	-0.83
171750	-0.86
177753	-0.86
174421	-0.87
178066	-0.88
176268	-0.90
174443	-0.91
179671	-0.92
266830	-0.97
172251	-0.97
172249	-1.00
176161	-1.02
177724	-1.02
186325	-1.03
178778	-1.03
179899	-1.04
174333	-1.09
175813	-1.13
172942	-1.16
175703	-1.17
179941	-1.18
191680	-1.23
177161	-1.23
178536	-1.25
178415	-1.26
191677	-1.29
175006	-1.31
172858	-1.32
176359	-1.37
175819	-1.38
174141	-1.39
172467	-1.39
173873	-1.40
174423	-1.43
175976	-1.49
177658	-1.49
175972	-1.49
171917	-1.51
188792	-1.57
172959	-1.59
172044	-1.60
176439	-1.62
180028	-1.64
174458	-1.71
173744	-1.72
173334	-1.75
174346	-1.83
176748	-1.83
176118	-1.84
178089	-1.84
176301	-1.85
173858	-1.88
172468	-1.92
266859	-1.92
174841	-1.97
178988	-2.06
176503	-2.12
179936	-2.15
172268	-2.16
176196	-2.20
171975	-2.25
174603	-2.25
174571	-2.35
175316	-2.41
175525	-2.52
176385	-2.55
176358	-2.73
172329	-2.74
