177161	10.76
176385	10.22
172801	9.84
180040	9.19
171917	9.13
174333	8.74
174659	8.45
266859	8.26
176301	8.08
176503	7.94
176439	7.18
179671	7.16
175525	7.00
176359	6.65
177658	6.60
176358	6.21
266830	6.19
172468	6.12
175976	5.77
178988	5.69
172268	5.55
174841	5.54
172249	5.50
174318	5.49
175813	5.22
179502	5.19
176748	5.07
175972	5.04
174676	5.00
177753	4.99
175549	4.91
176268	4.89
174458	4.88
172329	4.69
176196	4.50
3565921	4.49
178280	4.46
172467	4.39
177873	4.31
174330	4.29
266861	4.22
176287	4.21
178536	4.07
175877	3.77
174669	3.72
173744	3.68
172959	3.59
172201	3.48
176083	3.46
173334	3.36
178943	3.27
178074	3.19
172251	3.17
175819	2.99
179534	2.95
175096	2.90
178012	2.84
176161	2.83
174421	2.80
172901	2.79
172860	2.75
179999	2.74
172942	2.65
172858	2.64
174351	2.58
175006	2.58
176071	2.51
174346	2.51
179739	2.50
175879	2.45
181036	2.39
177342	2.32
174371	2.32
173858	2.31
171809	2.28
179533	2.25
179941	2.23
176373	2.20
172044	2.19
179779	2.18
176437	2.17
176146	2.15
186325	2.15
180522	2.15
177481	2.14
171692	2.13
191677	2.12
178279	2.12
178778	2.06
175501	2.02
176891	1.91
174603	1.91
174141	1.91
179153	1.86
172743	1.84
175703	1.84
174379	1.77
176718	1.71
177521	1.66
171602	1.63
180073	1.58
178415	1.57
191667	1.51
180535	1.50
178866	1.49
173260	1.45
180072	1.42
172074	1.42
178507	1.38
174571	1.37
191680	1.34
174367	1.33
178089	1.30
173235	1.25
178066	1.24
186326	1.18
174478	1.16
171975	1.14
175716	1.14
181044	1.04
177503	0.98
177583	0.94
188792	0.92
174443	0.90
179267	0.90
180767	0.86
178049	0.83
171750	0.80
173873	0.79
181250	0.77
175419	0.76
191670	0.74
175493	0.59
176509	0.58
174203	0.57
176380	0.54
177190	0.53
174705	0.50
180028	0.47
175492	0.46
181705	0.16
180357	0.10
174423	0.09
178121	-0.01
177985	-0.01
177364	-0.02
178933	-0.04
178577	-0.09
175993	-0.09
178987	-0.14
176118	-0.17
177724	-0.21
172732	-0.22
175546	-0.27
181491	-0.29
172250	-0.38
266837	-0.41
180671	-0.42
176137	-0.43
179899	-0.45
181588	-0.45
179936	-0.51
176807	-0.51
178024	-0.52
24104262	-0.61
175462	-0.70
172893	-0.79
175316	-0.82
181269	-0.83
179472	-0.92
173078	-0.93
180942	-1.08
180359	-1.11
172243	-1.23
172981	-1.27
191648	-1.38
186085	-1.47
180833	-2.08
