177521	18.86
186326	16.17
186325	13.10
188792	11.61
180073	10.39
178066	10.00
180072	9.06
191677	8.76
191667	7.90
178049	7.47
191680	6.89
179267	4.44
191670	4.32
178866	4.16
174603	3.98
178778	3.78
178012	3.71
174379	3.67
179739	3.60
179671	3.53
176146	3.39
177161	3.14
175006	3.13
171692	3.12
180040	3.08
178943	3.05
173744	3.03
176373	3.02
172201	3.00
178536	2.93
173260	2.86
171917	2.85
176359	2.82
176718	2.81
172802	2.75
178279	2.73
176071	2.72
175879	2.72
176161	2.61
172901	2.61
173334	2.60
173235	2.58
174443	2.47
179534	2.47
177481	2.43
176891	2.40
174841	2.32
172074	2.25
171602	2.22
177753	2.21
172468	2.21
179941	2.13
177503	2.13
176503	2.09
176301	2.08
174371	2.03
173873	2.01
177583	1.96
175972	1.90
175877	1.85
174203	1.84
176748	1.77
176385	1.71
176358	1.68
175525	1.66
176268	1.62
266859	1.58
177342	1.57
175976	1.56
171750	1.50
173858	1.47
178988	1.43
172251	1.37
179779	1.35
176439	1.34
172942	1.33
174659	1.31
3565921	1.29
180535	1.27
174346	1.26
186085	1.23
174318	1.22
175813	1.21
178280	1.19
178415	1.18
180028	1.17
174141	1.16
172268	1.12
172743	1.10
174333	1.08
176196	1.02
266830	1.02
178507	0.92
174367	0.91
175096	0.89
172959	0.85
177658	0.83
171975	0.81
174330	0.80
179999	0.79
179533	0.78
172250	0.77
172044	0.77
177190	0.77
176118	0.75
175501	0.73
176807	0.73
175703	0.72
177364	0.69
171809	0.69
175419	0.60
175716	0.56
172329	0.51
179936	0.50
174676	0.47
179153	0.44
174458	0.44
181036	0.41
176437	0.38
178089	0.33
179899	0.29
172801	0.26
178987	0.26
175819	0.24
174669	0.22
177873	0.17
179502	0.15
180522	0.12
175316	0.11
174421	0.11
176137	0.09
174423	0.01
175549	-0.02
174351	-0.02
180767	-0.11
174571	-0.16
172858	-0.16
178074	-0.16
180671	-0.19
177724	-0.26
191648	-0.26
176509	-0.28
178933	-0.33
175493	-0.34
180357	-0.34
24104262	-0.38
180359	-0.40
172893	-0.47
178024	-0.49
181491	-0.55
266861	-0.56
176287	-0.57
172467	-0.64
172243	-0.70
176380	-0.70
266837	-0.70
172249	-0.72
176083	-0.73
181044	-0.80
172981	-0.81
172732	-0.83
177985	-0.84
181588	-0.86
175993	-0.87
174705	-0.88
173078	-0.88
178121	-0.91
181250	-0.96
181705	-0.98
174478	-0.98
180942	-1.01
175546	-1.07
175462	-1.08
179472	-1.23
175492	-1.29
178577	-1.40
180833	-1.43
181269	-1.55
