171809	14.15
172044	9.63
174346	7.75
174351	7.51
176268	7.40
178536	6.67
174318	6.14
172858	6.13
174421	5.83
175819	5.61
179779	5.59
174330	4.80
174333	4.69
174478	4.52
174571	4.40
175703	4.34
178415	4.30
178988	4.15
178089	4.07
172743	4.03
175972	3.71
177753	3.67
173334	3.60
172802	3.59
179936	3.59
176748	3.26
176161	3.24
176196	3.14
177342	3.04
179941	2.89
180522	2.79
176071	2.79
175549	2.78
176118	2.78
176503	2.76
172468	2.74
179534	2.65
178279	2.63
179999	2.62
174371	2.60
175316	2.58
175716	2.44
177583	2.44
176385	2.44
173744	2.35
172901	2.35
172942	2.29
175879	2.27
173858	2.25
178507	2.18
178943	2.16
179671	2.14
176358	2.12
178778	2.12
171975	2.05
175501	1.98
176146	1.97
172201	1.95
172074	1.92
177481	1.86
176718	1.85
177161	1.84
178012	1.83
172249	1.79
174841	1.76
176301	1.76
174676	1.73
177190	1.69
174379	1.65
180028	1.62
175877	1.62
171692	1.61
180040	1.60
179739	1.60
181044	1.52
176891	1.47
176437	1.43
24104262	1.42
266830	1.39
191677	1.30
174603	1.27
175525	1.25
177658	1.18
179533	1.17
173873	1.17
176287	1.16
176373	1.13
172251	1.10
171602	1.09
172329	1.06
174458	1.05
173260	1.00
177503	0.98
174141	0.95
176439	0.93
266859	0.92
172860	0.85
181036	0.85
173235	0.82
180671	0.81
175993	0.76
175006	0.73
176807	0.73
266861	0.69
172467	0.69
174367	0.69
171917	0.67
174443	0.63
179899	0.62
178933	0.58
174203	0.57
178121	0.56
180073	0.56
175462	0.56
172732	0.55
3565921	0.54
172801	0.54
177521	0.52
174669	0.51
191670	0.50
175096	0.42
174423	0.37
180072	0.36
176359	0.36
181705	0.34
186325	0.34
176509	0.32
178049	0.31
172268	0.31
186085	0.29
175419	0.29
181250	0.27
186326	0.25
178066	0.25
180767	0.24
188792	0.23
175976	0.23
176083	0.18
174659	0.17
171750	0.14
179153	0.07
177724	0.04
178577	0.03
176137	-0.08
175813	-0.09
172250	-0.11
180535	-0.19
181491	-0.23
175492	-0.36
172243	-0.37
179267	-0.39
178024	-0.44
178987	-0.45
172981	-0.48
179472	-0.54
191667	-0.54
178866	-0.55
178280	-0.60
266837	-0.63
175493	-0.70
181588	-0.71
180359	-0.76
177985	-0.77
178074	-0.81
173078	-0.88
180357	-0.90
177364	-0.94
179502	-0.96
180942	-0.99
177873	-0.99
191680	-1.08
191648	-1.09
176380	-1.16
181269	-1.16
174705	-1.28
180833	-1.40
172893	-1.59
175546	-1.62
