171975	17.44
173858	12.84
178943	10.49
174571	9.54
173334	9.40
176161	8.72
173744	8.54
179941	8.53
177753	8.22
178988	7.13
175877	6.74
176196	6.36
179779	5.86
176373	5.24
177342	5.23
176503	5.11
175703	4.79
180028	4.74
175972	4.64
178778	4.52
179671	4.50
174478	4.48
174141	4.32
174318	4.29
174330	4.19
179534	4.12
173873	3.89
174333	3.81
175525	3.67
178507	3.58
177161	3.57
174421	3.57
178089	3.51
176118	3.36
176268	3.35
175879	3.32
179936	3.24
174603	3.22
175819	3.22
171750	3.10
171602	3.03
178415	2.97
176385	2.87
174443	2.81
172329	2.76
175501	2.74
172802	2.65
266861	2.55
176748	2.41
177658	2.39
177503	2.37
177190	2.30
172959	2.29
172044	2.26
178536	2.15
172201	2.14
172901	2.14
171692	2.08
175976	1.97
172074	1.96
174423	1.95
175006	1.93
178279	1.93
176301	1.89
178012	1.86
171917	1.85
174351	1.85
172743	1.82
172858	1.80
175549	1.79
171809	1.78
176718	1.75
173260	1.75
172467	1.74
177583	1.70
177481	1.60
174841	1.59
176891	1.57
174346	1.56
174371	1.53
174669	1.52
179999	1.49
176071	1.35
172860	1.33
175993	1.31
191680	1.27
175316	1.27
179153	1.26
266859	1.21
172250	1.16
172801	1.15
188792	1.14
186085	1.14
175716	1.14
179502	1.13
176437	1.12
180040	1.11
179739	1.06
174379	1.05
176146	1.00
174659	0.94
172468	0.92
176439	0.83
174203	0.68
3565921	0.67
174458	0.64
174676	0.60
178280	0.51
179472	0.51
178933	0.50
176358	0.50
173235	0.45
266830	0.44
175419	0.36
176083	0.34
181036	0.33
180359	0.31
177521	0.30
180073	0.28
178866	0.26
191667	0.14
186325	0.10
175096	0.09
175813	0.06
172251	0.02
181491	0.01
178066	-0.00
172268	-0.01
191677	-0.04
180072	-0.06
177724	-0.08
176807	-0.09
178987	-0.11
186326	-0.15
180535	-0.17
178024	-0.18
176359	-0.19
172249	-0.22
191670	-0.27
177873	-0.29
179899	-0.30
178049	-0.44
181588	-0.45
179267	-0.52
181269	-0.59
24104262	-0.62
180671	-0.65
174705	-0.68
181044	-0.68
191648	-0.73
180522	-0.87
179533	-0.92
176509	-0.99
178074	-1.01
173078	-1.12
180767	-1.12
176137	-1.13
172893	-1.16
175492	-1.17
175493	-1.23
174367	-1.23
181250	-1.23
266837	-1.25
180357	-1.27
178577	-1.27
181705	-1.41
175546	-1.44
180942	-1.49
176287	-1.59
180833	-1.60
178121	-1.63
172243	-1.67
177364	-1.79
172732	-1.80
175462	-1.81
172981	-1.97
177985	-2.12
176380	-2.18
