176146	20.06
178012	17.23
172201	16.51
177503	16.06
176071	16.01
176891	15.89
175879	15.84
176718	15.83
171602	15.23
174379	14.82
179739	14.68
171692	14.51
173235	13.35
173260	12.98
177481	12.80
175501	12.66
174443	12.52
174371	11.83
171750	11.69
173873	10.54
172074	10.22
178279	9.40
177583	8.86
180535	8.81
179153	8.07
172743	7.56
178778	7.03
174367	5.92
176268	4.90
174330	4.75
179779	4.55
180028	4.28
174351	4.14
179936	4.10
177753	3.98
176161	3.91
174421	3.75
174318	3.74
172044	3.57
175716	3.50
178943	3.41
179941	3.34
174346	3.34
175703	2.96
178507	2.94
178089	2.84
176503	2.83
176373	2.82
172802	2.79
174141	2.78
176437	2.64
178536	2.63
179999	2.62
172860	2.61
179671	2.53
177342	2.52
175877	2.49
175819	2.46
176196	2.42
173334	2.35
178415	2.35
172959	2.35
176359	2.23
177521	2.21
174478	2.16
172858	2.16
176118	2.14
172942	2.14
179534	2.07
174333	2.06
175972	2.03
173744	2.02
181036	1.93
178988	1.84
174603	1.83
173858	1.82
171809	1.73
171975	1.73
176385	1.72
186325	1.68
175316	1.65
186326	1.55
178987	1.45
171917	1.38
174571	1.36
181044	1.31
177161	1.19
178049	1.18
179533	1.15
172329	1.11
174705	1.08
176748	1.03
176137	1.01
175976	0.94
180073	0.93
176083	0.89
174423	0.80
175419	0.78
178280	0.73
188792	0.70
177364	0.67
180671	0.66
176358	0.56
191670	0.53
180357	0.50
172467	0.49
179899	0.48
174203	0.45
178866	0.45
24104262	0.43
180359	0.38
179502	0.37
172468	0.37
179267	0.36
180767	0.36
174458	0.35
176380	0.32
181250	0.31
175813	0.31
174659	0.19
172268	0.18
176439	0.17
175549	0.15
180072	0.14
181588	0.06
178066	0.06
172243	-0.02
178024	-0.04
178074	-0.05
181269	-0.07
175006	-0.07
191677	-0.14
177873	-0.14
172250	-0.15
3565921	-0.17
191667	-0.18
172893	-0.18
172251	-0.20
180942	-0.20
175993	-0.20
172249	-0.22
180040	-0.29
191680	-0.30
172732	-0.30
266837	-0.30
178933	-0.32
172801	-0.35
175462	-0.35
177190	-0.41
178121	-0.42
176301	-0.45
177724	-0.49
175096	-0.53
177658	-0.54
175525	-0.57
175492	-0.58
174669	-0.61
179472	-0.61
177985	-0.64
186085	-0.67
178577	-0.69
266861	-0.72
191648	-0.75
266859	-0.82
180833	-0.85
174841	-0.88
174676	-1.00
181491	-1.05
176287	-1.07
176807	-1.13
181705	-1.20
266830	-1.46
175546	-1.56
180522	-1.59
172981	-1.64
173078	-1.80
176509	-1.89
175493	-1.89
