266837	7.10
173078	5.32
180359	4.07
181491	3.78
176509	3.58
180833	3.43
172732	3.02
175316	2.88
175546	2.80
180942	2.50
175462	2.24
176380	2.05
178074	1.97
177364	1.88
178987	1.80
180357	1.78
177190	1.59
180522	1.55
180767	1.54
174705	1.52
175492	1.43
172893	1.32
176287	1.27
180671	1.25
172243	1.23
178577	1.23
178933	1.20
174458	1.13
174478	1.12
175549	1.12
177985	1.00
175716	1.00
174423	0.98
176118	0.94
174659	0.92
181705	0.88
172743	0.67
181250	0.65
175877	0.45
174141	0.45
179472	0.41
176083	0.41
181044	0.37
175993	0.32
186085	0.27
175819	0.24
174676	0.22
178121	0.22
186326	0.21
172251	0.17
178507	0.17
174841	0.16
177658	0.13
3565921	0.07
175493	0.06
180040	0.05
179941	0.04
176137	-0.03
181269	-0.04
179899	-0.08
178066	-0.10
172858	-0.10
179153	-0.13
177724	-0.14
180072	-0.16
174203	-0.17
172074	-0.17
175419	-0.19
191648	-0.20
178089	-0.21
176301	-0.24
24104262	-0.32
171809	-0.33
177161	-0.39
179534	-0.41
176437	-0.43
172959	-0.48
175096	-0.48
186325	-0.50
172250	-0.53
178415	-0.57
178049	-0.58
191677	-0.59
266830	-0.59
177521	-0.61
174367	-0.62
176807	-0.64
188792	-0.66
181588	-0.68
173260	-0.70
191670	-0.70
191667	-0.79
179267	-0.79
179533	-0.79
266859	-0.80
178536	-0.81
172860	-0.81
174571	-0.82
175972	-0.82
172329	-0.82
175501	-0.83
176748	-0.83
172468	-0.84
173744	-0.85
176373	-0.85
176146	-0.87
178943	-0.88
176439	-0.88
178866	-0.88
174318	-0.88
173235	-0.89
179936	-0.91
173873	-0.91
173858	-0.92
176385	-0.92
172249	-0.94
174421	-0.97
176071	-0.98
180073	-0.99
179999	-1.00
176196	-1.01
177503	-1.05
176268	-1.11
179502	-1.14
174371	-1.15
174669	-1.16
171692	-1.16
176161	-1.19
171602	-1.20
178279	-1.20
177753	-1.22
174443	-1.24
180028	-1.24
176358	-1.26
175879	-1.26
172802	-1.27
175703	-1.29
171750	-1.31
172268	-1.31
178012	-1.33
176891	-1.34
178778	-1.35
177583	-1.36
172044	-1.38
174351	-1.41
171917	-1.41
175006	-1.43
174346	-1.44
176359	-1.49
179779	-1.49
178988	-1.49
177481	-1.49
178024	-1.51
191680	-1.51
174330	-1.56
181036	-1.58
175525	-1.61
174333	-1.61
179739	-1.62
176718	-1.64
172901	-1.64
177873	-1.64
175976	-1.77
179671	-1.78
172467	-1.79
177342	-1.79
173334	-1.80
178280	-1.81
176503	-1.83
171975	-1.89
172942	-1.97
174379	-2.05
174603	-2.11
180535	-2.14
266861	-2.20
175813	-2.24
172201	-2.26
172801	-2.41
