175546	5.55
172981	5.32
177985	4.32
176509	4.14
178074	3.62
266837	3.46
174458	3.01
180522	2.65
177364	2.49
176287	2.45
181491	2.38
175493	2.22
179941	2.06
174676	2.05
176083	2.02
178507	1.96
175549	1.91
172858	1.82
175972	1.79
176380	1.72
180833	1.68
180359	1.63
175316	1.59
175096	1.57
172732	1.48
177190	1.42
178987	1.42
172249	1.38
173744	1.37
174669	1.29
24104262	1.26
178933	1.17
175492	1.17
181705	1.13
173334	1.13
178280	1.00
174571	0.97
174478	0.91
176137	0.84
175716	0.84
172893	0.77
175819	0.76
174421	0.69
173858	0.68
175877	0.67
174318	0.57
174659	0.56
175462	0.52
176118	0.52
178024	0.49
175993	0.49
176196	0.47
172801	0.42
180767	0.38
175703	0.38
177753	0.38
180357	0.35
179472	0.28
174203	0.27
172243	0.26
177724	0.24
180942	0.23
180040	0.17
172251	0.09
176161	0.00
179936	-0.02
181036	-0.03
177658	-0.05
181588	-0.07
178988	-0.08
176439	-0.09
174330	-0.10
178121	-0.11
176359	-0.13
174705	-0.13
172743	-0.15
178089	-0.16
175501	-0.17
177521	-0.17
174603	-0.17
186326	-0.19
176301	-0.20
175419	-0.21
188792	-0.24
180072	-0.25
176503	-0.25
179502	-0.26
179153	-0.27
181269	-0.27
178943	-0.32
178536	-0.32
191677	-0.32
180671	-0.34
179534	-0.35
266859	-0.40
178066	-0.40
174423	-0.41
172044	-0.43
179779	-0.45
174141	-0.45
175525	-0.46
3565921	-0.54
176748	-0.56
172467	-0.57
191680	-0.58
186085	-0.58
171975	-0.61
178866	-0.61
186325	-0.69
179899	-0.69
181044	-0.73
176807	-0.73
181250	-0.73
177342	-0.74
179671	-0.75
172250	-0.75
177583	-0.77
180073	-0.81
173873	-0.82
178577	-0.84
177503	-0.84
172329	-0.85
178049	-0.87
191667	-0.88
177161	-0.88
172860	-0.88
172959	-0.88
177873	-0.91
191648	-0.92
172802	-0.93
174367	-0.96
174841	-0.96
174333	-0.99
179533	-1.01
180028	-1.04
176437	-1.08
171602	-1.08
266861	-1.09
172942	-1.12
176385	-1.12
175006	-1.14
178279	-1.16
171809	-1.25
176268	-1.31
173260	-1.31
171750	-1.32
171692	-1.34
172074	-1.34
266830	-1.35
176891	-1.39
175879	-1.41
175813	-1.41
179999	-1.42
174351	-1.44
172468	-1.45
179267	-1.47
171917	-1.47
172268	-1.53
178415	-1.57
191670	-1.60
177481	-1.72
178012	-1.75
172901	-1.80
173235	-1.82
176718	-1.84
176358	-1.90
174371	-1.92
176146	-1.95
176071	-1.95
175976	-1.98
174346	-2.06
174379	-2.12
179739	-2.15
172201	-2.20
180535	-2.20
176373	-2.34
174443	-2.38
178778	-2.48
