176146	19.48
174379	17.50
179739	16.35
177481	16.31
176071	15.46
176891	15.33
178012	14.82
173260	14.64
174371	14.06
176718	13.49
171692	13.43
172901	13.35
172201	13.26
174443	11.94
175879	11.76
171750	11.41
177503	10.98
171602	10.66
173873	10.58
172074	10.50
175501	10.47
177583	9.97
178279	9.26
179153	8.92
180535	8.02
172743	6.71
178778	5.87
174367	4.55
176268	3.98
174330	3.70
175716	3.48
176373	3.30
174421	3.18
179936	3.17
178507	3.12
180028	2.86
176437	2.80
179671	2.79
178415	2.71
179999	2.64
172860	2.58
177521	2.55
174318	2.53
175703	2.52
176161	2.45
179779	2.38
171917	2.26
186326	2.23
179534	2.18
180073	2.13
174351	2.07
178943	2.02
178536	1.77
186325	1.67
174346	1.66
174141	1.55
179941	1.52
179533	1.49
174603	1.47
178866	1.41
176385	1.40
173744	1.35
172044	1.34
175877	1.33
176380	1.33
175316	1.32
177364	1.29
178066	1.27
173334	1.27
177342	1.27
188792	1.26
172802	1.25
181044	1.23
171809	1.23
178089	1.23
173858	1.18
178988	1.16
177753	1.14
172732	1.07
175819	1.06
176503	1.05
178049	0.97
172858	0.84
172959	0.82
174423	0.77
180072	0.76
176137	0.70
266837	0.64
191667	0.62
179899	0.61
191670	0.57
171975	0.57
177161	0.56
176083	0.52
181269	0.51
175096	0.51
176196	0.51
174571	0.50
180359	0.48
174478	0.47
172942	0.45
181588	0.43
176359	0.43
179267	0.37
176748	0.36
175419	0.34
181491	0.33
172467	0.32
174203	0.31
172243	0.31
174705	0.27
178074	0.27
180671	0.26
172893	0.24
191648	0.24
175492	0.24
191677	0.19
176358	0.17
172329	0.15
178280	0.15
177873	0.12
175813	0.12
179502	0.11
180942	0.10
181250	0.10
180357	0.09
176118	0.08
175972	0.05
177985	-0.00
172250	-0.01
191680	-0.03
176807	-0.06
181036	-0.09
178987	-0.11
3565921	-0.14
174458	-0.20
24104262	-0.20
176439	-0.21
180522	-0.23
174669	-0.25
176301	-0.30
178933	-0.32
174841	-0.32
186085	-0.34
177190	-0.36
172801	-0.36
179472	-0.42
175976	-0.43
174659	-0.50
172468	-0.51
175006	-0.53
175462	-0.54
174333	-0.55
175549	-0.55
181705	-0.68
174676	-0.69
175993	-0.70
180767	-0.71
180040	-0.86
172981	-0.89
172249	-0.95
178024	-0.98
176509	-1.05
180833	-1.11
172268	-1.13
266861	-1.14
178577	-1.14
178121	-1.22
177724	-1.23
177658	-1.27
175546	-1.28
175493	-1.29
172251	-1.45
266830	-1.48
173078	-1.82
266859	-1.86
176287	-2.31
175525	-2.40
