177481	20.63
174371	17.74
172074	17.34
175501	16.26
171602	16.20
178012	16.17
176891	15.91
172201	15.45
173235	14.64
177583	14.29
176146	14.24
176071	14.20
171692	13.74
175879	13.60
174379	13.20
172901	12.98
177503	12.38
179739	12.31
176718	10.13
174443	9.93
171750	9.90
173873	8.81
172743	8.63
180535	7.51
178279	7.30
174367	5.38
178778	5.24
174330	5.04
175716	4.91
178943	4.79
178507	4.73
174421	4.73
179153	4.38
176268	4.12
179999	3.93
176437	3.58
174318	3.57
179936	3.43
174351	3.41
178536	3.40
178089	3.39
179779	3.38
175703	3.22
178415	3.15
173334	3.12
174346	2.90
172860	2.86
173744	2.83
175819	2.83
179534	2.76
180028	2.72
175877	2.71
174141	2.65
177753	2.54
171809	2.34
176161	2.34
177342	2.24
178866	2.23
179941	2.13
179671	2.12
175316	2.09
174333	2.04
174478	2.04
172044	2.00
186325	1.94
181044	1.86
174603	1.82
171917	1.75
175419	1.75
172942	1.75
173858	1.71
176373	1.67
186326	1.67
178987	1.66
177364	1.60
180357	1.54
180359	1.53
176196	1.53
175972	1.48
177521	1.46
172802	1.45
178988	1.40
181036	1.40
176118	1.38
176503	1.38
174705	1.35
172329	1.30
176137	1.28
177161	1.26
178049	1.16
171975	1.08
172858	1.05
174423	1.03
172959	1.00
176748	0.97
174571	0.90
266837	0.88
180073	0.86
180942	0.85
176301	0.85
176380	0.82
174203	0.73
181269	0.72
180767	0.71
175006	0.69
3565921	0.68
172467	0.67
191648	0.62
188792	0.61
180671	0.60
176083	0.59
191670	0.58
176385	0.58
178074	0.56
178280	0.55
175096	0.54
177190	0.53
176359	0.46
172893	0.43
179502	0.41
181250	0.40
179533	0.40
180833	0.39
174841	0.36
178066	0.34
186085	0.28
180072	0.28
172243	0.19
191677	0.19
174659	0.18
172801	0.17
175492	0.16
181491	0.09
181588	0.07
175813	0.06
180522	0.03
175993	0.02
174458	-0.00
176439	-0.03
174669	-0.06
179267	-0.11
172732	-0.15
177985	-0.16
175549	-0.16
191667	-0.21
24104262	-0.26
179899	-0.27
177873	-0.28
180040	-0.33
178933	-0.35
176807	-0.41
175462	-0.43
178577	-0.46
172250	-0.46
176358	-0.47
175976	-0.50
191680	-0.56
178121	-0.63
172981	-0.70
174676	-0.71
177724	-0.72
181705	-0.83
179472	-0.86
178024	-0.89
172251	-0.97
175525	-0.98
172468	-1.10
172268	-1.18
176509	-1.28
266861	-1.30
173078	-1.31
175493	-1.33
266830	-1.39
172249	-1.46
176287	-1.49
175546	-1.54
177658	-1.73
266859	-2.02
