173744	15.73
179941	12.21
178943	11.15
178988	11.05
177753	10.99
173858	9.96
171975	9.65
176161	9.56
172942	9.40
174571	8.46
175877	8.24
175972	8.21
176196	7.34
174318	6.71
175703	6.37
179779	6.11
175819	6.00
174141	5.40
176503	4.90
174421	4.66
179534	4.56
174330	4.41
174333	4.41
179671	4.41
176118	4.25
178536	4.15
172044	4.02
174603	3.95
177583	3.90
178507	3.86
171809	3.85
172743	3.70
172959	3.60
178089	3.55
175879	3.46
177342	3.39
174423	3.38
172802	3.36
172201	3.32
178012	3.24
175501	3.23
176891	3.18
175006	3.14
173260	3.12
174351	3.08
176748	3.07
172858	3.02
177161	2.97
174478	2.97
174371	2.83
176268	2.81
174346	2.78
180028	2.76
174379	2.72
176301	2.70
176385	2.66
178415	2.64
175716	2.61
172860	2.60
178866	2.59
172074	2.54
174669	2.54
171602	2.49
172329	2.48
177190	2.47
176439	2.46
171917	2.42
172901	2.35
171692	2.34
176071	2.33
177481	2.29
174203	2.28
174676	2.23
179739	2.15
177521	2.14
174841	2.08
186325	2.04
176437	1.94
172468	1.90
175316	1.82
186326	1.80
176718	1.79
176146	1.77
174458	1.72
178279	1.65
181036	1.59
175096	1.56
176359	1.51
179999	1.50
175549	1.50
180073	1.49
175419	1.46
180522	1.44
178778	1.44
179936	1.34
174659	1.31
266859	1.29
180040	1.29
175525	1.29
191680	1.28
177503	1.27
173235	1.27
171750	1.25
173078	1.13
173873	1.07
174443	1.06
180072	1.02
176373	0.99
180535	0.92
3565921	0.86
178066	0.85
176807	0.84
174367	0.83
191667	0.74
172250	0.66
178933	0.65
188792	0.65
178987	0.64
172467	0.58
191677	0.54
172801	0.50
266830	0.46
175493	0.42
181491	0.39
178049	0.30
179533	0.21
179899	0.18
191670	0.13
172251	0.09
175976	0.08
172268	0.08
176509	0.07
177724	0.04
180359	0.03
176358	0.02
177658	-0.07
176083	-0.09
175813	-0.13
179153	-0.17
177873	-0.19
176287	-0.24
180671	-0.28
178074	-0.31
175993	-0.31
179472	-0.32
186085	-0.33
172249	-0.35
175492	-0.36
181705	-0.36
180767	-0.44
266861	-0.48
174705	-0.49
180942	-0.50
175546	-0.53
176380	-0.62
178577	-0.63
191648	-0.71
178280	-0.73
179267	-0.73
178024	-0.73
181044	-0.76
181250	-0.79
24104262	-0.80
266837	-0.91
178121	-1.02
177364	-1.06
179502	-1.16
176137	-1.17
172732	-1.17
180357	-1.28
175462	-1.33
177985	-1.33
181588	-1.33
181269	-1.39
180833	-1.60
172243	-1.71
172893	-1.75
172981	-1.80
