173334	15.73
178988	13.91
178943	11.39
179941	11.17
177753	10.60
175877	10.20
176161	9.27
174571	8.95
173858	8.70
171975	8.60
172942	8.54
176196	8.41
175972	8.33
176503	5.92
174318	5.89
177161	5.38
179671	4.69
176748	4.66
175703	4.55
174333	4.46
175819	4.43
178536	4.35
174676	4.31
171917	4.30
178866	4.22
171809	4.08
179534	4.08
176301	3.95
174330	3.86
179779	3.81
178507	3.75
174421	3.75
174603	3.73
172802	3.68
172074	3.67
176385	3.52
174371	3.43
174423	3.41
174659	3.39
175879	3.35
178089	3.34
177190	3.33
172329	3.32
178012	3.32
174346	3.20
174141	3.18
178415	3.17
174669	3.16
172743	3.07
171602	3.04
174458	3.03
172860	3.03
180040	3.02
175096	2.92
175006	2.88
177342	2.85
173260	2.83
176118	2.77
176268	2.75
172201	2.74
175549	2.69
171692	2.66
175501	2.65
177481	2.65
176359	2.44
175525	2.41
177583	2.41
176439	2.39
174841	2.36
172959	2.35
186325	2.33
3565921	2.21
186326	2.21
176891	2.11
179999	2.03
172901	2.02
175716	2.00
179739	1.97
266859	1.87
172468	1.84
176146	1.83
176071	1.81
176373	1.67
177521	1.67
178778	1.65
174203	1.57
180073	1.50
172467	1.50
175316	1.48
176437	1.41
177873	1.41
173078	1.37
174351	1.35
173235	1.35
178074	1.30
172801	1.29
174379	1.27
177503	1.20
178279	1.15
172250	1.11
172044	1.09
180028	1.08
180072	1.06
177658	1.03
174443	0.95
174367	0.92
176718	0.92
176807	0.91
178280	0.86
174478	0.84
175813	0.83
176358	0.82
191680	0.79
175419	0.77
172268	0.74
181036	0.73
180359	0.65
172858	0.61
266837	0.58
180535	0.57
188792	0.54
171750	0.51
178066	0.50
175976	0.47
178049	0.41
179502	0.39
181491	0.37
177364	0.37
172251	0.33
179472	0.26
178987	0.25
178933	0.23
191677	0.21
176509	0.21
191667	0.20
180522	0.15
172249	0.15
176083	0.13
179936	0.06
173873	0.01
266830	0.01
191670	-0.04
179899	-0.13
175493	-0.17
180942	-0.22
181044	-0.27
174705	-0.33
191648	-0.34
177724	-0.39
178577	-0.41
179267	-0.44
179153	-0.44
175546	-0.49
181269	-0.53
266861	-0.56
176287	-0.60
180671	-0.63
178024	-0.75
181250	-0.83
181588	-0.83
172981	-0.85
178121	-0.93
175993	-0.94
175492	-0.95
172243	-0.99
180357	-1.08
176137	-1.14
175462	-1.15
186085	-1.18
179533	-1.18
181705	-1.31
177985	-1.38
180833	-1.40
176380	-1.44
180767	-1.49
172732	-1.57
172893	-1.72
24104262	-2.18
