171750	17.80
174443	16.87
176718	13.88
177503	13.03
174379	12.60
179153	11.50
175879	11.45
171602	11.34
176891	11.30
178012	10.77
171692	10.65
173235	10.58
179739	10.58
172201	10.55
172901	10.54
175501	10.42
176146	10.38
176071	10.37
177481	9.49
173260	8.81
174371	8.72
178279	8.61
177583	8.27
178778	7.57
172074	7.39
180535	6.97
172743	6.49
180028	5.13
176373	4.70
179936	4.46
174367	4.36
172942	3.89
173858	3.42
174330	3.32
179779	3.30
176268	3.00
174478	2.91
175716	2.61
178415	2.57
171975	2.41
177342	2.25
174603	2.23
174318	2.14
175819	2.10
178507	2.05
172860	2.01
188792	1.99
176503	1.91
172044	1.89
174571	1.82
178089	1.80
175703	1.67
174421	1.66
172858	1.66
179999	1.56
175976	1.52
179671	1.51
177521	1.48
174351	1.47
174333	1.46
179534	1.46
176196	1.39
174346	1.38
172959	1.17
174141	1.16
191667	1.15
176437	1.11
266861	1.11
181044	1.09
173334	1.07
191680	1.06
172467	1.06
176161	1.01
175993	0.92
178066	0.92
186085	0.83
186326	0.80
172802	0.79
179267	0.78
180073	0.75
186325	0.68
178943	0.63
176380	0.63
176748	0.55
176137	0.55
191677	0.54
175877	0.51
178933	0.50
179472	0.45
171917	0.45
177753	0.43
176083	0.43
179533	0.42
171809	0.40
181491	0.38
176118	0.34
180072	0.33
191670	0.28
178049	0.28
175316	0.23
176385	0.22
178074	0.20
177724	0.18
176358	0.16
176359	0.15
3565921	0.15
179941	0.14
191648	0.11
24104262	0.09
179502	0.09
172732	0.08
177161	0.08
172801	0.06
179899	0.04
173744	0.01
178988	-0.00
180767	-0.06
175525	-0.07
178536	-0.12
177658	-0.14
175006	-0.14
180671	-0.15
172468	-0.17
181036	-0.20
174705	-0.26
181250	-0.29
175972	-0.32
178577	-0.39
175419	-0.43
175492	-0.43
172243	-0.45
176807	-0.46
178024	-0.47
172250	-0.48
175549	-0.48
174841	-0.51
177190	-0.51
181269	-0.53
175462	-0.57
181588	-0.59
178987	-0.63
176301	-0.65
177985	-0.70
174669	-0.72
172249	-0.73
172329	-0.76
173078	-0.82
180359	-0.84
181705	-0.86
178866	-0.86
180357	-0.90
178280	-0.90
172981	-0.91
176509	-0.92
174423	-0.94
175493	-0.95
174676	-0.95
175546	-1.04
177873	-1.05
175813	-1.10
175096	-1.11
174203	-1.12
180833	-1.13
180522	-1.18
172251	-1.23
176287	-1.23
174458	-1.24
180942	-1.25
266837	-1.26
180040	-1.32
176439	-1.33
178121	-1.36
172893	-1.40
266859	-1.44
177364	-1.56
266830	-1.70
172268	-1.73
174659	-2.09
