171975	15.14
176161	14.01
179941	13.52
172942	12.84
174571	11.80
178943	11.53
177753	10.90
173334	9.96
178988	9.77
173744	8.70
176196	8.44
179779	7.59
175972	6.53
176118	5.51
174141	5.48
175877	5.46
176503	5.21
179534	4.48
174318	4.48
179671	4.31
178778	4.29
180028	4.29
175819	4.24
177342	4.10
174478	4.04
177658	4.03
174421	3.81
176373	3.69
176718	3.60
173873	3.42
179936	3.34
174603	3.33
171750	3.29
178089	3.22
174351	2.96
178536	2.86
174330	2.74
172801	2.68
178507	2.62
175879	2.56
175703	2.55
174333	2.51
174443	2.51
177503	2.42
174379	2.39
172329	2.33
175525	2.32
172802	2.31
172044	2.27
172959	2.25
177161	2.16
172858	2.08
171917	2.06
176748	2.06
175976	2.06
171602	1.86
172901	1.82
176891	1.82
179739	1.78
173260	1.71
171692	1.70
177521	1.62
176071	1.61
174676	1.61
176268	1.61
178279	1.61
174203	1.59
179153	1.58
176385	1.54
172201	1.52
172860	1.47
175006	1.46
177583	1.45
175501	1.45
176301	1.42
191680	1.29
179472	1.28
174841	1.28
174371	1.26
172467	1.24
172074	1.21
186326	1.19
173235	1.18
171809	1.18
188792	1.17
176146	1.17
176359	1.10
266861	1.05
178415	1.04
172268	1.03
178012	1.01
175549	0.99
172250	0.97
266859	0.97
174669	0.95
180073	0.88
178280	0.87
179899	0.83
179999	0.81
176439	0.77
174423	0.71
173078	0.68
178066	0.65
172743	0.65
175316	0.63
191667	0.60
175716	0.60
178049	0.54
174346	0.49
180040	0.49
177481	0.46
177190	0.43
172468	0.42
175096	0.41
175493	0.40
172251	0.38
176437	0.38
191677	0.37
3565921	0.37
176807	0.30
181491	0.29
186325	0.27
191670	0.21
178866	0.10
178933	0.05
174705	-0.01
174659	-0.07
176358	-0.09
181036	-0.14
180072	-0.20
180535	-0.20
181705	-0.21
175419	-0.21
175993	-0.22
178987	-0.34
178074	-0.36
174458	-0.37
172732	-0.39
186085	-0.42
179502	-0.47
180671	-0.51
176509	-0.59
175813	-0.61
266837	-0.62
179267	-0.63
178577	-0.65
180522	-0.68
24104262	-0.71
266830	-0.75
179533	-0.75
172249	-0.77
178024	-0.83
180359	-0.87
181588	-0.88
172981	-0.92
180942	-0.93
176083	-0.94
191648	-0.96
174367	-0.97
177873	-1.04
176137	-1.07
175546	-1.09
180767	-1.10
172243	-1.12
177724	-1.15
175462	-1.21
181044	-1.28
181250	-1.28
176287	-1.32
181269	-1.32
176380	-1.40
178121	-1.45
180357	-1.45
177985	-1.47
180833	-1.72
175492	-1.85
172893	-1.88
177364	-2.28
