176161	6.57
173858	5.48
173334	5.40
178943	5.36
171975	4.96
179671	4.83
174423	4.81
179941	4.50
176118	4.37
179779	4.34
172942	4.32
177753	4.11
180028	4.02
178988	3.54
173744	3.18
175972	3.06
172201	2.86
172901	2.78
179739	2.75
178012	2.68
173260	2.65
175879	2.56
174379	2.46
174603	2.36
175501	2.35
174571	2.30
176718	2.27
176146	2.26
174443	2.23
177503	2.22
176891	2.21
175716	2.17
171692	2.09
175006	2.02
176503	2.01
175877	2.01
172802	1.91
175703	1.77
176385	1.77
176196	1.76
176071	1.75
178089	1.75
179472	1.72
177583	1.71
179899	1.71
172074	1.63
171602	1.63
174318	1.55
173235	1.55
178536	1.49
172044	1.46
177481	1.38
177342	1.36
177161	1.35
172858	1.31
171750	1.27
179534	1.24
175316	1.22
178778	1.17
172860	1.16
173873	1.16
171917	1.15
176301	1.14
176437	1.14
171809	1.13
174841	1.09
174478	1.07
180359	1.07
172329	1.06
174351	1.06
175819	0.98
186325	0.96
176439	0.96
176748	0.95
172959	0.95
177658	0.94
177724	0.94
172743	0.93
181036	0.92
176268	0.86
177190	0.85
181705	0.85
174371	0.84
177521	0.81
178507	0.76
174333	0.76
174458	0.76
174669	0.75
179936	0.74
191680	0.73
176358	0.70
178415	0.68
180073	0.65
3565921	0.63
178279	0.63
176373	0.58
180671	0.54
186326	0.50
175549	0.49
175419	0.49
179153	0.46
172981	0.45
179999	0.42
174676	0.37
179533	0.36
174330	0.36
174421	0.35
178866	0.30
176359	0.23
178049	0.22
172250	0.21
178933	0.16
172468	0.16
180072	0.12
175546	0.10
181491	0.10
178121	0.10
188792	0.09
175525	0.07
176380	0.05
175096	0.04
172268	0.03
179502	-0.01
180833	-0.05
174659	-0.06
174346	-0.06
177985	-0.06
181250	-0.08
191667	-0.09
175813	-0.10
178280	-0.12
174203	-0.13
180535	-0.15
172467	-0.16
176083	-0.18
174367	-0.19
177873	-0.23
191677	-0.24
178066	-0.33
176137	-0.37
172801	-0.42
172251	-0.43
173078	-0.45
180767	-0.48
180522	-0.49
176509	-0.52
175993	-0.53
178577	-0.53
181588	-0.55
177364	-0.55
191670	-0.55
180040	-0.55
266830	-0.56
175493	-0.57
176807	-0.60
178987	-0.66
172243	-0.69
179267	-0.71
191648	-0.78
266861	-0.80
178074	-0.82
186085	-0.91
180942	-0.94
176287	-1.00
178024	-1.00
180357	-1.02
175976	-1.05
181269	-1.10
175492	-1.15
266837	-1.21
266859	-1.36
174705	-1.37
172249	-1.38
172893	-1.39
24104262	-1.49
172732	-1.61
175462	-2.13
181044	-2.17
