178507	6.23
266837	5.47
176196	4.81
174330	3.97
175819	3.93
174421	3.79
175877	3.43
179534	3.29
174318	3.05
177753	2.77
175316	2.73
178988	2.68
177521	2.29
173334	2.28
176161	2.27
175972	2.27
178415	2.23
178943	2.08
174351	2.05
172468	2.03
178866	2.01
178987	1.88
172860	1.84
186325	1.79
186326	1.77
174346	1.72
179941	1.68
174705	1.66
173858	1.59
173744	1.57
172858	1.55
176268	1.55
176359	1.54
266859	1.53
175703	1.48
174423	1.47
172743	1.44
3565921	1.43
175813	1.42
177364	1.39
178089	1.38
174841	1.32
266830	1.27
174603	1.25
178536	1.24
176118	1.23
174458	1.21
172250	1.17
172268	1.10
171917	1.09
176301	1.08
177873	1.04
180073	1.02
191667	1.01
175493	1.00
191680	0.99
180028	0.98
174333	0.96
177985	0.95
174571	0.89
172251	0.88
176373	0.79
171809	0.78
174669	0.78
178066	0.73
173260	0.73
172329	0.69
172942	0.68
172467	0.65
179533	0.64
175501	0.63
172074	0.60
178121	0.58
172802	0.57
172959	0.57
172893	0.57
176071	0.55
181036	0.55
176437	0.54
175006	0.52
180072	0.52
175492	0.52
176083	0.47
178778	0.46
178933	0.45
172901	0.45
177583	0.45
174371	0.45
178074	0.43
176439	0.43
171975	0.42
172044	0.42
178012	0.40
174676	0.40
174478	0.40
180357	0.37
179739	0.37
179779	0.36
178279	0.36
175419	0.33
173235	0.31
176509	0.30
172249	0.29
177481	0.28
175525	0.28
173078	0.27
176891	0.26
180535	0.25
172201	0.24
174659	0.23
177503	0.22
176146	0.21
181044	0.19
180040	0.18
180767	0.16
175879	0.12
178049	0.12
175096	0.12
191677	0.12
176287	0.06
181491	0.06
178280	0.06
176385	0.05
179999	0.04
176503	0.03
177161	0.01
174379	0.00
176380	-0.10
180942	-0.10
175976	-0.10
176358	-0.11
172801	-0.12
176718	-0.12
175462	-0.12
176807	-0.13
174141	-0.13
179267	-0.13
171602	-0.16
179936	-0.16
172981	-0.17
175549	-0.17
178024	-0.20
24104262	-0.21
177342	-0.22
179472	-0.23
188792	-0.26
175716	-0.27
177658	-0.39
177190	-0.40
191670	-0.44
171750	-0.54
179502	-0.57
180833	-0.57
174367	-0.62
175546	-0.63
179671	-0.64
176748	-0.64
180522	-0.67
186085	-0.67
176137	-0.71
178577	-0.72
175993	-0.86
171692	-0.88
266861	-0.95
177724	-0.99
179153	-1.05
173873	-1.12
174443	-1.17
179899	-1.32
180359	-1.40
172732	-1.40
181705	-1.46
181250	-1.46
172243	-1.49
191648	-1.57
181588	-1.77
180671	-2.09
181269	-2.36
