176503	10.36
172802	8.74
176196	7.09
174318	6.94
174330	6.41
175819	5.89
177753	5.87
176748	5.73
175525	5.67
174346	5.31
172467	5.22
266859	5.14
175549	5.12
172044	5.03
177161	4.93
179671	4.84
176439	4.81
174351	4.76
172959	4.69
178988	4.61
176301	4.54
172801	4.50
173744	4.46
176268	4.42
173334	4.41
179999	4.33
180040	4.32
174659	4.30
171809	4.26
174478	4.23
175877	4.20
175976	4.17
175972	4.14
172743	4.03
179534	4.02
179779	3.99
172858	3.91
172942	3.81
172468	3.79
176385	3.76
176287	3.67
174571	3.61
174421	3.59
175501	3.56
171602	3.55
175703	3.49
174841	3.41
171917	3.35
176358	3.25
266861	3.23
178943	3.21
172201	3.21
178074	3.21
175879	3.19
174676	3.08
178507	3.04
178536	3.04
178089	3.01
172329	3.01
177583	2.89
174367	2.88
177342	2.88
172249	2.85
178415	2.82
172268	2.80
176359	2.76
177503	2.75
177658	2.71
178280	2.70
179941	2.62
3565921	2.53
178279	2.53
173858	2.51
175813	2.51
172074	2.48
174371	2.44
180028	2.38
178012	2.33
174669	2.33
181044	2.33
177481	2.30
176373	2.30
175716	2.27
177190	2.22
176083	2.14
172901	2.06
173260	2.04
266830	2.02
177873	1.98
176161	1.94
179502	1.84
172251	1.81
174458	1.76
171750	1.75
179936	1.75
176071	1.74
176718	1.72
171975	1.72
176437	1.69
175006	1.68
176891	1.62
175993	1.61
173873	1.46
178778	1.46
180767	1.43
171692	1.37
176118	1.30
181036	1.29
174443	1.28
176146	1.26
174423	1.23
191677	1.12
178866	1.12
172860	1.08
180535	1.02
175419	0.99
180522	0.96
174203	0.96
176509	0.92
179739	0.86
186325	0.83
174141	0.76
178049	0.49
188792	0.45
179267	0.42
179153	0.42
179533	0.36
191680	0.30
175096	0.22
191670	0.22
179899	0.19
175493	0.19
174379	0.09
180073	0.08
175316	0.07
177521	0.04
177985	0.04
180072	0.00
178933	-0.00
178066	-0.01
178121	-0.01
181491	-0.04
181250	-0.12
191667	-0.13
172250	-0.14
174603	-0.14
175462	-0.17
177724	-0.17
178024	-0.18
24104262	-0.21
178987	-0.29
180359	-0.32
174705	-0.34
179472	-0.37
176380	-0.40
186326	-0.48
173235	-0.55
180357	-0.55
266837	-0.64
172732	-0.68
181705	-0.74
176807	-0.74
180942	-0.86
181588	-0.92
178577	-0.94
176137	-0.95
173078	-0.99
180671	-1.01
180833	-1.09
172893	-1.09
181269	-1.12
191648	-1.17
175546	-1.24
175492	-1.28
186085	-1.59
172981	-1.61
172243	-2.06
177364	-2.41
