175703	10.22
174421	8.78
178089	8.39
176268	7.99
172044	7.61
172959	7.51
174330	7.45
172858	7.31
174318	6.96
175819	6.83
179779	6.62
177753	6.16
178415	6.15
174478	6.12
176196	5.69
175972	5.54
174346	5.17
172743	5.11
174333	4.76
178943	4.67
179941	4.57
176118	4.31
175501	4.16
177342	4.16
172901	4.14
176161	3.80
171809	3.75
178988	3.68
172201	3.68
176891	3.60
176718	3.58
173260	3.41
179936	3.32
180028	3.23
178279	3.18
174371	3.17
175877	3.17
173334	3.08
178507	3.07
178536	3.01
177503	3.01
177481	2.99
173858	2.96
178012	2.92
174379	2.91
176146	2.87
176071	2.86
172074	2.83
179999	2.80
175879	2.78
175316	2.76
178778	2.64
171602	2.64
172802	2.58
176358	2.43
172468	2.43
175549	2.42
177583	2.41
172467	2.38
175716	2.26
174571	2.25
172329	2.16
179739	2.09
173235	2.07
176301	2.06
174203	2.05
171692	1.98
174443	1.97
176439	1.95
176385	1.85
172942	1.85
179534	1.82
171975	1.55
174603	1.53
174841	1.48
173873	1.47
24104262	1.44
174423	1.41
172801	1.39
171750	1.37
173744	1.35
174669	1.33
176748	1.32
176503	1.26
176373	1.22
176437	1.14
175976	1.13
174141	1.06
181036	1.03
180522	0.97
177190	0.88
174367	0.85
172249	0.82
266830	0.80
176083	0.80
191677	0.76
175493	0.65
175813	0.64
176807	0.63
176287	0.62
174676	0.61
266859	0.58
175419	0.56
172251	0.55
191670	0.54
175525	0.49
180535	0.42
177985	0.41
178049	0.39
175096	0.37
186325	0.32
180357	0.31
266861	0.31
174458	0.29
180671	0.24
175993	0.23
179899	0.23
191680	0.21
178024	0.19
179671	0.19
176359	0.16
181044	0.14
172250	0.14
178280	0.13
174659	0.09
179153	0.09
186326	0.06
179267	0.05
178066	0.05
176137	0.01
172268	-0.00
172860	-0.02
174705	-0.05
181269	-0.07
180767	-0.09
3565921	-0.11
188792	-0.11
175492	-0.12
178121	-0.15
181250	-0.19
186085	-0.25
177161	-0.31
177658	-0.31
179502	-0.32
177521	-0.32
177724	-0.34
181588	-0.35
181491	-0.37
178933	-0.38
178577	-0.39
179472	-0.42
179533	-0.43
177364	-0.46
175462	-0.47
178987	-0.49
176380	-0.49
171917	-0.52
180359	-0.53
180072	-0.59
180040	-0.70
172893	-0.70
191667	-0.72
191648	-0.81
180073	-0.81
175006	-0.85
177873	-0.87
178074	-0.91
172732	-1.02
180833	-1.08
176509	-1.17
181705	-1.17
180942	-1.20
266837	-1.20
175546	-1.30
172981	-1.41
173078	-1.44
178866	-1.57
172243	-1.77
