171809	8.56
172959	7.75
172044	7.14
176268	6.37
174333	5.31
174351	5.17
178089	5.06
178536	4.77
174318	4.62
174421	4.41
174330	4.11
175819	4.03
174478	3.76
177342	3.71
178415	3.71
172201	3.71
179999	3.58
171602	3.56
175501	3.53
175703	3.45
174371	3.37
175879	3.36
172901	3.34
172743	3.32
178988	3.28
179779	3.28
179739	3.22
173744	3.20
176748	3.19
176503	3.15
177583	3.01
171692	2.98
176146	2.95
180535	2.94
174367	2.94
173260	2.90
174379	2.83
173334	2.78
177753	2.77
177481	2.67
174571	2.66
179936	2.62
176196	2.55
178012	2.52
172802	2.51
178507	2.49
176891	2.49
172468	2.45
176071	2.44
176718	2.42
177503	2.41
174841	2.40
174443	2.32
176385	2.26
175877	2.24
172858	2.20
172074	2.09
179941	2.06
175525	1.96
178778	1.93
175316	1.93
171750	1.91
172467	1.88
177161	1.80
175549	1.75
174203	1.72
175972	1.70
173235	1.66
176439	1.64
176359	1.64
174603	1.58
172942	1.56
176301	1.56
178943	1.54
171917	1.52
175976	1.51
177190	1.51
174659	1.42
173873	1.38
179671	1.35
179534	1.35
178279	1.34
266859	1.34
175716	1.29
180073	1.29
172860	1.26
176358	1.25
174458	1.24
266830	1.22
181044	1.13
171975	1.08
186326	1.05
175813	1.01
178866	0.95
172801	0.93
178049	0.92
180040	0.92
180028	0.92
172268	0.87
176437	0.86
172329	0.84
3565921	0.81
186325	0.75
181036	0.73
176161	0.70
172251	0.68
180522	0.66
177521	0.63
176118	0.54
174423	0.51
188792	0.51
173858	0.49
180072	0.41
176373	0.39
178066	0.36
180359	0.36
191667	0.32
266861	0.30
177658	0.25
178280	0.24
175006	0.21
191677	0.07
191670	0.04
175419	0.04
179899	0.01
191680	0.01
175993	0.01
181250	-0.00
179267	-0.02
179472	-0.02
174141	-0.06
176807	-0.06
177724	-0.09
176287	-0.10
174669	-0.12
178024	-0.15
175096	-0.15
180357	-0.17
174705	-0.24
178577	-0.24
180767	-0.26
180671	-0.27
172249	-0.29
172732	-0.30
178121	-0.32
181588	-0.33
176137	-0.34
178987	-0.40
179153	-0.42
191648	-0.45
180942	-0.46
178074	-0.47
178933	-0.56
24104262	-0.62
175493	-0.64
180833	-0.65
186085	-0.68
176083	-0.70
181705	-0.71
175462	-0.71
174676	-0.76
179533	-0.77
172243	-0.78
177873	-0.81
179502	-0.87
181491	-1.10
181269	-1.12
172250	-1.17
177364	-1.28
175546	-1.38
172981	-1.44
176509	-1.47
175492	-1.48
266837	-1.75
172893	-1.83
173078	-2.06
176380	-2.14
177985	-3.33
