179739	19.00
176146	17.73
173235	17.50
176718	16.80
178012	16.49
176891	16.35
176071	15.02
172901	14.82
172201	14.48
171692	14.39
174443	14.34
177481	13.46
173260	13.20
175879	12.77
173873	12.60
171602	12.17
177503	12.03
171750	11.86
174371	11.67
172074	10.07
175501	9.70
177583	9.64
180535	9.09
178279	8.54
179153	7.53
178778	6.66
172743	6.60
174367	5.22
180028	4.73
179936	4.71
176268	4.45
179779	4.25
172860	3.67
174318	3.61
176161	3.57
179671	3.55
174330	3.50
177521	3.28
174603	3.01
174421	2.97
176373	2.95
174351	2.91
174346	2.83
173334	2.72
186326	2.67
172044	2.59
175716	2.50
174141	2.46
173858	2.39
180073	2.37
177342	2.33
175703	2.32
178415	2.23
178943	2.23
178089	2.16
177753	2.10
176359	2.04
178507	1.98
179941	1.98
186325	1.98
179999	1.96
178536	1.95
176503	1.87
176437	1.84
172802	1.77
175819	1.71
172959	1.65
171917	1.62
178866	1.53
179534	1.51
176118	1.48
175316	1.35
188792	1.35
173744	1.27
180072	1.27
171809	1.27
177364	1.22
176196	1.17
178066	1.12
178049	1.12
175972	1.10
177161	1.10
172942	1.05
179899	1.04
176137	0.96
178988	0.95
181036	0.94
181269	0.93
176385	0.91
172329	0.88
191670	0.83
174571	0.81
175877	0.78
174478	0.73
191680	0.70
3565921	0.70
181044	0.68
191667	0.65
172858	0.64
176748	0.62
181250	0.61
175006	0.56
181588	0.55
174423	0.49
171975	0.45
176083	0.44
174705	0.40
24104262	0.39
178280	0.39
175976	0.37
175419	0.35
178987	0.25
179267	0.24
179472	0.19
175813	0.17
176358	0.15
180671	0.15
176380	0.13
191648	0.11
176807	0.10
176301	0.09
180357	0.09
191677	0.09
174333	0.09
172243	0.08
174203	0.00
186085	-0.01
178933	-0.04
172732	-0.04
176439	-0.07
175096	-0.07
172893	-0.07
172468	-0.17
180942	-0.19
175492	-0.19
172467	-0.24
179533	-0.33
172801	-0.33
181491	-0.35
178074	-0.45
174669	-0.50
175462	-0.55
180522	-0.56
177190	-0.61
179502	-0.66
180040	-0.66
180359	-0.68
181705	-0.73
178577	-0.75
172268	-0.76
266837	-0.76
177658	-0.79
177873	-0.80
178024	-0.85
266861	-0.86
177724	-0.88
172251	-0.89
174841	-0.97
172250	-0.97
177985	-0.98
174458	-1.05
180767	-1.06
178121	-1.09
174659	-1.10
175493	-1.15
175993	-1.21
180833	-1.24
175525	-1.40
172249	-1.50
266859	-1.52
174676	-1.58
175549	-1.60
175546	-1.78
266830	-1.87
176287	-1.95
172981	-2.05
173078	-2.12
176509	-2.78
