177481	20.82
172074	19.66
173260	17.74
178012	17.30
176071	15.28
176891	15.12
176146	15.04
171602	14.54
172201	14.43
175501	14.39
173235	14.06
171692	13.77
175879	13.34
179739	12.67
177583	12.42
172901	11.83
174379	11.67
172743	11.00
177503	10.17
174443	9.76
176718	9.03
171750	8.87
173873	8.72
178279	7.90
180535	7.47
175716	6.39
174367	6.07
178507	5.62
174421	5.38
178778	5.35
174330	5.10
176268	5.05
174318	4.68
179153	4.54
176437	4.18
178415	4.08
179999	3.78
173744	3.43
174346	3.37
179534	3.36
175703	3.32
178536	3.29
181044	3.27
178943	3.18
174351	3.17
179936	2.98
171809	2.96
175877	2.96
173334	2.83
171917	2.74
178866	2.62
177753	2.60
172959	2.60
175819	2.55
174333	2.44
172802	2.32
176196	2.27
177342	2.24
176373	2.16
175972	2.14
178089	2.08
172860	2.03
172044	1.98
175419	1.96
180028	1.95
178988	1.94
174603	1.91
175316	1.91
176748	1.82
181036	1.68
179779	1.68
176301	1.67
176161	1.64
186325	1.60
174478	1.58
177161	1.57
172329	1.54
172942	1.53
176385	1.53
179671	1.48
180359	1.47
176083	1.43
179941	1.42
177190	1.40
186326	1.39
174571	1.34
176503	1.33
173858	1.26
177364	1.25
176380	1.24
174423	1.24
172858	1.18
177521	0.99
179533	0.95
174659	0.91
171975	0.89
175549	0.88
174141	0.84
174841	0.83
172893	0.83
178074	0.82
266837	0.81
178280	0.80
180767	0.80
178049	0.79
174705	0.74
180073	0.68
191670	0.64
177873	0.64
180040	0.61
181250	0.57
176359	0.55
175492	0.51
174669	0.48
175976	0.47
178987	0.47
178577	0.46
174203	0.45
175096	0.43
172801	0.35
191648	0.32
181269	0.31
180942	0.31
180357	0.27
180072	0.27
179502	0.26
176358	0.26
186085	0.25
174458	0.17
266830	0.15
180522	0.15
3565921	0.14
176439	0.14
176137	0.14
172468	0.12
178933	0.12
175006	0.09
175813	0.03
179267	0.02
178121	-0.00
188792	-0.02
191677	-0.03
175462	-0.04
181588	-0.05
180671	-0.08
178066	-0.08
172467	-0.08
172732	-0.13
175993	-0.14
172243	-0.15
177985	-0.17
180833	-0.24
179472	-0.27
172250	-0.27
172249	-0.31
177724	-0.40
181705	-0.44
175525	-0.44
181491	-0.49
174676	-0.49
176118	-0.54
266861	-0.56
191680	-0.58
24104262	-0.62
179899	-0.69
191667	-0.71
172251	-0.71
176807	-0.74
176509	-0.79
175493	-0.93
172268	-0.94
178024	-1.03
172981	-1.15
266859	-1.31
177658	-1.60
175546	-1.62
176287	-1.70
173078	-1.92
