180535	16.72
181044	8.01
178012	6.99
177481	6.15
174371	6.07
176146	5.93
172901	5.92
172074	5.75
176891	5.65
175879	5.54
177583	5.49
173260	5.38
176071	5.25
174379	5.22
179739	5.20
171602	4.98
172201	4.95
177503	4.83
176718	4.81
173235	4.55
175501	4.38
174443	4.36
173873	4.36
172743	4.08
171750	3.86
171692	3.86
179153	3.35
180767	3.31
175716	3.17
178279	2.97
174346	2.94
174333	2.88
176503	2.79
174318	2.46
180359	2.29
178415	2.24
181250	2.22
174330	2.08
181036	2.00
176748	1.96
177161	1.94
179999	1.86
174478	1.80
176437	1.71
171809	1.69
176268	1.67
175419	1.64
179671	1.63
174705	1.60
180942	1.57
174421	1.56
172044	1.47
178987	1.37
172732	1.37
186325	1.37
172329	1.36
180671	1.35
172802	1.33
178507	1.29
180040	1.25
175819	1.22
186326	1.18
172893	1.15
171917	1.14
177190	1.13
180073	1.12
180072	1.11
177521	1.07
180357	1.07
180028	1.07
179267	0.97
178866	0.95
175525	0.92
173744	0.92
178577	0.91
172860	0.91
178049	0.87
174351	0.85
266837	0.83
173334	0.83
3565921	0.75
179533	0.71
180833	0.71
180522	0.69
172959	0.69
179899	0.68
176358	0.66
175993	0.66
178536	0.59
179936	0.58
175976	0.58
179779	0.52
174571	0.51
175549	0.49
178024	0.43
176359	0.42
177753	0.40
176385	0.38
174841	0.38
174659	0.38
176301	0.36
172858	0.35
179534	0.32
175703	0.30
174423	0.30
178089	0.27
178280	0.27
178988	0.25
175462	0.23
181269	0.20
191667	0.17
172801	0.14
176807	0.14
178121	0.11
191670	0.09
179941	0.07
176118	0.05
191677	0.05
188792	0.03
175316	0.01
176196	0.01
176137	-0.01
176439	-0.02
172467	-0.04
266859	-0.05
191648	-0.07
178778	-0.09
177342	-0.10
178943	-0.11
172243	-0.12
176380	-0.16
172268	-0.19
174141	-0.19
266861	-0.25
176161	-0.28
175972	-0.29
181705	-0.31
177724	-0.34
181588	-0.36
175006	-0.36
175877	-0.41
178933	-0.43
172249	-0.45
175492	-0.50
181491	-0.51
177658	-0.56
176083	-0.56
175546	-0.57
178066	-0.62
191680	-0.62
172981	-0.62
174203	-0.62
172251	-0.63
178074	-0.68
175493	-0.71
174676	-0.72
171975	-0.84
177873	-0.85
175813	-0.85
176509	-0.89
175096	-0.96
173078	-0.96
173858	-0.97
176287	-1.01
179472	-1.01
179502	-1.02
174458	-1.11
172468	-1.13
24104262	-1.17
176373	-1.18
172942	-1.23
177364	-1.27
177985	-1.31
266830	-1.47
174669	-1.59
186085	-1.73
174603	-2.01
172250	-2.59
