174330	19.16
174421	18.73
175819	15.09
176196	9.16
178507	8.13
178988	7.73
176268	7.68
175972	7.34
174351	6.96
174333	6.94
177753	6.93
173334	6.71
172959	6.14
173744	5.89
178943	5.74
175703	5.60
175877	5.54
172802	5.49
178415	5.46
172743	5.30
176161	5.02
171809	4.81
174371	4.68
174346	4.62
175716	4.59
177481	4.57
179941	4.51
173858	4.48
178012	4.33
172942	4.29
172044	4.22
179534	4.15
178089	4.07
175879	4.07
174571	4.02
174478	3.96
178279	3.95
172201	3.93
176503	3.84
179779	3.75
172901	3.74
175501	3.72
179739	3.64
175549	3.61
174379	3.61
171975	3.58
173260	3.57
172858	3.50
172074	3.50
176301	3.43
171692	3.43
176718	3.39
176385	3.36
176146	3.36
176439	3.34
171602	3.27
176437	3.19
178536	3.18
176071	3.06
174203	3.05
179671	2.92
172329	2.91
176891	2.87
177583	2.81
174676	2.80
174841	2.76
177503	2.72
172801	2.63
179999	2.60
174443	2.58
173235	2.53
176748	2.50
172467	2.50
174367	2.46
175096	2.23
177342	2.21
174423	2.17
173873	2.14
178778	2.08
171750	2.03
172249	2.00
174603	1.97
177161	1.97
180522	1.94
181036	1.93
180028	1.93
175419	1.83
176373	1.77
174659	1.73
179936	1.72
172468	1.71
176359	1.71
174669	1.63
177190	1.59
174141	1.55
3565921	1.51
172251	1.51
188792	1.48
175525	1.33
172860	1.22
180535	1.21
175316	1.20
176083	1.18
180040	1.15
171917	1.14
178074	1.10
176807	1.07
180072	1.03
266837	1.03
176118	1.00
266859	0.93
175976	0.88
191670	0.82
191677	0.81
180671	0.80
179533	0.80
266830	0.77
266861	0.72
178066	0.72
181491	0.68
181044	0.67
177521	0.64
179153	0.63
180073	0.58
173078	0.57
186326	0.57
179502	0.55
172732	0.51
178280	0.51
176287	0.50
175993	0.45
178933	0.44
178049	0.41
177658	0.40
178987	0.34
179267	0.24
175492	0.17
174458	0.13
175813	0.13
186325	0.03
172250	0.02
176358	0.00
175493	-0.00
172268	-0.01
24104262	-0.04
180359	-0.10
178866	-0.14
177724	-0.16
191680	-0.18
176380	-0.19
178577	-0.21
191667	-0.28
177985	-0.28
177364	-0.30
175006	-0.31
176509	-0.37
180767	-0.37
178024	-0.40
179899	-0.43
178121	-0.47
176137	-0.48
175462	-0.52
191648	-0.54
181705	-0.62
180357	-0.64
172893	-0.74
181269	-0.84
172981	-0.88
180942	-0.95
179472	-1.06
175546	-1.07
177873	-1.28
174705	-1.30
180833	-1.36
172243	-1.40
181588	-1.41
186085	-1.96
181250	-1.97
