174318	19.16
174421	16.28
175819	13.47
178507	9.38
176196	9.16
174351	7.45
176268	7.14
178415	6.72
172743	6.51
174333	6.41
175703	6.24
175877	6.13
177481	6.06
177753	6.04
175972	5.97
178988	5.49
175501	5.27
179534	5.21
174371	5.10
178943	5.04
173260	5.04
172074	4.91
178012	4.81
172959	4.80
171602	4.79
172901	4.75
175879	4.73
174478	4.66
172201	4.57
176071	4.49
173334	4.41
176891	4.31
172802	4.29
177583	4.29
172942	4.19
174346	4.11
178089	4.06
172044	3.98
174203	3.97
172467	3.97
176503	3.97
176146	3.91
173744	3.86
177503	3.76
173235	3.70
172858	3.68
171809	3.66
178279	3.61
174379	3.50
176437	3.47
171750	3.46
179739	3.43
176161	3.42
173873	3.32
171692	3.31
179779	3.26
176718	3.20
179941	3.16
175549	3.13
174571	3.01
177342	2.97
175716	2.92
173858	2.74
176385	2.71
171975	2.58
174443	2.55
178536	2.51
179999	2.50
176373	2.36
176083	2.31
174676	2.29
180028	2.28
174669	2.22
172249	2.18
172329	2.11
174367	2.08
178778	2.05
174603	2.02
179153	2.00
176301	1.99
266837	1.94
172801	1.91
178933	1.88
179671	1.84
176439	1.78
180535	1.76
175976	1.67
174841	1.62
178074	1.58
180522	1.56
172468	1.54
174423	1.49
176748	1.47
175419	1.47
175096	1.46
177161	1.39
179502	1.38
175993	1.36
172251	1.28
175316	1.21
174659	1.09
175525	1.07
174458	1.03
177190	0.96
178987	0.86
266859	0.84
172250	0.83
172860	0.80
266861	0.76
266830	0.73
178049	0.71
178280	0.68
179936	0.68
188792	0.68
181044	0.67
177521	0.65
176359	0.65
171917	0.63
181036	0.60
179533	0.60
3565921	0.45
176358	0.38
191670	0.36
174141	0.36
180040	0.34
176137	0.33
175813	0.31
177724	0.31
178024	0.28
175492	0.27
177985	0.25
180073	0.22
178866	0.18
191677	0.16
172732	0.12
176807	0.11
178577	0.10
176118	0.08
176380	0.05
177364	0.02
181491	0.01
180072	0.00
178121	-0.01
180671	-0.03
179267	-0.08
173078	-0.10
178066	-0.16
24104262	-0.19
186325	-0.25
180767	-0.26
181269	-0.38
186326	-0.42
172268	-0.42
175462	-0.42
179472	-0.42
191667	-0.51
176287	-0.55
174705	-0.61
180359	-0.66
180357	-0.69
186085	-0.69
175493	-0.69
191680	-0.71
191648	-0.74
172893	-0.76
180942	-0.77
175006	-0.79
176509	-0.80
179899	-0.89
177873	-0.89
177658	-0.91
181588	-0.97
181250	-1.11
172243	-1.18
180833	-1.25
181705	-1.28
175546	-1.38
172981	-1.56
