176437	6.63
175716	6.20
175703	5.64
174141	4.81
176118	4.37
175316	4.16
180028	4.14
175877	3.67
174603	3.44
173744	3.41
173334	3.38
175819	3.25
178507	3.18
178089	3.16
178943	2.82
180359	2.78
175419	2.67
174421	2.65
179533	2.56
181491	2.38
179534	2.29
172743	2.28
175972	2.27
172329	2.26
174318	2.17
176161	2.16
175492	2.15
179936	2.03
172942	1.95
177753	1.92
179941	1.91
171809	1.89
174571	1.87
180767	1.82
178988	1.79
176301	1.76
178415	1.73
171975	1.62
174330	1.49
174203	1.47
181036	1.47
172074	1.44
174351	1.41
176196	1.40
178536	1.33
174371	1.24
174333	1.23
178012	1.22
177481	1.22
176146	1.22
175501	1.16
172468	1.12
178866	1.06
173260	1.03
172981	0.98
174669	0.98
176385	0.97
175879	0.96
177364	0.94
175096	0.90
174841	0.89
176891	0.89
172250	0.86
175493	0.85
172467	0.84
172901	0.80
176071	0.78
171602	0.78
173235	0.77
176268	0.71
178577	0.71
173858	0.71
175462	0.70
178074	0.65
186325	0.64
3565921	0.61
174346	0.51
174379	0.49
175549	0.47
172201	0.46
191670	0.45
177724	0.43
172858	0.41
172959	0.37
179671	0.36
175993	0.34
174367	0.30
177342	0.27
266837	0.26
176439	0.21
174458	0.21
171692	0.20
179779	0.17
176503	0.16
179739	0.15
178049	0.14
176359	0.12
177583	0.09
172802	0.09
181044	0.08
178933	0.06
181705	0.04
174443	0.03
172860	0.01
179899	-0.01
180073	-0.06
175546	-0.06
180942	-0.06
176509	-0.07
178279	-0.08
176358	-0.09
186326	-0.10
266830	-0.17
174659	-0.17
180671	-0.17
180535	-0.17
175525	-0.18
180833	-0.19
180522	-0.21
176718	-0.25
180072	-0.26
181588	-0.27
171917	-0.30
177521	-0.33
179267	-0.34
191680	-0.34
180357	-0.35
176287	-0.35
186085	-0.38
176083	-0.40
174478	-0.41
173078	-0.41
178121	-0.42
181269	-0.43
191648	-0.44
174676	-0.44
191667	-0.46
175813	-0.47
24104262	-0.48
172044	-0.50
179472	-0.50
177190	-0.50
177161	-0.51
175006	-0.51
176807	-0.55
178778	-0.55
178066	-0.55
177503	-0.56
172732	-0.57
176373	-0.63
171750	-0.65
191677	-0.65
178280	-0.79
178987	-0.81
177873	-0.83
172251	-0.91
172268	-0.92
173873	-0.94
188792	-1.03
177985	-1.07
179999	-1.07
174705	-1.08
266859	-1.09
180040	-1.19
172243	-1.20
172249	-1.28
179153	-1.39
181250	-1.41
172893	-1.43
178024	-1.48
176748	-1.53
175976	-1.65
176137	-1.68
176380	-1.78
172801	-2.07
266861	-2.10
179502	-2.12
177658	-2.19
