174659	6.58
266859	5.56
174676	5.44
175877	5.04
176385	5.03
175813	5.02
172802	4.88
176287	4.80
176301	4.74
176439	4.69
266830	4.63
172468	4.58
177161	4.40
178074	4.37
177873	4.14
171917	4.12
178280	3.99
180040	3.89
179502	3.87
172801	3.70
176359	3.68
175549	3.67
175096	3.55
172268	3.50
172467	3.49
174669	3.38
178536	3.22
174841	3.16
176358	3.15
176503	3.09
172249	3.09
178507	3.06
173744	3.03
173078	3.01
175972	2.93
175525	2.93
176083	2.75
177658	2.64
172329	2.50
177190	2.49
179534	2.36
175316	2.22
176268	2.04
176748	2.03
178866	2.02
3565921	2.01
177985	1.83
175976	1.77
174333	1.76
177753	1.74
175006	1.72
173334	1.72
174603	1.68
266837	1.64
172251	1.64
177364	1.61
179671	1.61
178933	1.61
180359	1.60
178988	1.56
176196	1.54
177342	1.47
175703	1.46
171809	1.46
176509	1.33
186325	1.29
174346	1.24
172250	1.23
174203	1.21
176437	1.19
174421	1.16
172981	1.13
266861	1.10
172959	1.05
174330	1.03
174705	0.92
181250	0.92
176118	0.86
172858	0.81
175546	0.80
180522	0.80
181491	0.79
174141	0.76
178943	0.73
172743	0.72
178987	0.68
179899	0.67
178121	0.65
172942	0.64
180357	0.61
179941	0.60
179999	0.54
175501	0.52
172044	0.50
172201	0.44
172860	0.44
172074	0.41
175819	0.41
177583	0.41
178049	0.36
172901	0.35
175493	0.34
175419	0.32
174351	0.29
180833	0.23
180072	0.23
178012	0.23
181705	0.22
174423	0.21
180073	0.18
174371	0.17
186085	0.17
179267	0.16
180942	0.15
186326	0.15
174318	0.13
188792	0.12
191667	0.11
176891	0.09
179779	0.05
181588	0.05
175716	0.05
176137	0.04
178089	0.03
178066	0.03
191677	0.00
173260	-0.00
176380	-0.01
175492	-0.01
171602	-0.01
178415	-0.03
176373	-0.09
179739	-0.10
171692	-0.10
191670	-0.12
177521	-0.15
191680	-0.17
179472	-0.18
173235	-0.20
179533	-0.22
175879	-0.28
177724	-0.28
176146	-0.28
24104262	-0.31
178778	-0.36
181036	-0.37
173858	-0.37
191648	-0.40
176807	-0.40
181269	-0.42
177481	-0.42
171975	-0.44
176718	-0.47
174571	-0.47
176161	-0.49
180535	-0.52
178024	-0.53
176071	-0.54
172243	-0.60
175462	-0.67
180671	-0.67
172732	-0.82
174478	-0.91
181044	-0.93
177503	-0.98
174379	-1.05
174367	-1.11
180767	-1.16
173873	-1.24
179936	-1.27
175993	-1.28
178279	-1.42
178577	-1.48
180028	-1.52
174443	-1.61
172893	-1.71
171750	-1.83
179153	-1.84
