173873	16.87
171750	15.77
176718	14.85
174379	14.34
171692	13.96
176146	13.95
172201	13.92
177503	13.66
176891	13.35
171602	13.21
179739	13.05
178012	12.68
172901	12.52
175879	12.43
173235	11.94
176071	11.57
177481	11.01
173260	9.93
174371	9.76
178279	9.42
175501	9.20
178778	8.77
172074	8.70
179153	8.56
180535	8.24
177583	7.69
172743	5.76
180028	5.32
176373	4.88
179936	4.72
174367	4.36
179779	3.58
178415	3.20
179671	3.05
177342	2.96
175716	2.85
172942	2.81
176268	2.70
176161	2.58
174318	2.58
174330	2.55
173858	2.51
171975	2.50
172860	2.47
178943	2.43
174346	2.32
174141	2.23
176503	2.19
174571	2.05
179999	1.99
174351	1.97
178089	1.88
188792	1.66
174603	1.54
177521	1.49
174421	1.46
178507	1.41
179534	1.40
171917	1.29
174333	1.28
172044	1.21
186326	1.16
180073	1.15
177161	1.09
173334	1.06
172858	1.00
186325	1.00
177753	0.98
174478	0.96
173744	0.95
176196	0.95
172802	0.90
176437	0.90
176748	0.90
175976	0.82
179899	0.82
179941	0.79
176359	0.78
178066	0.77
178988	0.77
175703	0.76
176385	0.70
191667	0.70
175877	0.68
175819	0.65
191677	0.64
172329	0.64
172959	0.63
176358	0.63
176118	0.61
191648	0.54
175006	0.53
171809	0.51
176083	0.49
191680	0.47
179502	0.44
172801	0.44
179267	0.42
175316	0.42
178049	0.41
178933	0.41
178536	0.41
3565921	0.40
180671	0.38
176380	0.36
178280	0.36
172468	0.33
186085	0.27
191670	0.24
180072	0.20
176137	0.18
175993	0.16
174705	0.12
181036	0.12
174841	0.11
172467	0.06
174423	0.03
24104262	-0.01
181044	-0.02
175813	-0.06
172243	-0.12
266861	-0.13
175525	-0.15
178074	-0.18
181269	-0.19
176807	-0.19
175972	-0.21
177364	-0.23
175419	-0.24
181250	-0.30
179472	-0.31
177873	-0.33
176439	-0.34
178866	-0.39
177190	-0.39
177724	-0.43
172732	-0.45
179533	-0.46
174669	-0.48
178577	-0.48
178987	-0.49
172249	-0.52
178024	-0.56
181705	-0.57
175096	-0.63
176301	-0.66
175549	-0.67
177658	-0.69
172250	-0.71
172268	-0.76
175492	-0.77
181588	-0.84
172893	-0.91
177985	-0.91
180040	-0.91
180357	-0.94
181491	-0.97
175462	-0.99
180767	-0.99
172251	-1.00
180942	-1.02
180359	-1.02
266859	-1.05
175546	-1.15
174203	-1.17
174659	-1.21
172981	-1.24
266837	-1.28
176287	-1.33
180833	-1.41
180522	-1.46
266830	-1.51
175493	-1.54
174676	-1.55
174458	-1.61
176509	-1.72
178121	-1.79
173078	-2.38
