172858	6.39
174351	6.12
179779	5.37
178089	5.26
172044	4.80
175819	4.79
174330	4.66
172959	4.52
172942	4.48
174421	4.33
174333	4.23
174571	4.21
175703	4.15
179936	4.06
173858	4.04
174318	3.96
176118	3.83
174346	3.76
175316	3.68
171750	3.57
171975	3.55
172743	3.51
180028	3.50
177503	3.47
177190	3.35
175549	3.29
175879	3.19
175993	3.11
179941	3.06
173334	2.97
177583	2.96
173873	2.91
176503	2.89
171809	2.78
178507	2.74
176196	2.66
178415	2.60
175501	2.44
171602	2.36
266861	2.23
172901	2.16
176891	2.10
175976	2.10
179534	2.09
173260	2.04
181044	2.01
178012	2.01
175525	1.99
177753	1.99
176268	1.93
177658	1.92
172074	1.91
175972	1.84
176071	1.81
174367	1.80
176718	1.78
175716	1.77
179999	1.76
178778	1.76
176373	1.70
180522	1.64
176146	1.61
174371	1.58
180767	1.53
177481	1.47
172801	1.47
176748	1.39
178536	1.37
179153	1.34
174669	1.32
172201	1.27
172467	1.26
178279	1.25
177342	1.17
172802	1.16
172981	1.12
178943	1.08
174141	1.07
266837	1.02
176437	1.01
178988	0.97
174443	0.96
177161	0.95
173078	0.91
176439	0.90
173744	0.84
176161	0.80
172732	0.79
175877	0.75
171692	0.74
174379	0.73
179533	0.73
179739	0.67
180671	0.64
176301	0.59
174841	0.50
173235	0.47
176083	0.42
24104262	0.42
172249	0.40
174203	0.40
178024	0.39
176385	0.38
172468	0.37
174676	0.35
174659	0.26
186085	0.23
172329	0.18
180359	0.17
191677	0.17
178933	0.09
177724	0.08
176380	0.07
175546	0.05
180833	-0.03
3565921	-0.06
178577	-0.15
179472	-0.15
178074	-0.16
191680	-0.16
172893	-0.17
178049	-0.18
174705	-0.22
177985	-0.26
179899	-0.26
172251	-0.26
180040	-0.27
180357	-0.29
175419	-0.32
180535	-0.32
181250	-0.33
178066	-0.37
266859	-0.39
176287	-0.40
174423	-0.41
179671	-0.46
174603	-0.46
181491	-0.52
176807	-0.57
191670	-0.57
172243	-0.59
175492	-0.61
181036	-0.61
176137	-0.63
176509	-0.65
179267	-0.68
191667	-0.72
181588	-0.72
180942	-0.74
188792	-0.80
178280	-0.82
181269	-0.83
172250	-0.84
172268	-0.89
176358	-0.90
178987	-0.91
186326	-0.91
174458	-0.91
178121	-0.93
177521	-0.94
172860	-0.98
179502	-1.01
171917	-1.01
181705	-1.02
180072	-1.04
180073	-1.09
175462	-1.12
175493	-1.18
266830	-1.23
175006	-1.28
186325	-1.37
176359	-1.39
175813	-1.45
177873	-1.45
191648	-1.46
178866	-2.05
175096	-2.33
177364	-2.60
