174318	18.73
175819	16.66
174330	16.28
178507	11.82
174351	8.78
175972	7.74
175703	7.55
176196	7.25
172959	5.83
178089	5.78
178988	5.58
177753	5.39
174371	5.38
175877	5.34
171809	5.32
178943	5.27
179534	5.27
172743	5.21
176268	5.08
177481	5.03
172074	4.82
173260	4.73
173334	4.66
179941	4.45
174346	4.41
174478	4.33
175501	4.26
178415	4.25
178536	4.22
176071	4.21
175716	4.20
176161	4.10
175316	4.02
172858	3.92
172201	3.91
172044	3.87
173858	3.81
174203	3.79
173744	3.75
172901	3.75
177583	3.71
176891	3.70
178012	3.69
174333	3.59
172942	3.57
176146	3.41
175879	3.38
171975	3.22
173235	3.18
174571	3.17
175549	3.06
180028	2.98
174379	2.97
174841	2.94
180522	2.94
176301	2.91
179779	2.89
179739	2.81
179936	2.80
172802	2.80
176437	2.77
179999	2.77
178279	2.76
172329	2.71
171692	2.66
174423	2.65
177190	2.50
174603	2.43
177342	2.42
175419	2.36
181036	2.19
176718	2.09
174659	2.07
171602	2.04
176439	1.98
177503	1.91
176083	1.84
172468	1.74
266837	1.71
174669	1.69
173873	1.66
174367	1.56
175492	1.52
174443	1.46
174676	1.42
172467	1.42
176503	1.35
171750	1.34
178778	1.23
176118	1.21
181491	1.21
174458	1.16
175096	1.16
180359	1.15
176748	1.12
177161	1.11
176385	1.09
172249	1.07
172801	1.04
177364	1.04
266830	1.03
178987	1.01
3565921	1.00
178933	0.96
176807	0.92
179533	0.84
179671	0.80
180535	0.72
173078	0.69
178866	0.67
181044	0.63
176359	0.54
176380	0.53
178074	0.53
180942	0.53
178280	0.51
176373	0.48
191670	0.44
175993	0.42
24104262	0.42
175462	0.35
174141	0.35
171917	0.34
172251	0.32
191677	0.28
180767	0.23
172732	0.20
180357	0.20
177985	0.19
176358	0.18
178066	0.17
180040	0.16
178577	0.15
180671	0.14
172860	0.11
175493	0.06
179153	0.02
175006	-0.00
177658	-0.02
178121	-0.02
177724	-0.02
176287	-0.06
174705	-0.13
266861	-0.18
179899	-0.18
188792	-0.20
186085	-0.21
176137	-0.22
178024	-0.24
181269	-0.25
178049	-0.25
175813	-0.25
172250	-0.26
175976	-0.29
172268	-0.29
186326	-0.30
179267	-0.32
175525	-0.35
177521	-0.37
180072	-0.38
266859	-0.38
186325	-0.55
179472	-0.59
191680	-0.59
181588	-0.63
179502	-0.64
176509	-0.65
175546	-0.71
191648	-0.83
180833	-0.87
172893	-0.87
172981	-0.97
180073	-1.00
191667	-1.02
181705	-1.08
172243	-1.37
181250	-1.52
177873	-2.18
