171975	12.33
173858	11.80
179941	11.27
176161	9.80
172942	9.54
178988	9.29
173744	8.95
177753	8.74
173334	8.46
178943	8.12
172044	6.48
176196	6.41
171809	5.29
175877	4.99
175819	4.73
176118	4.64
175972	4.64
178536	4.60
179936	4.47
172959	4.40
176503	4.38
178089	4.25
174478	4.21
177342	4.10
176748	4.03
174318	4.02
179779	3.70
174333	3.61
172858	3.53
172329	3.29
174421	3.17
175316	3.13
176373	3.11
174330	3.01
180028	2.74
174346	2.66
178778	2.61
177658	2.51
178507	2.50
171750	2.49
175976	2.43
174141	2.30
174351	2.25
179534	2.22
171602	2.13
174603	2.09
177161	2.08
174443	2.05
179671	2.05
176268	2.04
174423	1.87
175879	1.84
175703	1.84
173873	1.82
175501	1.77
175525	1.77
178415	1.72
175006	1.63
176301	1.47
177481	1.46
177583	1.42
172802	1.37
172901	1.36
174371	1.34
179999	1.31
176718	1.24
175716	1.21
175096	1.20
179472	1.17
176146	1.14
177503	1.13
3565921	1.09
266861	1.09
179739	1.08
172074	1.02
266859	0.98
173078	0.97
171692	0.96
176071	0.92
177190	0.91
173260	0.90
174203	0.89
178066	0.88
178012	0.86
171917	0.83
174841	0.82
174379	0.81
186326	0.80
178280	0.77
174676	0.75
177873	0.75
172201	0.74
172249	0.72
172801	0.70
172732	0.66
176359	0.64
172250	0.57
174659	0.56
174367	0.51
179153	0.51
173235	0.50
176891	0.48
176385	0.43
175549	0.40
172743	0.39
174669	0.38
180040	0.36
191677	0.32
176439	0.32
191680	0.28
176358	0.28
172467	0.28
177521	0.21
178866	0.20
178279	0.20
179899	0.18
180073	0.14
172268	0.13
188792	0.07
176437	0.06
178933	0.04
178987	0.04
191670	-0.03
179502	-0.11
172860	-0.16
178049	-0.16
172468	-0.17
180535	-0.20
175419	-0.24
175813	-0.29
186325	-0.29
175546	-0.29
172251	-0.31
180671	-0.37
174705	-0.38
178577	-0.42
191667	-0.46
266837	-0.46
174458	-0.47
181588	-0.49
180072	-0.49
180942	-0.51
191648	-0.51
181044	-0.55
180522	-0.57
178024	-0.59
175993	-0.64
186085	-0.67
180359	-0.67
181491	-0.67
181036	-0.68
181269	-0.68
176807	-0.70
176137	-0.73
24104262	-0.79
177724	-0.80
181705	-0.80
176509	-0.80
172981	-0.82
266830	-0.85
175493	-0.93
179267	-1.00
176287	-1.07
172243	-1.11
181250	-1.12
180833	-1.21
180357	-1.30
179533	-1.33
175462	-1.34
178121	-1.34
177985	-1.51
176083	-1.64
180767	-1.64
175492	-1.71
178074	-1.78
177364	-2.28
172893	-2.35
176380	-2.68
