174458	5.44
176287	5.32
172802	5.00
172249	4.92
178074	4.68
176439	4.55
174659	4.51
172467	4.38
173744	4.31
180040	4.22
175972	4.22
177161	3.93
266859	3.82
174669	3.81
176503	3.75
176196	3.74
172801	3.73
171917	3.70
175813	3.51
178988	3.41
178280	3.30
176385	3.27
179502	3.22
179671	3.14
177658	3.11
266861	3.10
174333	3.08
174318	2.80
177753	2.66
174841	2.64
179534	2.63
176748	2.60
175096	2.49
176301	2.46
177873	2.44
175549	2.37
176509	2.35
176083	2.33
179533	2.33
174330	2.29
173334	2.23
179941	2.22
175877	2.15
266837	2.13
177985	2.07
3565921	2.07
180522	2.05
173078	2.05
172268	2.03
172468	2.00
172251	1.98
178943	1.94
178933	1.93
179779	1.90
175525	1.89
178536	1.86
266830	1.74
172959	1.73
173858	1.61
176358	1.54
174421	1.42
172329	1.37
176161	1.35
177190	1.25
177364	1.18
175703	1.14
176268	1.13
175819	1.06
178866	1.02
179999	0.95
174603	0.91
171809	0.90
181044	0.90
176437	0.90
172250	0.81
174571	0.75
180767	0.75
176359	0.75
178987	0.64
178507	0.62
181491	0.62
174351	0.61
172942	0.60
175546	0.53
176380	0.49
176118	0.48
172860	0.47
180942	0.44
180671	0.43
175976	0.42
174203	0.40
175501	0.38
174141	0.37
177724	0.37
174478	0.35
172858	0.35
176071	0.30
178121	0.28
172074	0.27
172981	0.22
175879	0.22
181036	0.21
191648	0.20
180833	0.18
180357	0.15
175419	0.12
175993	0.10
178279	0.05
181588	0.03
178415	-0.01
186325	-0.02
175006	-0.06
178012	-0.08
176137	-0.09
176807	-0.10
177521	-0.11
172732	-0.12
186326	-0.13
175316	-0.15
24104262	-0.15
181250	-0.16
172893	-0.18
175492	-0.21
172044	-0.23
178049	-0.25
180072	-0.27
174705	-0.28
177583	-0.40
191680	-0.42
179899	-0.42
172243	-0.42
174423	-0.44
179739	-0.45
175716	-0.45
180535	-0.45
179153	-0.47
177342	-0.48
172743	-0.48
174371	-0.49
176146	-0.50
191667	-0.51
178577	-0.51
176373	-0.52
177481	-0.54
178024	-0.55
176718	-0.57
180073	-0.58
180359	-0.58
171975	-0.64
181705	-0.67
171602	-0.67
173235	-0.69
173260	-0.71
176891	-0.71
191670	-0.72
174367	-0.72
179472	-0.74
177503	-0.74
171692	-0.75
174346	-0.76
175462	-0.77
179267	-0.78
178778	-0.78
175493	-0.93
173873	-0.95
172201	-0.97
172901	-1.00
191677	-1.11
178089	-1.26
178066	-1.30
188792	-1.32
181269	-1.34
174443	-1.55
174379	-1.58
180028	-1.67
171750	-1.73
186085	-2.07
179936	-2.72
