178536	5.33
175006	4.53
178866	4.38
175877	4.28
172860	3.98
179534	3.98
178778	3.95
173334	3.95
174841	3.92
176359	3.76
173744	3.73
176301	3.66
176373	3.56
175703	3.49
174423	3.44
175972	3.41
173858	3.33
172942	3.22
175096	3.21
180040	3.20
172468	3.18
177161	3.17
172250	3.15
176385	3.07
174379	3.01
178415	2.86
178988	2.80
178943	2.71
177342	2.69
177753	2.54
175716	2.53
180028	2.51
176161	2.47
171975	2.44
174421	2.43
174141	2.36
266859	2.33
171809	2.26
173873	2.23
179739	2.19
178012	2.16
177481	2.13
174571	2.09
178089	2.08
174330	2.02
179941	2.01
175501	2.01
176718	1.99
174318	1.97
175316	1.95
176071	1.91
176437	1.91
174371	1.91
172802	1.91
179671	1.89
176196	1.86
176891	1.84
178279	1.83
172901	1.83
171692	1.82
173260	1.82
186325	1.74
172743	1.71
175879	1.71
175819	1.71
175976	1.70
174458	1.68
172201	1.67
172268	1.63
177521	1.59
174346	1.58
172044	1.56
176146	1.55
172329	1.54
174443	1.54
174351	1.53
175525	1.52
178507	1.50
173235	1.47
176358	1.47
179779	1.44
3565921	1.41
174669	1.40
171917	1.40
188792	1.34
179936	1.31
177583	1.30
172959	1.27
266861	1.26
174203	1.25
175813	1.18
176748	1.18
172074	1.16
176268	1.13
177658	1.12
176439	1.11
171602	1.11
181036	1.11
179533	1.08
179999	1.07
171750	1.04
176118	1.00
191680	0.99
180522	0.99
175419	0.98
266830	0.98
174676	0.91
178049	0.91
178066	0.89
186326	0.89
174659	0.85
177503	0.85
172251	0.77
176807	0.73
186085	0.73
179502	0.67
191670	0.63
177364	0.62
180359	0.60
176503	0.52
177724	0.46
180072	0.45
178074	0.38
180073	0.35
172858	0.34
178121	0.26
175492	0.22
181491	0.18
176137	0.14
181250	0.13
180671	0.09
172467	0.08
179267	0.07
177190	0.01
191648	0.00
181588	-0.08
191677	-0.09
179153	-0.10
175549	-0.12
174333	-0.14
178577	-0.14
178280	-0.17
173078	-0.17
179472	-0.21
176287	-0.27
175993	-0.29
191667	-0.30
180942	-0.32
176083	-0.32
177873	-0.32
181705	-0.37
174478	-0.46
172801	-0.56
178024	-0.63
180357	-0.69
174705	-0.74
175493	-0.86
180833	-0.86
176380	-0.89
179899	-0.94
176509	-0.96
178933	-1.01
175462	-1.11
180767	-1.14
181269	-1.35
178987	-1.40
172249	-1.58
172243	-1.65
180535	-1.66
172732	-1.81
174367	-2.01
24104262	-2.05
181044	-2.05
175546	-2.07
172981	-2.11
172893	-2.25
177985	-2.50
266837	-2.66
