177161	13.91
180040	12.47
266859	11.56
176301	10.14
176439	9.46
172802	8.45
172268	7.81
171917	7.79
174841	7.70
172329	7.68
176385	7.50
175525	6.87
174458	6.58
177658	6.56
175813	6.28
266830	6.05
177873	6.02
172801	5.71
176358	5.67
176287	5.67
172468	5.63
178280	5.55
175976	5.43
3565921	5.17
179502	4.69
176748	4.67
174676	4.51
176359	4.42
175006	4.38
176503	4.31
174333	4.30
175549	4.25
175972	4.24
172249	3.49
173744	3.39
172251	3.34
175877	3.27
178074	3.26
178866	3.25
179534	3.22
179671	3.08
178536	2.91
177190	2.86
179999	2.72
176437	2.56
178507	2.55
180522	2.54
174669	2.42
176509	2.25
175096	2.24
175316	2.18
176196	2.15
177753	2.10
174421	2.07
172467	1.91
175716	1.83
174318	1.73
179941	1.63
177364	1.55
181036	1.52
172074	1.51
178943	1.46
174346	1.42
266837	1.41
171809	1.36
173334	1.31
172860	1.31
180359	1.28
178988	1.27
186325	1.27
177342	1.22
176373	1.16
175819	1.15
175501	1.13
174330	1.09
178012	1.06
179267	1.00
178089	0.98
176268	0.97
178049	0.96
172942	0.94
172981	0.92
177583	0.92
174371	0.91
181044	0.89
172044	0.87
176083	0.86
174603	0.85
180357	0.84
191670	0.77
176380	0.77
178415	0.74
178066	0.74
180073	0.73
172201	0.72
178987	0.71
186326	0.71
175419	0.70
179533	0.66
180072	0.58
177481	0.58
173078	0.56
174571	0.56
175703	0.53
191677	0.47
266861	0.46
175546	0.39
191667	0.38
174367	0.38
191680	0.36
175879	0.33
177521	0.28
178933	0.26
174478	0.26
174705	0.24
174203	0.23
175493	0.21
180942	0.20
171692	0.19
172901	0.19
175462	0.18
173260	0.18
172959	0.17
172743	0.12
174351	0.09
176118	0.08
181250	0.04
179779	0.01
178121	-0.00
176146	-0.01
174141	-0.06
181491	-0.07
173858	-0.07
179739	-0.08
180833	-0.10
176137	-0.11
176161	-0.12
177503	-0.13
171602	-0.16
174423	-0.17
176891	-0.24
180767	-0.24
177985	-0.26
181588	-0.27
178024	-0.30
177724	-0.35
172732	-0.35
178577	-0.36
181705	-0.40
178279	-0.41
180535	-0.44
175492	-0.44
172250	-0.45
171975	-0.48
173235	-0.50
188792	-0.51
176071	-0.51
24104262	-0.59
172893	-0.65
186085	-0.72
179899	-0.76
175993	-0.76
176807	-0.78
172243	-0.79
178778	-0.83
179153	-0.84
191648	-0.84
181269	-0.86
172858	-0.95
171750	-1.06
179472	-1.08
174379	-1.10
180671	-1.12
180028	-1.18
174443	-1.21
176718	-1.50
179936	-1.56
173873	-2.09
