266830	9.68
176083	7.01
172468	6.58
177873	6.26
175549	5.66
172249	5.48
178074	5.37
175813	5.20
179502	5.04
175096	4.94
177985	4.91
176301	4.56
176439	4.33
172467	4.07
175492	4.06
176287	3.91
175877	3.88
174676	3.81
172250	3.80
176385	3.76
172802	3.72
177190	3.54
176380	3.41
174458	3.38
178988	3.22
172801	3.19
176509	3.16
173744	3.16
175972	3.09
175703	3.05
175493	2.87
266859	2.75
177161	2.72
175006	2.69
174841	2.56
173334	2.54
178933	2.43
174659	2.42
172268	2.34
174333	2.33
174330	2.22
24104262	2.14
171917	2.14
176358	1.98
176196	1.97
172858	1.90
174421	1.69
177658	1.68
180040	1.64
178089	1.63
174318	1.63
178943	1.62
172942	1.52
171975	1.45
174603	1.40
176359	1.37
174351	1.33
178507	1.32
174478	1.32
175525	1.29
173078	1.29
175819	1.26
186325	1.21
179671	1.18
3565921	1.18
175976	1.16
177753	1.05
179941	1.03
178280	1.00
266837	1.00
174423	0.98
173858	0.95
177724	0.91
176161	0.89
178415	0.88
172251	0.84
176503	0.82
174203	0.78
174141	0.75
180522	0.74
181036	0.74
172743	0.68
177342	0.64
175501	0.63
178024	0.62
171809	0.59
178536	0.58
179534	0.55
191677	0.53
176268	0.52
172959	0.51
174371	0.48
177583	0.47
191670	0.41
172329	0.41
176437	0.38
174571	0.38
172074	0.37
177364	0.35
179999	0.32
178049	0.28
178279	0.26
172860	0.22
175993	0.17
266861	0.16
175879	0.16
181250	0.15
171602	0.12
175316	0.10
176807	0.10
175546	0.09
179267	0.05
172201	0.04
181269	0.04
176373	0.03
177481	0.02
179472	0.01
174705	-0.01
178012	-0.02
171750	-0.03
180073	-0.03
176891	-0.03
179739	-0.03
173260	-0.06
175716	-0.06
172243	-0.06
177521	-0.06
188792	-0.10
174346	-0.12
180028	-0.16
176748	-0.16
179779	-0.17
171692	-0.17
178866	-0.18
181588	-0.19
176137	-0.20
175419	-0.21
176118	-0.23
173235	-0.25
175462	-0.25
180767	-0.36
178778	-0.38
178066	-0.38
181491	-0.40
191667	-0.43
180072	-0.45
174443	-0.48
180942	-0.49
180357	-0.49
174379	-0.50
191680	-0.50
176071	-0.54
172893	-0.55
186085	-0.56
180671	-0.59
180359	-0.60
176146	-0.60
172901	-0.61
178121	-0.61
178577	-0.64
172044	-0.64
179533	-0.65
178987	-0.67
173873	-0.72
181705	-0.77
186326	-0.79
180833	-0.81
176718	-0.83
177503	-0.83
179899	-0.91
181044	-0.93
179153	-1.13
172981	-1.16
179936	-1.24
191648	-1.30
180535	-1.35
172732	-1.50
174367	-1.59
