178987	6.45
172732	3.70
180357	3.69
175462	3.67
180942	3.47
181250	2.76
178577	2.72
180359	2.29
172893	2.14
180535	1.66
174203	1.66
174367	1.60
172981	1.52
175993	1.46
177724	1.42
181491	1.41
178121	1.36
173260	1.35
181044	1.23
266837	1.23
171602	1.21
177364	1.16
177658	1.13
172901	1.08
177503	1.06
172074	1.05
174458	0.92
178280	0.92
175501	0.88
178507	0.85
176718	0.82
176146	0.78
174371	0.74
176137	0.71
175492	0.70
178024	0.67
172243	0.64
177873	0.60
172268	0.60
178074	0.54
176118	0.53
178012	0.52
181705	0.51
177481	0.51
172802	0.50
178536	0.50
176359	0.50
178866	0.49
174841	0.49
176891	0.42
174379	0.40
178778	0.38
172201	0.34
179502	0.34
180040	0.33
178943	0.31
173235	0.27
175879	0.27
175877	0.26
172251	0.26
174659	0.24
175493	0.24
266859	0.22
171750	0.22
171809	0.21
186085	0.20
176287	0.19
177985	0.19
180522	0.19
180767	0.18
176083	0.18
175813	0.17
172250	0.15
174443	0.12
177583	0.11
178089	0.11
172743	0.08
176437	0.07
179999	0.06
175976	0.03
178279	0.02
181269	0.02
171692	-0.00
266830	-0.00
173858	-0.01
174669	-0.01
177161	-0.02
179779	-0.02
172044	-0.02
178933	-0.04
179739	-0.04
191677	-0.04
176807	-0.05
174351	-0.05
178066	-0.05
177190	-0.06
175006	-0.09
191648	-0.10
176503	-0.11
172801	-0.11
191667	-0.12
173078	-0.13
174421	-0.13
171917	-0.14
176196	-0.14
186325	-0.16
176509	-0.16
176301	-0.17
179472	-0.18
180833	-0.19
176748	-0.20
175525	-0.21
176380	-0.21
179267	-0.22
174478	-0.22
174346	-0.24
175096	-0.24
175419	-0.25
173873	-0.26
180073	-0.26
175819	-0.27
174676	-0.28
176161	-0.30
176268	-0.30
176385	-0.32
173744	-0.33
178988	-0.33
174333	-0.34
176439	-0.35
176071	-0.36
176373	-0.36
179153	-0.36
174571	-0.38
175316	-0.39
3565921	-0.39
181588	-0.40
181036	-0.42
176358	-0.44
191670	-0.44
186326	-0.46
180072	-0.48
173334	-0.49
179671	-0.50
178049	-0.50
179941	-0.51
179533	-0.55
172249	-0.56
174330	-0.61
172468	-0.64
178415	-0.66
172942	-0.68
171975	-0.68
191680	-0.68
172858	-0.72
177753	-0.74
174603	-0.74
175716	-0.77
180028	-0.83
175703	-0.85
177521	-0.86
179936	-0.86
172860	-0.88
177342	-0.89
175549	-0.91
172329	-0.93
174423	-1.08
179534	-1.08
175972	-1.10
172959	-1.28
174318	-1.30
180671	-1.31
179899	-1.34
174141	-1.37
266861	-1.41
175546	-1.50
188792	-1.55
24104262	-1.58
172467	-1.72
