176301	12.95
176385	11.75
177161	10.68
176439	8.73
172468	8.10
174659	7.70
172329	7.47
180040	7.35
266830	7.18
171917	7.14
266859	6.53
176358	6.38
3565921	5.92
175525	5.77
172802	5.54
175549	5.12
175813	4.93
177658	4.85
172268	4.77
172801	4.57
179502	4.47
175006	4.46
176748	4.02
178280	3.92
174603	3.92
177190	3.91
175976	3.72
179534	3.68
178415	3.65
178866	3.60
174333	3.41
175877	3.30
178536	3.26
179999	3.20
174458	3.16
178507	3.09
174421	2.94
175716	2.94
174318	2.76
176503	2.73
175316	2.66
171809	2.64
174676	2.64
178074	2.64
177873	2.56
174669	2.56
178089	2.41
174346	2.40
172249	2.40
175096	2.39
178988	2.36
173744	2.36
175703	2.35
176509	2.35
172860	2.32
175819	2.27
176359	2.24
172743	2.18
173334	2.08
176437	2.06
172044	2.03
172251	1.82
176287	1.78
172959	1.76
172074	1.76
176373	1.64
175972	1.63
174330	1.62
172942	1.59
176083	1.58
176196	1.53
176268	1.53
177753	1.51
174351	1.48
180359	1.46
172250	1.37
174203	1.32
172858	1.31
179671	1.31
179533	1.29
266861	1.28
173858	1.28
172467	1.28
181036	1.18
177342	1.15
191677	1.11
171975	1.10
174141	1.09
179779	1.07
186325	1.05
175419	1.03
177583	1.02
180072	1.01
178943	0.93
174423	0.89
191670	0.87
177481	0.83
174371	0.83
179941	0.82
174571	0.82
180028	0.78
180073	0.77
178066	0.75
178049	0.73
186326	0.72
178279	0.68
180522	0.67
181491	0.67
191680	0.63
179267	0.62
178577	0.61
175879	0.58
178933	0.56
176161	0.51
174478	0.50
174705	0.49
177521	0.45
191667	0.43
174367	0.38
173260	0.36
188792	0.31
181044	0.22
179739	0.22
191648	0.20
172981	0.16
175493	0.14
174443	0.11
176807	0.05
180942	0.05
180767	0.04
178012	-0.00
178778	-0.01
178121	-0.01
175501	-0.02
176118	-0.02
176380	-0.12
180535	-0.21
173235	-0.32
179899	-0.34
177724	-0.34
24104262	-0.38
175462	-0.39
181250	-0.39
172201	-0.39
180357	-0.41
171750	-0.43
175993	-0.43
175492	-0.45
181588	-0.46
176071	-0.46
180833	-0.49
180671	-0.50
173873	-0.51
266837	-0.54
178987	-0.55
176137	-0.60
171602	-0.64
178024	-0.74
176146	-0.75
177503	-0.76
179153	-0.78
176891	-0.79
179936	-0.80
172901	-0.88
171692	-0.88
181269	-0.88
186085	-0.92
173078	-0.96
174379	-0.97
181705	-1.02
177364	-1.17
172243	-1.29
172732	-1.36
176718	-1.42
175546	-1.43
179472	-1.51
177985	-1.55
172893	-1.97
