3565921	9.04
172268	8.12
176359	6.73
176358	5.65
177161	5.47
266859	5.44
178536	5.22
266830	5.07
172468	5.05
178866	4.99
180040	4.87
177873	4.56
174603	4.53
174841	4.46
174659	4.38
171917	4.35
176748	4.34
175813	4.31
176439	3.97
175976	3.94
177658	3.57
178280	3.38
176301	3.21
177583	3.19
177342	3.18
173334	3.14
172860	3.13
179999	3.05
179671	3.00
176385	2.96
175525	2.94
179502	2.94
173744	2.88
171975	2.87
172329	2.70
174669	2.69
175096	2.61
172802	2.58
186325	2.48
178066	2.34
266861	2.30
176161	2.16
176373	2.13
176287	2.07
175877	2.05
172801	2.04
174141	2.02
172250	1.95
172942	1.93
178988	1.82
178943	1.78
174458	1.72
177521	1.71
174333	1.68
180028	1.64
174571	1.63
171809	1.61
173858	1.46
191677	1.46
188792	1.45
177190	1.42
179936	1.41
171692	1.39
191680	1.31
176503	1.25
179534	1.17
186085	1.15
178415	1.14
179739	1.11
181250	1.09
186326	1.05
176891	1.03
176118	1.01
178049	0.90
180522	0.88
172044	0.86
180072	0.85
172251	0.84
179941	0.83
175879	0.82
178778	0.79
177753	0.77
178089	0.76
178074	0.74
179267	0.74
178012	0.73
172959	0.73
173260	0.69
181036	0.67
175972	0.63
180073	0.62
175501	0.58
174379	0.56
174443	0.53
174203	0.52
179779	0.50
191667	0.48
172201	0.44
172074	0.38
175549	0.34
176807	0.29
177481	0.27
176509	0.25
174346	0.21
178279	0.21
178024	0.14
175492	0.12
175819	0.11
174371	0.09
177724	0.05
177503	0.03
174421	-0.00
171602	-0.02
191670	-0.05
174676	-0.06
180359	-0.07
172901	-0.07
178507	-0.09
177364	-0.09
174705	-0.09
176268	-0.12
173873	-0.14
176196	-0.16
180535	-0.16
175493	-0.16
176718	-0.20
179899	-0.21
171750	-0.25
180357	-0.27
174318	-0.31
176071	-0.31
172467	-0.35
174367	-0.36
175419	-0.37
176083	-0.40
172858	-0.41
175316	-0.43
174423	-0.51
181705	-0.52
173235	-0.53
176380	-0.54
178577	-0.54
181588	-0.55
172243	-0.55
172249	-0.58
179472	-0.61
176137	-0.67
175462	-0.68
176146	-0.72
174330	-0.79
180767	-0.81
180671	-0.83
178121	-0.85
174351	-0.85
181269	-0.87
175716	-0.94
178987	-0.95
175703	-1.01
191648	-1.01
179153	-1.03
176437	-1.05
181491	-1.06
173078	-1.14
24104262	-1.16
175546	-1.19
179533	-1.21
174478	-1.28
178933	-1.30
172743	-1.31
172893	-1.31
181044	-1.33
180942	-1.37
175993	-1.37
172981	-1.43
180833	-1.51
177985	-1.55
172732	-2.26
266837	-2.43
