174669	4.94
175877	4.78
172468	4.67
266830	4.61
175813	4.10
179502	4.01
176301	3.76
177873	3.68
176439	3.66
174458	3.55
178988	3.45
174603	3.21
176385	3.07
176359	3.03
173744	2.92
172802	2.90
266859	2.71
176748	2.67
175549	2.67
178536	2.63
175006	2.61
172467	2.58
176268	2.54
175972	2.52
174676	2.49
178415	2.40
174841	2.39
171917	2.32
172249	2.30
177190	2.29
172250	2.25
172268	2.24
174659	2.24
174318	2.23
178280	2.19
175976	1.95
176083	1.90
178074	1.85
176287	1.74
177161	1.72
175492	1.67
3565921	1.67
172329	1.57
173078	1.57
173334	1.56
175716	1.55
171809	1.55
175703	1.52
175819	1.50
172801	1.50
179941	1.48
178866	1.47
179999	1.46
174330	1.46
178089	1.42
180040	1.37
177342	1.35
177364	1.34
176196	1.23
174571	1.20
177753	1.18
174421	1.16
176437	1.16
175493	1.15
176358	1.06
177583	1.01
178943	1.00
176373	1.00
24104262	1.00
178066	0.99
171975	0.92
174423	0.90
172860	0.89
176807	0.83
178778	0.80
177481	0.80
175501	0.80
178049	0.71
178507	0.66
179739	0.66
176509	0.66
176146	0.57
173260	0.54
173235	0.51
179671	0.46
179534	0.45
191677	0.45
181269	0.44
174371	0.43
172959	0.42
173858	0.41
266861	0.40
176161	0.39
174351	0.37
180522	0.34
186085	0.33
176137	0.27
177521	0.26
172858	0.25
174333	0.22
172743	0.20
178012	0.13
177724	0.12
174203	0.12
188792	0.10
175546	0.10
175525	0.10
171692	0.09
172942	0.09
178933	0.06
174141	0.04
177658	0.03
176503	0.02
181705	-0.04
186325	-0.04
174379	-0.07
180357	-0.13
171602	-0.14
174346	-0.15
181491	-0.16
180671	-0.16
176380	-0.20
176118	-0.20
172893	-0.23
174705	-0.24
172201	-0.24
191670	-0.25
191667	-0.28
171750	-0.29
176891	-0.29
179267	-0.34
175419	-0.34
180072	-0.34
178121	-0.36
177985	-0.37
172044	-0.38
172074	-0.40
176071	-0.42
172251	-0.43
179472	-0.43
178279	-0.44
178577	-0.47
181036	-0.48
172981	-0.48
180073	-0.51
172901	-0.53
175316	-0.54
179533	-0.55
180942	-0.55
175879	-0.59
177503	-0.63
174443	-0.63
175462	-0.64
179936	-0.67
178024	-0.67
180359	-0.67
179153	-0.68
172243	-0.73
191648	-0.79
191680	-0.80
181588	-0.82
186326	-0.88
179779	-0.92
174367	-0.96
181250	-1.00
266837	-1.04
172732	-1.07
179899	-1.11
173873	-1.11
181044	-1.30
180535	-1.31
180833	-1.38
176718	-1.40
178987	-1.45
180028	-1.62
180767	-2.07
175993	-2.20
174478	-2.33
