176118	6.48
178089	6.10
178507	5.58
179936	5.37
175716	5.07
172858	4.40
174423	4.16
174421	4.02
175703	3.68
174478	3.68
179999	3.60
176437	3.34
172044	3.32
174571	3.13
171809	2.95
175819	2.95
172981	2.88
174351	2.76
174203	2.73
175877	2.69
174841	2.66
172959	2.58
177190	2.49
179941	2.41
178536	2.40
172074	2.29
174458	2.22
174659	2.18
172743	2.16
178415	2.16
180359	2.09
173260	2.09
179779	2.06
180028	1.98
174603	1.95
172329	1.93
174346	1.93
174371	1.91
179534	1.91
173334	1.82
177583	1.81
175972	1.75
178012	1.75
175549	1.73
266837	1.68
172901	1.65
178866	1.62
176268	1.61
173078	1.59
175501	1.55
176146	1.54
171975	1.53
176891	1.53
173744	1.48
175879	1.43
176071	1.39
174379	1.35
173235	1.32
172942	1.27
177481	1.26
179739	1.24
174141	1.22
174330	1.21
174318	1.20
175419	1.16
176301	1.09
177161	0.96
176385	0.93
176287	0.88
178074	0.84
176748	0.82
266859	0.80
176439	0.77
178778	0.75
180833	0.75
180671	0.69
178933	0.67
171750	0.66
181491	0.65
3565921	0.64
181044	0.63
173858	0.63
181036	0.62
172201	0.55
175546	0.51
180522	0.48
171692	0.46
24104262	0.45
174443	0.42
179533	0.30
177503	0.28
176718	0.27
178988	0.26
172468	0.25
178280	0.23
173873	0.23
176161	0.21
178279	0.20
175525	0.20
191670	0.17
266830	0.14
171602	0.12
172860	0.11
176373	0.11
174669	0.10
191680	0.09
177985	0.09
177753	0.08
174333	0.07
172467	0.05
174367	0.01
186325	-0.02
172268	-0.02
177724	-0.02
178943	-0.02
178577	-0.02
181705	-0.03
178987	-0.05
177521	-0.06
176196	-0.09
178066	-0.09
186326	-0.09
172250	-0.15
191677	-0.15
174676	-0.15
180357	-0.16
177364	-0.16
186085	-0.17
178049	-0.17
176509	-0.19
172249	-0.22
180040	-0.24
180535	-0.28
176083	-0.28
177658	-0.29
179472	-0.32
178121	-0.34
180767	-0.34
174705	-0.39
175462	-0.40
175006	-0.43
171917	-0.44
176503	-0.46
172251	-0.46
180073	-0.48
172732	-0.53
175096	-0.54
191667	-0.55
175492	-0.55
181588	-0.59
175993	-0.59
176358	-0.61
179267	-0.63
180942	-0.65
176359	-0.67
179899	-0.68
179153	-0.68
175813	-0.69
176137	-0.77
176380	-0.78
178024	-0.81
172802	-0.82
175493	-0.83
191648	-0.92
177342	-0.92
177873	-0.98
180072	-0.99
188792	-1.05
176807	-1.07
181269	-1.10
181250	-1.24
266861	-1.28
175976	-1.33
172243	-1.59
179671	-1.65
179502	-1.87
172801	-1.88
172893	-2.41
