172732	5.91
178987	4.91
180357	4.79
174705	3.67
180942	2.78
172981	2.24
266837	2.00
181491	1.87
176509	1.83
180359	1.52
178121	1.43
178024	1.23
177724	1.21
178577	1.13
172893	1.09
181044	1.03
175993	0.82
172251	0.79
191648	0.78
176380	0.76
180767	0.74
179999	0.72
174423	0.70
181705	0.70
177985	0.68
266830	0.65
24104262	0.64
180522	0.63
175819	0.63
175492	0.61
177364	0.57
172959	0.56
176437	0.53
173078	0.52
179502	0.52
178507	0.51
175525	0.48
172074	0.47
176137	0.44
175549	0.39
172329	0.39
178074	0.38
174421	0.35
179267	0.33
176358	0.33
177190	0.30
191677	0.29
172243	0.26
179472	0.24
174367	0.23
174659	0.18
175716	0.16
179153	0.14
180040	0.12
172468	0.12
181036	0.11
176807	0.11
181269	0.11
172743	0.08
175419	0.06
175493	0.05
180833	0.04
180072	0.04
177658	0.02
180073	0.02
181250	-0.00
176503	-0.01
181588	-0.01
176083	-0.02
175879	-0.03
174371	-0.04
179533	-0.04
186085	-0.06
178866	-0.07
172268	-0.07
178066	-0.08
175813	-0.09
176118	-0.11
174203	-0.12
186326	-0.13
180535	-0.14
178089	-0.16
172801	-0.16
174333	-0.17
171809	-0.18
180028	-0.19
191667	-0.20
177583	-0.20
176301	-0.22
176268	-0.25
177873	-0.25
174669	-0.25
172249	-0.25
176359	-0.27
3565921	-0.27
178280	-0.29
177481	-0.30
176287	-0.30
176071	-0.32
171692	-0.33
179936	-0.33
172901	-0.35
178933	-0.37
174841	-0.39
175316	-0.40
177521	-0.41
266859	-0.41
174330	-0.42
179534	-0.43
173260	-0.43
172201	-0.44
177161	-0.44
180671	-0.46
176385	-0.47
178536	-0.47
174351	-0.47
176439	-0.49
179739	-0.49
175546	-0.49
174318	-0.52
173235	-0.54
174379	-0.55
171602	-0.55
176373	-0.55
176146	-0.56
191670	-0.56
173873	-0.57
176718	-0.57
171917	-0.58
177503	-0.58
172858	-0.63
175972	-0.64
175096	-0.64
174458	-0.67
175006	-0.68
172802	-0.70
174346	-0.71
178778	-0.72
175703	-0.74
176891	-0.74
174676	-0.77
172250	-0.79
186325	-0.79
175976	-0.80
178279	-0.80
179899	-0.83
178012	-0.86
171750	-0.88
176748	-0.93
178049	-0.95
175501	-0.96
179941	-0.96
177753	-0.99
174443	-0.99
172044	-1.00
178415	-1.03
176196	-1.06
172860	-1.08
174603	-1.11
174478	-1.12
173744	-1.15
188792	-1.16
176161	-1.18
179779	-1.18
173858	-1.21
178943	-1.24
177342	-1.26
172467	-1.26
175877	-1.32
173334	-1.33
174571	-1.34
178988	-1.34
179671	-1.48
266861	-1.65
172942	-1.81
191680	-1.98
174141	-2.13
171975	-2.25
