181036	17.02
181588	3.51
180671	3.37
180359	3.30
180767	2.84
174423	2.67
175877	2.45
174421	2.36
179534	2.29
176137	2.23
176437	1.98
172074	1.98
174371	1.96
180942	1.93
178987	1.84
180535	1.84
174318	1.83
178866	1.78
173260	1.75
178507	1.74
172201	1.72
174367	1.64
172743	1.60
174330	1.47
173334	1.46
175716	1.42
177481	1.41
181269	1.36
179533	1.33
172893	1.31
180833	1.23
178943	1.22
176301	1.22
175703	1.21
175972	1.21
175316	1.16
178121	1.15
178012	1.12
175819	1.12
178933	1.09
177724	1.04
181044	1.03
174841	1.03
174333	0.99
174603	0.98
175492	0.94
176118	0.92
172732	0.89
178536	0.85
171809	0.83
172901	0.78
173744	0.77
172802	0.76
171975	0.73
178074	0.72
179999	0.71
174659	0.70
179779	0.69
180357	0.68
176161	0.67
176196	0.66
180522	0.63
175501	0.63
172860	0.60
177161	0.60
176268	0.59
179739	0.59
176071	0.57
174351	0.56
176083	0.56
180028	0.55
180073	0.54
171692	0.54
176385	0.54
176146	0.53
178988	0.51
266837	0.51
174141	0.49
176891	0.48
177364	0.47
177753	0.46
171602	0.45
178280	0.41
191680	0.39
172942	0.36
174379	0.35
173235	0.34
176509	0.33
177583	0.33
174203	0.33
191667	0.33
174458	0.32
180040	0.32
176380	0.30
186325	0.30
172959	0.29
172044	0.28
191677	0.26
179936	0.21
171917	0.20
176439	0.20
175525	0.18
188792	0.13
174676	0.12
179671	0.11
172251	0.11
176503	0.09
178279	0.06
178066	0.06
175462	0.06
174346	0.04
172329	-0.02
175549	-0.06
176807	-0.08
175546	-0.09
180072	-0.11
179472	-0.15
177521	-0.16
266861	-0.18
172981	-0.19
173858	-0.21
174669	-0.21
173078	-0.21
178577	-0.22
175879	-0.23
172858	-0.23
181491	-0.24
174571	-0.24
174443	-0.24
177190	-0.25
174705	-0.25
176718	-0.28
172468	-0.28
172467	-0.29
172801	-0.30
179941	-0.30
176373	-0.30
174478	-0.32
175096	-0.34
175006	-0.37
179899	-0.40
178415	-0.41
266830	-0.42
173873	-0.43
178049	-0.46
186326	-0.47
178778	-0.48
181250	-0.51
176358	-0.53
191648	-0.55
172249	-0.56
172268	-0.58
175993	-0.60
178089	-0.63
176359	-0.63
176287	-0.66
177985	-0.67
171750	-0.71
177503	-0.72
177342	-0.73
172250	-0.76
175493	-0.78
179267	-0.79
177658	-0.85
266859	-0.92
175976	-0.94
181705	-0.96
191670	-0.97
179153	-1.03
24104262	-1.21
3565921	-1.27
186085	-1.31
178024	-1.44
175813	-1.49
179502	-1.50
172243	-1.58
177873	-1.75
176748	-1.86
