175492	5.74
180522	3.92
175546	3.40
174669	2.87
181491	2.63
177985	2.40
173078	2.22
266830	1.89
191677	1.87
176287	1.86
176509	1.85
178933	1.49
175993	1.46
186325	1.34
175525	1.28
188792	1.22
191670	1.22
175096	1.15
176380	1.12
191667	1.02
175972	1.02
174203	1.00
171917	0.97
172801	0.96
176083	0.89
175549	0.88
177364	0.86
174423	0.85
180072	0.85
178074	0.85
191680	0.84
172468	0.84
180040	0.78
172467	0.77
172251	0.72
179267	0.71
181705	0.69
180833	0.67
178066	0.65
174351	0.65
266859	0.63
172249	0.63
176385	0.63
176301	0.63
180073	0.60
176439	0.59
172802	0.59
177521	0.58
179671	0.50
178024	0.48
175703	0.43
173334	0.42
186326	0.40
173858	0.40
178415	0.34
174458	0.34
178121	0.33
176161	0.32
178577	0.32
180942	0.31
181269	0.29
178280	0.29
175813	0.26
178988	0.26
266837	0.25
178089	0.24
174705	0.24
177873	0.23
174659	0.21
174333	0.19
176358	0.18
174841	0.14
177724	0.12
176748	0.12
175819	0.11
172981	0.06
174421	0.06
175462	0.05
180357	0.05
177753	0.02
176137	0.00
174318	-0.00
179534	-0.01
180359	-0.01
172732	-0.02
180028	-0.03
191648	-0.04
171975	-0.04
179899	-0.05
24104262	-0.06
172858	-0.06
177190	-0.06
172268	-0.06
176807	-0.10
178049	-0.12
175006	-0.16
179502	-0.17
178943	-0.17
173744	-0.17
176359	-0.25
176196	-0.28
186085	-0.29
178987	-0.29
177161	-0.31
177342	-0.34
172860	-0.34
178866	-0.37
175716	-0.49
172743	-0.50
179941	-0.51
175877	-0.54
179472	-0.54
174141	-0.57
172893	-0.57
171750	-0.59
3565921	-0.60
181588	-0.60
171809	-0.60
174346	-0.64
176118	-0.65
178279	-0.66
180535	-0.67
176718	-0.68
174330	-0.69
172959	-0.70
174367	-0.71
176891	-0.72
178507	-0.75
179779	-0.78
175419	-0.78
175976	-0.81
175316	-0.83
179999	-0.85
174603	-0.86
174571	-0.93
174371	-0.93
177658	-0.93
174676	-0.93
173873	-0.95
172250	-0.97
181044	-0.98
176437	-0.98
177583	-0.99
175879	-1.01
172329	-1.04
172201	-1.07
172044	-1.07
181036	-1.08
174379	-1.15
174478	-1.18
266861	-1.20
172942	-1.23
173235	-1.29
176268	-1.29
176503	-1.30
172074	-1.32
173260	-1.33
171602	-1.33
178536	-1.35
172243	-1.36
178012	-1.38
181250	-1.41
177481	-1.41
179936	-1.42
178778	-1.48
175501	-1.53
179153	-1.53
174443	-1.54
171692	-1.54
179739	-1.61
176373	-1.78
176146	-1.82
172901	-1.89
180671	-1.95
176071	-2.01
180767	-2.11
177503	-2.11
179533	-2.28
