176380	8.16
175493	5.74
176083	4.98
177985	4.57
174669	4.06
180522	3.65
178074	3.16
266837	2.97
266830	2.88
175993	2.70
178933	2.56
176509	2.49
174423	2.15
177190	1.98
172249	1.95
175546	1.94
180357	1.93
181491	1.81
176137	1.72
175096	1.67
172858	1.55
174421	1.52
172981	1.43
175549	1.33
181044	1.32
180359	1.26
177364	1.24
180942	1.21
173078	1.17
175703	1.16
191677	1.02
176807	1.00
172893	0.96
175419	0.94
176287	0.86
191670	0.84
178024	0.79
180767	0.73
181588	0.73
172468	0.72
174705	0.70
175819	0.67
191648	0.65
181036	0.65
178987	0.65
172732	0.63
175462	0.61
175877	0.57
174203	0.52
174371	0.51
179267	0.50
172802	0.46
172743	0.44
181705	0.42
180028	0.41
191667	0.39
24104262	0.38
172250	0.38
178066	0.36
172243	0.31
176891	0.30
177724	0.29
178279	0.27
174330	0.27
178507	0.25
173235	0.24
172467	0.23
176437	0.23
174603	0.22
191680	0.22
179533	0.21
179153	0.21
186325	0.19
174318	0.17
173260	0.16
181269	0.12
175006	0.12
179502	0.05
178121	0.03
177481	-0.00
174458	-0.01
176301	-0.06
178415	-0.10
174351	-0.12
172251	-0.16
176359	-0.17
178012	-0.18
174379	-0.19
180833	-0.20
174676	-0.21
176385	-0.21
175501	-0.23
3565921	-0.24
179739	-0.24
176146	-0.25
186085	-0.25
178089	-0.25
177873	-0.26
179534	-0.27
175716	-0.27
176071	-0.28
172201	-0.30
180072	-0.36
173334	-0.36
180535	-0.36
178943	-0.36
172959	-0.36
171917	-0.37
171692	-0.37
178049	-0.40
178988	-0.40
173873	-0.43
174659	-0.44
175813	-0.45
174841	-0.45
172074	-0.49
176439	-0.50
174367	-0.50
175972	-0.52
180671	-0.52
175316	-0.55
172901	-0.58
177521	-0.58
176161	-0.59
174478	-0.61
171809	-0.61
171975	-0.64
178866	-0.64
186326	-0.70
178577	-0.73
177583	-0.74
181250	-0.76
174443	-0.77
179899	-0.82
171602	-0.84
175879	-0.86
171750	-0.87
176358	-0.88
176718	-0.92
179999	-0.93
179671	-0.94
177161	-0.94
173744	-0.95
179936	-1.02
180073	-1.05
178536	-1.10
176373	-1.14
174141	-1.15
179779	-1.16
177658	-1.17
176118	-1.17
172942	-1.17
188792	-1.21
174333	-1.28
172860	-1.29
180040	-1.30
172329	-1.32
172801	-1.32
178778	-1.34
172044	-1.34
174346	-1.48
175976	-1.52
172268	-1.53
266859	-1.55
179472	-1.57
176196	-1.62
177503	-1.68
178280	-1.71
174571	-1.71
266861	-1.76
176268	-1.79
177753	-1.85
176748	-1.85
173858	-1.85
177342	-1.91
175525	-2.03
176503	-2.05
179941	-2.05
