177190	7.03
176083	6.18
176385	5.97
266830	5.73
174669	5.66
176301	5.18
175877	5.13
174841	5.12
174333	5.12
178074	5.00
172802	4.91
176439	4.56
172858	4.52
174659	4.25
176287	4.20
175972	3.96
177985	3.86
172468	3.83
176509	3.70
174458	3.67
174318	3.61
177161	3.52
266859	3.48
175703	3.39
172249	3.36
174478	3.29
174330	3.13
174421	3.06
176380	3.03
175525	3.01
178415	2.98
178988	2.96
172801	2.85
175819	2.82
172959	2.78
178089	2.77
173744	2.69
175096	2.67
176503	2.63
180040	2.57
177753	2.57
176268	2.53
179502	2.47
174351	2.42
174676	2.37
172044	2.32
176748	2.27
179671	2.26
179999	2.21
179534	2.08
171809	2.07
172467	2.06
178507	2.00
171917	1.95
172743	1.94
173078	1.91
172250	1.91
175716	1.90
180359	1.89
172329	1.89
176196	1.88
172942	1.79
174346	1.75
175316	1.73
179779	1.68
177342	1.56
177873	1.53
178536	1.52
176437	1.51
173334	1.50
180522	1.46
176373	1.43
176358	1.42
171975	1.38
179941	1.35
175492	1.33
3565921	1.33
175879	1.12
172981	1.12
178943	1.11
178280	1.10
176161	1.10
24104262	1.05
178933	0.99
173858	0.99
175813	0.97
177658	0.93
174371	0.88
175493	0.88
266837	0.82
172251	0.82
175993	0.73
172268	0.65
266861	0.63
174141	0.49
174367	0.49
172201	0.49
177724	0.47
174423	0.47
181044	0.46
178012	0.46
191677	0.45
174571	0.40
175462	0.39
178024	0.35
175006	0.34
181588	0.33
176807	0.28
175976	0.25
176137	0.24
172074	0.18
180357	0.15
172901	0.15
178778	0.13
178279	0.06
177481	0.03
172860	-0.02
175501	-0.05
175419	-0.06
191680	-0.10
181036	-0.10
174603	-0.12
178121	-0.15
176359	-0.15
180028	-0.16
173260	-0.16
174203	-0.17
179267	-0.19
179936	-0.19
177583	-0.22
179899	-0.27
180671	-0.29
172893	-0.33
178866	-0.35
178049	-0.37
180767	-0.38
186085	-0.40
176118	-0.41
179533	-0.41
171602	-0.41
186325	-0.42
188792	-0.46
173873	-0.48
181269	-0.48
171692	-0.49
175546	-0.52
191670	-0.52
179153	-0.53
173235	-0.55
181250	-0.60
174443	-0.67
176891	-0.73
179472	-0.73
176146	-0.73
178066	-0.76
172732	-0.76
176718	-0.77
180833	-0.77
178987	-0.78
179739	-0.79
180072	-0.79
180073	-0.82
181705	-0.88
174705	-0.91
171750	-0.93
177364	-0.97
177503	-1.01
181491	-1.04
172243	-1.07
178577	-1.14
186326	-1.15
180942	-1.19
191667	-1.22
176071	-1.44
177521	-1.50
180535	-1.56
174379	-1.60
191648	-2.00
