177161	11.20
176301	9.86
180040	9.60
266859	9.37
176385	8.40
172801	7.80
175976	7.60
176503	7.51
176358	7.22
172802	7.00
174659	6.87
172329	6.80
177658	6.73
172268	6.72
174841	5.77
174333	5.67
172468	5.44
178280	5.38
171917	4.64
176748	4.57
176439	4.50
177873	4.33
176359	4.23
175813	4.12
172942	3.67
266861	3.52
266830	3.31
3565921	3.22
179502	3.21
175549	3.01
172249	2.94
175006	2.94
174458	2.93
176287	2.70
177753	2.60
172251	2.58
186325	2.55
179671	2.51
173744	2.41
172467	2.34
173858	2.32
180028	2.27
178866	2.25
179999	2.22
174478	1.99
175877	1.97
174346	1.96
174676	1.89
176373	1.86
186326	1.80
174571	1.77
176196	1.75
172860	1.66
177190	1.65
179534	1.64
177342	1.57
180073	1.55
180072	1.55
172044	1.52
178536	1.52
174603	1.52
175972	1.50
171975	1.39
176268	1.34
174318	1.33
191680	1.31
174669	1.29
173334	1.29
175493	1.28
172959	1.25
175703	1.19
172743	1.19
178988	1.13
191677	1.11
178074	1.10
191667	1.10
188792	1.09
174330	1.07
177521	1.04
179779	0.96
176437	0.94
175716	0.94
174367	0.92
178943	0.91
181044	0.82
179941	0.76
179267	0.68
178066	0.67
176083	0.66
172858	0.62
178049	0.59
178577	0.57
171809	0.55
178778	0.54
175819	0.51
174351	0.49
176118	0.48
175462	0.48
172201	0.39
178089	0.31
172074	0.30
177724	0.30
174203	0.28
175993	0.27
178507	0.24
177583	0.23
191670	0.23
175546	0.22
179936	0.22
175316	0.20
175419	0.18
180535	0.14
176161	0.13
180942	0.11
175096	0.10
174141	0.07
180359	0.07
180522	0.06
175879	0.05
171750	0.02
181036	0.01
178415	-0.05
173873	-0.07
178279	-0.10
178933	-0.14
174443	-0.15
176509	-0.17
174423	-0.18
174705	-0.21
181588	-0.24
175501	-0.27
178024	-0.33
178121	-0.34
174421	-0.35
177503	-0.38
179153	-0.38
179899	-0.41
181491	-0.41
178012	-0.41
172732	-0.43
174371	-0.44
180671	-0.46
173078	-0.46
171602	-0.47
180767	-0.47
177481	-0.48
172901	-0.57
181269	-0.58
180357	-0.60
180833	-0.63
176718	-0.70
176137	-0.74
181250	-0.78
179472	-0.83
176807	-0.93
176380	-0.98
173260	-0.98
176891	-1.00
186085	-1.06
176071	-1.07
178987	-1.14
179739	-1.16
179533	-1.17
191648	-1.21
24104262	-1.28
172250	-1.33
177985	-1.36
174379	-1.40
266837	-1.45
172981	-1.61
172243	-1.74
171692	-1.76
181705	-1.79
176146	-1.79
177364	-1.89
175492	-2.03
173235	-2.40
172893	-2.52
