173260	16.26
171602	16.25
175879	16.02
177481	15.28
176891	14.65
177583	14.42
174371	14.39
177503	14.10
172074	13.20
178012	12.99
171692	12.97
172901	12.66
172201	12.44
176071	11.96
176146	11.62
172743	11.24
173235	10.47
173873	10.42
171750	10.16
174379	9.70
174443	9.20
176718	9.09
179739	8.98
178279	8.60
180535	6.60
175716	6.07
178507	5.65
179153	5.28
174330	5.27
178778	5.08
176268	5.07
174367	4.38
174421	4.26
174351	4.16
178943	3.91
180028	3.85
175819	3.82
176437	3.72
174318	3.72
178089	3.57
174333	3.56
174346	3.53
178415	3.51
179936	3.51
179999	3.36
175703	3.35
173334	3.23
177753	3.17
179779	3.17
179534	3.13
176196	3.13
175877	3.05
178536	2.94
179941	2.89
171809	2.74
172942	2.74
172858	2.73
172044	2.67
173744	2.65
177342	2.62
174478	2.44
176373	2.43
174141	2.35
181044	2.31
178988	2.23
175972	2.08
172802	2.02
174603	2.01
180359	1.99
172959	1.98
179671	1.88
172467	1.86
174571	1.77
176083	1.66
178074	1.66
176748	1.57
175316	1.55
176503	1.54
181036	1.48
173858	1.45
176161	1.43
176118	1.42
178866	1.34
180767	1.31
171917	1.25
174423	1.16
174659	1.13
176301	1.12
176137	1.05
176380	0.95
175993	0.93
176385	0.90
171975	0.90
177364	0.89
176359	0.89
174705	0.88
172329	0.87
179533	0.81
175096	0.80
180357	0.78
178280	0.77
172860	0.73
181250	0.67
178933	0.67
177190	0.66
178987	0.65
175419	0.63
174203	0.63
174669	0.63
177161	0.61
176439	0.59
175006	0.58
177724	0.56
266837	0.54
174458	0.52
178049	0.51
24104262	0.47
172801	0.42
178577	0.38
186325	0.38
177985	0.38
174676	0.38
179502	0.33
191670	0.28
175976	0.24
175813	0.19
180040	0.16
172893	0.14
180942	0.12
179472	0.03
177873	0.01
3565921	-0.00
174841	-0.02
181491	-0.04
175549	-0.05
176358	-0.07
186326	-0.08
172250	-0.10
172249	-0.16
173078	-0.17
178121	-0.22
175492	-0.23
266861	-0.24
180833	-0.26
175525	-0.27
172732	-0.36
179267	-0.39
177521	-0.42
176509	-0.42
180072	-0.43
191648	-0.45
188792	-0.46
172468	-0.47
181588	-0.52
178066	-0.55
172251	-0.55
266859	-0.58
175546	-0.58
186085	-0.61
181705	-0.61
181269	-0.62
172243	-0.63
266830	-0.70
191677	-0.71
180522	-0.72
180073	-0.72
172268	-0.74
178024	-0.77
172981	-0.83
180671	-0.92
176287	-0.96
175462	-0.96
177658	-1.08
176807	-1.12
179899	-1.16
191667	-1.17
191680	-1.37
175493	-1.53
