173078	5.55
181491	4.02
175493	3.40
172981	2.80
178933	2.68
180522	2.62
181705	2.60
177364	2.56
180833	2.33
175492	1.94
176509	1.87
177985	1.77
176380	1.76
175993	1.71
179472	1.49
177724	1.47
180359	1.19
266837	0.94
178280	0.91
176287	0.81
174458	0.80
172243	0.61
174676	0.53
175316	0.51
178074	0.47
172801	0.44
175972	0.42
178121	0.40
174659	0.39
181588	0.39
3565921	0.36
181250	0.33
175525	0.22
176118	0.22
266859	0.20
178577	0.18
175716	0.17
176748	0.11
175096	0.10
191648	0.10
174141	0.10
178987	0.10
172732	0.10
174669	0.09
176137	0.08
174478	0.05
172893	0.03
176083	0.03
172467	-0.02
177521	-0.03
179999	-0.05
174423	-0.06
178024	-0.07
180671	-0.09
175419	-0.09
191670	-0.11
171975	-0.11
172249	-0.12
186325	-0.13
179941	-0.14
24104262	-0.15
177658	-0.16
186326	-0.18
191677	-0.21
178049	-0.24
176385	-0.26
172268	-0.27
171917	-0.27
172802	-0.27
174571	-0.29
181036	-0.29
180357	-0.33
180040	-0.34
172858	-0.35
177873	-0.42
177190	-0.45
177161	-0.45
180535	-0.45
180072	-0.46
177753	-0.48
176807	-0.49
175462	-0.49
173744	-0.49
175549	-0.52
173334	-0.53
172251	-0.54
176196	-0.54
191667	-0.55
181269	-0.55
174367	-0.57
175501	-0.58
178988	-0.60
179267	-0.61
174203	-0.63
179936	-0.63
176358	-0.64
180942	-0.65
179899	-0.67
179671	-0.67
177583	-0.69
178066	-0.69
191680	-0.71
174421	-0.71
186085	-0.72
175819	-0.72
176439	-0.72
176437	-0.75
175976	-0.80
172329	-0.84
172201	-0.85
171750	-0.85
188792	-0.88
180767	-0.91
266830	-0.93
175813	-0.93
180028	-0.95
176891	-0.96
176503	-0.96
178943	-0.97
179533	-1.00
177342	-1.03
176359	-1.03
173873	-1.04
178866	-1.05
174318	-1.07
172860	-1.07
266861	-1.07
173858	-1.09
174443	-1.15
178089	-1.17
180073	-1.17
175006	-1.19
175703	-1.20
172074	-1.21
172044	-1.24
174333	-1.24
176301	-1.24
173235	-1.28
174351	-1.30
177503	-1.33
172468	-1.33
175879	-1.35
178507	-1.35
172743	-1.37
174346	-1.38
174330	-1.38
174841	-1.43
179153	-1.43
172942	-1.44
171692	-1.45
178012	-1.47
179779	-1.47
176161	-1.49
174705	-1.50
171602	-1.52
173260	-1.54
172901	-1.56
179502	-1.60
172959	-1.62
174371	-1.62
172250	-1.63
176071	-1.69
176146	-1.74
174379	-1.78
179739	-1.80
177481	-1.82
171809	-1.96
176718	-1.97
181044	-1.98
178536	-2.00
174603	-2.07
175877	-2.09
178778	-2.58
176268	-2.61
176373	-2.68
179534	-2.77
178415	-2.80
178279	-2.87
