176437	11.37
177481	6.57
172743	6.56
174371	6.39
174423	6.20
175501	6.07
179534	6.03
172074	5.72
175316	5.07
177583	5.05
173260	4.91
178507	4.63
176071	4.63
174318	4.59
178279	4.57
179533	4.37
175879	4.27
178012	4.20
174421	4.20
171602	4.10
178415	4.06
176146	4.04
176301	3.84
176891	3.76
171692	3.75
172901	3.50
175703	3.49
173235	3.48
177503	3.30
174367	3.17
177190	3.10
174841	2.94
174330	2.92
179739	2.87
174443	2.85
171750	2.65
173334	2.61
173873	2.61
175819	2.60
174603	2.53
179936	2.53
174379	2.50
175877	2.49
176268	2.48
172959	2.44
171809	2.44
172201	2.37
175972	2.36
179999	2.36
180028	2.30
174333	2.27
174351	2.26
178988	2.26
177161	2.21
174141	2.17
176718	2.06
173744	2.00
176118	1.99
180359	1.99
178866	1.96
178536	1.91
175549	1.90
180767	1.87
176509	1.84
174659	1.83
174478	1.77
178089	1.76
176196	1.74
180040	1.68
177753	1.66
172329	1.66
181491	1.61
179153	1.59
178943	1.58
179941	1.57
175096	1.55
181044	1.55
181036	1.51
172858	1.46
175419	1.42
174346	1.29
176373	1.26
176385	1.24
180522	1.23
179779	1.22
174571	1.21
172044	1.20
178074	1.19
172802	1.14
172942	1.14
171975	1.09
180535	1.08
178778	1.02
172981	1.00
180833	0.97
178121	0.96
175525	0.94
176439	0.92
180671	0.87
176503	0.86
173078	0.84
178577	0.79
173858	0.60
266837	0.59
172860	0.56
179671	0.48
266830	0.47
178049	0.46
172801	0.45
175993	0.41
176380	0.30
176748	0.24
171917	0.24
24104262	0.24
180357	0.21
175976	0.20
172468	0.17
175546	0.17
175462	0.16
177364	0.13
180072	0.11
176161	0.08
191670	0.07
176807	0.06
178987	0.05
174458	0.05
179267	0.04
172251	0.03
176137	0.01
172467	-0.01
191677	-0.01
172732	-0.01
176083	-0.02
191648	-0.03
186325	-0.05
174669	-0.06
188792	-0.14
179502	-0.15
177342	-0.18
176358	-0.18
178933	-0.21
186326	-0.22
266859	-0.22
181705	-0.25
175492	-0.27
174203	-0.27
3565921	-0.29
181269	-0.29
176287	-0.36
178066	-0.38
180942	-0.40
177521	-0.42
177658	-0.44
174676	-0.45
175493	-0.49
186085	-0.63
172250	-0.64
176359	-0.65
181588	-0.70
180073	-0.70
179472	-0.70
172893	-0.72
177724	-0.73
174705	-0.77
172249	-0.77
191667	-0.79
175813	-0.80
191680	-0.85
175006	-0.94
179899	-0.95
172268	-1.00
172243	-1.01
177873	-1.03
181250	-1.30
177985	-1.43
178280	-1.43
266861	-1.64
178024	-1.78
