174351	10.22
178089	7.62
174421	7.55
173334	6.37
174330	6.24
172743	6.01
175819	5.93
172858	5.89
178415	5.78
174423	5.64
174318	5.60
178943	5.38
175877	5.16
176268	4.91
179779	4.87
172942	4.79
175972	4.78
172044	4.75
178507	4.57
173744	4.55
176196	4.54
177753	4.53
172959	4.34
179941	4.28
178988	4.22
174478	4.15
179534	4.13
176301	3.84
175316	3.68
174333	3.49
174603	3.49
175716	3.49
174346	3.45
175549	3.39
175501	3.35
176161	3.34
174371	3.32
173260	3.22
176891	3.16
172468	3.15
172201	3.15
172467	3.10
178279	3.09
174669	3.05
178012	2.99
172901	2.96
179999	2.95
176118	2.95
176439	2.93
177481	2.89
171975	2.83
176071	2.73
171809	2.64
175879	2.58
173858	2.55
173235	2.52
172329	2.50
176385	2.47
176437	2.46
177190	2.45
176146	2.41
176503	2.40
174841	2.35
174379	2.32
179936	2.31
171692	2.28
179739	2.26
171602	2.26
177342	2.23
176083	2.20
172074	2.19
180028	2.17
178536	2.15
177583	2.05
172802	1.84
174571	1.84
174141	1.77
176718	1.70
173873	1.67
266830	1.55
176373	1.55
175096	1.52
178778	1.51
174203	1.48
174458	1.46
177503	1.37
172250	1.31
171750	1.23
175419	1.21
175525	1.19
179533	1.16
181044	1.16
175492	1.16
174676	1.14
180522	1.14
181036	1.04
177161	0.92
186325	0.90
176807	0.80
179671	0.78
174443	0.76
178024	0.75
172860	0.72
175813	0.72
172249	0.68
178866	0.64
171917	0.63
266859	0.59
178074	0.57
174659	0.53
191670	0.49
175993	0.48
175493	0.43
24104262	0.40
173078	0.38
179153	0.33
174367	0.30
176358	0.29
176359	0.28
180072	0.27
178049	0.25
180767	0.25
186326	0.22
191680	0.20
3565921	0.09
188792	0.06
180359	0.02
178121	-0.01
176748	-0.01
191677	-0.01
181491	-0.03
178066	-0.05
177724	-0.06
177521	-0.09
179899	-0.12
178577	-0.19
180040	-0.20
176380	-0.20
179502	-0.22
176287	-0.25
186085	-0.27
180073	-0.28
266861	-0.36
180535	-0.36
266837	-0.36
180671	-0.39
179267	-0.39
191667	-0.40
176509	-0.42
178933	-0.47
177364	-0.49
172268	-0.50
181588	-0.51
177985	-0.52
179472	-0.57
172251	-0.66
181250	-0.66
180357	-0.70
172801	-0.73
175462	-0.74
175976	-0.77
176137	-0.82
180833	-0.85
174705	-0.85
178280	-0.87
191648	-0.93
181705	-0.97
177873	-1.00
175006	-1.01
178987	-1.14
172893	-1.17
180942	-1.17
175546	-1.20
181269	-1.21
177658	-1.24
172981	-1.29
172243	-1.57
172732	-1.90
