176891	19.19
178012	18.18
171692	17.18
171602	16.87
172201	16.31
175501	16.02
177503	15.84
172901	15.84
176071	15.03
176146	14.48
173260	13.60
177481	13.60
177583	13.59
172074	13.40
174371	13.34
179739	13.07
176718	12.92
174379	12.77
171750	12.69
174443	12.43
173235	11.76
173873	11.45
180535	10.04
172743	9.42
178279	9.03
178778	7.37
179153	6.88
176268	5.76
174367	5.54
174330	4.73
175716	4.27
179999	4.24
179936	4.21
176373	4.16
177753	4.08
174318	4.07
180028	4.03
179779	3.94
178415	3.93
178507	3.70
173334	3.46
175819	3.41
174421	3.38
174346	3.36
173744	3.35
179671	3.35
172942	3.32
176503	3.27
174478	3.19
174333	3.19
171809	2.95
176437	2.86
174351	2.78
171917	2.75
172860	2.72
179941	2.69
178536	2.60
176161	2.59
178943	2.59
175703	2.58
178089	2.57
173858	2.56
174141	2.56
176748	2.46
172802	2.45
172858	2.44
176196	2.42
176385	2.42
177342	2.41
172959	2.27
172329	2.22
3565921	2.18
176359	2.16
178988	2.12
181044	2.08
172044	2.04
177161	1.95
186325	1.94
174571	1.84
174603	1.71
186326	1.59
177521	1.57
179534	1.57
175877	1.47
175316	1.43
176118	1.40
181036	1.30
176083	1.29
178074	1.17
175549	1.12
178866	1.00
178280	0.99
174423	0.96
178049	0.91
175993	0.90
177873	0.88
175976	0.87
175972	0.85
180359	0.83
175006	0.82
172467	0.82
171975	0.79
176439	0.75
188792	0.73
172250	0.72
172801	0.63
178933	0.63
174841	0.58
180073	0.54
172468	0.52
191670	0.49
177190	0.49
179533	0.48
181250	0.46
24104262	0.44
176301	0.42
180767	0.36
174659	0.33
175813	0.33
180040	0.31
179502	0.27
174705	0.27
176358	0.26
179899	0.22
174676	0.22
176380	0.18
174669	0.16
179267	0.14
176137	0.13
174203	0.12
191648	0.11
178987	0.09
175525	0.05
177724	0.02
175462	-0.03
177364	-0.03
266837	-0.05
191680	-0.08
178066	-0.12
191677	-0.16
180072	-0.17
175419	-0.23
180357	-0.27
174458	-0.28
191667	-0.30
172893	-0.30
172251	-0.39
181269	-0.41
181491	-0.42
172243	-0.43
172268	-0.44
179472	-0.48
186085	-0.48
181705	-0.51
180942	-0.53
177985	-0.56
181588	-0.56
175096	-0.59
178024	-0.63
180671	-0.63
172732	-0.66
266861	-0.69
177658	-0.70
178121	-0.81
175492	-0.86
176287	-0.88
266859	-0.90
172249	-0.99
175493	-1.01
178577	-1.07
180522	-1.11
172981	-1.26
180833	-1.34
175546	-1.35
173078	-1.41
266830	-1.44
176807	-1.44
176509	-1.62
