177873	14.22
172268	10.96
266830	9.52
266859	8.97
176439	8.63
179502	8.21
172468	8.13
176358	8.09
176359	7.82
172801	7.23
175976	6.53
176385	6.29
174659	6.28
171917	6.03
172467	6.00
177161	5.94
178280	5.54
177658	5.43
180040	5.36
172802	5.22
174669	5.20
176301	5.19
3565921	5.07
174458	5.02
174841	4.93
172249	4.84
175006	4.31
176287	4.18
175525	4.12
175096	4.10
172329	3.85
174676	3.51
172250	3.16
266861	2.97
176503	2.93
172251	2.89
174333	2.51
176083	2.12
178074	1.93
179671	1.59
176373	1.51
178866	1.44
174203	1.42
177342	1.34
178988	1.33
176196	1.31
176748	1.23
177724	1.23
172860	1.21
174603	1.18
186325	1.15
174346	1.01
175549	0.97
178778	0.97
179999	0.83
173744	0.83
177521	0.82
176268	0.80
191677	0.75
178536	0.75
191670	0.74
178049	0.74
175703	0.72
179534	0.68
172044	0.66
178066	0.65
174351	0.64
171692	0.64
172201	0.63
177753	0.60
175972	0.59
176161	0.53
186326	0.49
177364	0.49
180073	0.48
176718	0.48
191667	0.47
179533	0.47
175877	0.45
178943	0.45
178121	0.41
177985	0.37
178933	0.36
179739	0.34
175879	0.33
172901	0.31
171602	0.31
174330	0.31
177481	0.28
180072	0.28
181588	0.27
177190	0.26
175493	0.26
179267	0.21
24104262	0.19
175501	0.19
174379	0.17
174705	0.17
191680	0.13
174318	0.13
173235	0.12
178987	0.11
176509	0.10
173260	0.06
172942	0.06
176146	0.03
174371	0.03
176891	0.01
180357	-0.04
178279	-0.04
178089	-0.05
180535	-0.05
174443	-0.06
178012	-0.07
172959	-0.09
175462	-0.09
181036	-0.10
174141	-0.10
180028	-0.12
181250	-0.13
173334	-0.13
178577	-0.22
177503	-0.22
174421	-0.25
188792	-0.28
176071	-0.28
174571	-0.29
171809	-0.29
171750	-0.33
177583	-0.34
172074	-0.36
180833	-0.39
178024	-0.39
178507	-0.43
175492	-0.45
174423	-0.47
176380	-0.48
176137	-0.51
179941	-0.52
179153	-0.53
175819	-0.53
173858	-0.61
181269	-0.63
180942	-0.65
178415	-0.67
266837	-0.67
179899	-0.68
175316	-0.69
176437	-0.71
172243	-0.72
176118	-0.73
172858	-0.74
186085	-0.75
175716	-0.80
174367	-0.85
171975	-0.88
175546	-0.93
179472	-0.98
179936	-1.01
179779	-1.01
191648	-1.09
181705	-1.09
173873	-1.10
172893	-1.13
180767	-1.16
181044	-1.17
172732	-1.24
176807	-1.25
180522	-1.40
173078	-1.41
174478	-1.45
175993	-1.45
180671	-1.48
175419	-1.49
180359	-1.63
181491	-2.19
172743	-2.22
172981	-2.24
