174421	16.66
174318	15.09
174330	13.47
178507	9.83
176196	7.75
178089	7.18
174351	6.83
173334	6.00
175703	5.93
174333	5.89
178988	5.80
172959	5.61
177753	5.52
171809	5.33
178943	5.30
175972	5.27
176268	5.24
172743	5.08
172044	4.98
175877	4.85
174478	4.79
179941	4.74
174571	4.73
173744	4.43
172858	4.36
173858	4.24
174346	4.03
179534	3.96
176161	3.93
174203	3.93
179779	3.82
175501	3.82
178415	3.74
178536	3.74
180028	3.64
175879	3.41
171975	3.33
174423	3.25
172942	3.22
179936	3.02
172329	2.99
172802	2.99
175316	2.95
173260	2.83
175549	2.82
177481	2.78
176748	2.76
176071	2.72
172074	2.70
177342	2.64
171602	2.63
177583	2.63
176301	2.61
178012	2.60
175716	2.60
174371	2.55
179999	2.54
176503	2.50
172901	2.46
3565921	2.31
176437	2.29
174841	2.27
177503	2.25
176891	2.20
266837	2.14
173873	2.10
176718	2.08
172468	2.06
176118	2.06
172201	2.03
181491	2.02
176146	1.87
171692	1.72
174379	1.71
174603	1.71
176385	1.63
181036	1.61
178987	1.52
175096	1.50
176439	1.42
177190	1.38
172801	1.32
174669	1.26
174367	1.22
178279	1.21
179739	1.18
176359	1.17
172467	1.16
174659	1.15
171750	1.14
175419	1.12
176083	1.11
173235	1.06
174676	1.06
174141	0.98
24104262	0.98
178778	0.96
181044	0.95
180359	0.93
175993	0.87
177161	0.85
172249	0.82
179671	0.81
173078	0.76
178074	0.76
178933	0.75
176373	0.75
175976	0.72
266830	0.70
180535	0.67
175492	0.67
179153	0.66
174443	0.65
177724	0.64
175462	0.63
172251	0.62
180522	0.57
266859	0.52
178066	0.51
175525	0.51
191670	0.48
174458	0.41
177521	0.37
171917	0.33
176358	0.32
180767	0.32
177985	0.30
176509	0.28
191677	0.27
181705	0.26
180040	0.25
172981	0.24
172860	0.24
177658	0.17
188792	0.12
175493	0.11
175006	0.11
176807	0.09
179267	0.08
172732	0.08
176287	0.07
178577	-0.08
178024	-0.08
172250	-0.08
179533	-0.09
180357	-0.10
186326	-0.13
180671	-0.15
180072	-0.16
180942	-0.19
178280	-0.20
176380	-0.23
174705	-0.27
186085	-0.27
180073	-0.38
172268	-0.41
179899	-0.42
178049	-0.51
175813	-0.53
178121	-0.56
178866	-0.58
191680	-0.60
177364	-0.61
186325	-0.64
176137	-0.67
175546	-0.72
266861	-0.76
179502	-0.85
191667	-0.89
180833	-1.02
179472	-1.06
172893	-1.38
181269	-1.46
181588	-1.48
181250	-1.59
191648	-1.64
177873	-1.66
172243	-2.33
