173744	10.20
175972	9.51
177753	9.50
178988	8.37
173334	8.24
176196	7.84
178943	6.85
172942	6.74
178507	6.65
174330	6.13
171975	5.71
179534	5.65
179941	5.55
174318	5.54
177190	5.49
173858	5.46
172743	5.41
174421	5.34
176161	5.19
175703	5.16
175549	5.13
174458	5.04
174571	4.99
176301	4.99
175819	4.85
175096	4.78
172468	4.48
176385	4.41
178536	4.41
174603	4.28
174333	4.20
176268	4.06
178415	4.05
174669	3.88
172802	3.77
178074	3.75
174423	3.67
178089	3.57
174203	3.43
174841	3.30
174659	3.27
177342	3.27
172074	3.21
174351	3.17
175501	3.05
174371	2.96
176439	2.92
176437	2.88
176083	2.85
172201	2.75
266830	2.74
173260	2.71
175316	2.69
176359	2.57
177161	2.54
178866	2.50
175716	2.49
172901	2.49
175419	2.45
176503	2.41
172467	2.39
172329	2.34
178012	2.32
171917	2.29
177481	2.28
174346	2.24
180040	2.22
179502	2.18
174676	2.15
266859	2.07
176373	2.06
175006	2.05
179779	2.02
174141	2.01
178778	2.00
175525	1.97
171602	1.92
172860	1.85
180359	1.81
171809	1.81
172858	1.76
176509	1.75
178280	1.73
179671	1.71
266837	1.70
172959	1.62
176891	1.61
172044	1.55
176146	1.51
176748	1.50
171692	1.49
177583	1.48
175879	1.47
172249	1.46
179739	1.41
173235	1.33
172250	1.33
172251	1.26
177521	1.26
176718	1.20
177503	1.19
176071	1.16
176118	1.10
178933	1.09
181036	1.09
186325	1.06
171750	1.04
180028	0.97
178279	0.95
176287	0.93
175976	0.88
177873	0.87
188792	0.85
178049	0.84
178066	0.80
174379	0.78
186326	0.76
174478	0.75
172801	0.73
172268	0.72
176380	0.69
174443	0.68
173078	0.67
179899	0.58
175492	0.57
177364	0.51
173873	0.51
172981	0.45
175813	0.45
180535	0.43
191680	0.43
178987	0.38
179999	0.35
3565921	0.34
176807	0.28
174705	0.26
180357	0.23
179153	0.22
180073	0.19
181491	0.13
177724	0.13
176137	0.13
266861	0.09
177985	0.05
191667	-0.03
191677	-0.03
176358	-0.06
177658	-0.16
180072	-0.18
181044	-0.18
186085	-0.20
179267	-0.22
191670	-0.23
179472	-0.33
180942	-0.37
174367	-0.41
180671	-0.44
178024	-0.45
175493	-0.54
24104262	-0.55
181588	-0.56
181269	-0.56
172893	-0.70
178121	-0.71
180767	-0.74
180522	-0.79
175993	-0.80
180833	-0.89
181250	-0.94
172732	-0.95
179936	-0.97
191648	-1.02
181705	-1.22
175462	-1.32
178577	-1.33
179533	-1.35
172243	-1.93
175546	-2.09
