177724	3.65
181705	3.42
180359	3.27
174478	3.11
175492	2.70
178577	2.33
172732	2.11
178987	2.07
177985	1.92
178933	1.87
178074	1.82
175546	1.71
172858	1.68
178121	1.64
174333	1.61
174705	1.46
175493	1.46
179472	1.42
180942	1.39
181491	1.36
174330	1.36
180522	1.33
172942	1.31
180028	1.25
176380	1.21
176509	1.12
179153	1.07
176437	1.01
171602	0.99
172467	0.99
177583	0.95
179533	0.94
175501	0.93
173873	0.92
175879	0.90
177503	0.89
175819	0.87
181044	0.86
176083	0.86
180767	0.83
175462	0.82
179779	0.78
266837	0.78
172959	0.76
172743	0.74
175549	0.73
179534	0.68
172243	0.67
174367	0.66
172074	0.64
171975	0.63
177658	0.62
172249	0.61
191667	0.59
186085	0.56
171809	0.51
173078	0.49
175703	0.48
178415	0.47
191670	0.46
179671	0.45
174318	0.45
191680	0.44
266861	0.44
174421	0.42
176118	0.41
175716	0.41
174423	0.34
176071	0.33
172981	0.32
178024	0.28
175525	0.27
177190	0.24
174351	0.23
174669	0.17
174443	0.16
178089	0.16
172801	0.12
174676	0.10
178279	0.08
171750	0.05
180671	0.05
175972	0.04
172250	0.03
176287	0.03
172044	0.03
191677	0.02
173260	0.02
177364	0.01
179936	0.01
174346	0.01
179267	-0.02
172893	-0.07
178012	-0.07
177342	-0.07
176718	-0.08
177481	-0.08
172802	-0.09
176137	-0.10
176891	-0.12
180833	-0.13
174371	-0.14
180535	-0.14
178507	-0.14
180357	-0.15
176196	-0.17
176385	-0.18
176146	-0.18
180072	-0.19
172901	-0.20
176807	-0.22
173858	-0.22
172251	-0.24
171692	-0.26
174603	-0.29
175976	-0.29
177753	-0.30
173334	-0.31
176503	-0.34
176748	-0.39
174841	-0.43
191648	-0.45
178049	-0.47
174141	-0.53
175316	-0.59
175419	-0.60
179999	-0.62
174571	-0.64
181250	-0.66
179502	-0.67
172201	-0.69
173235	-0.70
179941	-0.76
174659	-0.76
179739	-0.78
179899	-0.78
175877	-0.80
177161	-0.82
176268	-0.83
176373	-0.84
177873	-0.84
174203	-0.86
178778	-0.86
172860	-0.87
176439	-0.90
181036	-0.93
173744	-0.94
178943	-0.94
266859	-0.95
176301	-0.95
3565921	-0.96
178536	-0.99
178988	-1.00
178066	-1.07
188792	-1.07
176358	-1.08
180073	-1.09
172468	-1.12
24104262	-1.15
266830	-1.15
174379	-1.21
181269	-1.22
181588	-1.22
177521	-1.25
180040	-1.28
174458	-1.28
186325	-1.33
175006	-1.37
175813	-1.45
172329	-1.48
186326	-1.48
178280	-1.68
176359	-1.79
172268	-1.90
176161	-1.98
178866	-1.99
175096	-2.20
171917	-2.25
