172268	8.25
172801	7.72
175525	7.60
177658	7.38
176358	7.10
266859	6.97
176359	6.75
266861	6.71
176748	6.53
175813	6.53
177161	6.47
177873	5.94
172802	5.77
180040	5.44
174659	5.43
176385	5.15
172468	5.11
172329	5.08
178280	4.97
176301	4.71
176439	4.50
176373	4.46
179502	4.28
176503	4.20
174333	4.17
3565921	4.01
175006	3.94
171917	3.76
174841	3.72
172467	3.63
266830	3.58
177342	3.03
176196	2.74
171975	2.68
172249	2.61
178778	2.58
174571	2.43
177753	2.20
178536	2.14
174478	2.10
173858	2.06
178066	2.02
172942	1.97
175096	1.95
176287	1.93
174458	1.77
191680	1.77
171750	1.74
174603	1.70
191677	1.68
174330	1.67
178415	1.60
172860	1.56
173873	1.52
174346	1.51
178866	1.51
172044	1.45
188792	1.36
186325	1.32
186085	1.31
175972	1.28
179999	1.21
174669	1.16
179153	1.14
174351	1.13
191667	1.08
172250	1.06
178988	1.02
172901	0.94
177583	0.92
177521	0.92
177503	0.90
175877	0.88
174318	0.88
175879	0.87
174443	0.82
172251	0.81
176268	0.80
179671	0.78
177481	0.75
175819	0.72
180073	0.69
178074	0.60
178279	0.58
174367	0.58
178049	0.57
176161	0.57
191670	0.55
186326	0.52
179534	0.51
174371	0.47
173744	0.47
180028	0.47
174676	0.42
179267	0.38
180535	0.38
174379	0.37
178012	0.28
176118	0.28
179739	0.28
172858	0.26
175549	0.25
175501	0.24
172959	0.23
179936	0.23
180072	0.23
175716	0.20
172201	0.19
179941	0.16
176718	0.11
178121	0.11
176071	0.09
176146	0.09
173334	0.08
171692	0.05
179779	0.05
178943	0.04
174705	0.03
172074	0.01
176437	-0.01
179533	-0.03
179899	-0.04
179472	-0.10
174203	-0.10
176891	-0.11
171809	-0.20
171602	-0.20
178089	-0.23
181036	-0.24
175993	-0.29
174421	-0.29
177724	-0.29
181588	-0.30
178507	-0.43
173235	-0.43
172743	-0.43
173260	-0.50
178024	-0.53
177364	-0.55
181250	-0.55
172732	-0.56
178987	-0.62
180767	-0.66
181044	-0.66
176083	-0.69
181269	-0.71
177190	-0.72
175703	-0.77
175462	-0.80
175546	-0.80
175493	-0.81
178577	-0.88
175419	-0.94
180357	-0.99
24104262	-1.00
180942	-1.03
174141	-1.05
178933	-1.05
180833	-1.07
176137	-1.15
180359	-1.20
191648	-1.31
175316	-1.33
176509	-1.40
172893	-1.49
176380	-1.51
175492	-1.52
174423	-1.65
180522	-1.65
180671	-1.76
172981	-1.77
266837	-1.85
177985	-1.97
173078	-1.98
181491	-2.02
181705	-2.05
172243	-2.08
176807	-2.24
