177753	12.42
176196	9.65
175877	9.51
178988	9.31
179941	8.50
173744	8.33
173334	8.21
174421	7.74
174318	7.34
178943	7.27
176161	7.03
173858	6.53
174330	5.97
171975	5.58
174351	5.54
175819	5.27
172802	5.04
175703	4.78
174571	4.64
172942	4.64
177342	4.28
174659	4.24
174676	4.22
174333	4.14
175549	3.96
179671	3.79
179534	3.77
176301	3.75
172959	3.71
178536	3.50
176385	3.41
174603	3.41
178089	3.38
178415	3.25
176439	3.19
174669	3.09
174141	3.06
178507	3.04
177161	3.03
174458	2.93
172467	2.81
172743	2.76
179779	2.67
176268	2.63
176748	2.62
175096	2.52
177364	2.50
172044	2.48
172201	2.44
175716	2.36
176503	2.31
172468	2.31
266859	2.30
174423	2.27
174203	2.27
172801	2.18
177190	2.18
174371	2.14
171917	2.13
175501	2.08
176118	2.08
176437	2.06
180522	2.05
172901	2.03
172329	2.01
177481	1.98
176359	1.95
172860	1.90
171809	1.86
172074	1.86
177658	1.85
174478	1.84
173078	1.79
175316	1.75
174346	1.70
174841	1.63
178012	1.63
176891	1.63
172249	1.61
176358	1.60
175525	1.50
173260	1.48
176287	1.47
178987	1.46
180040	1.45
180028	1.41
172858	1.41
177583	1.41
175976	1.28
172251	1.23
175419	1.21
181036	1.20
176373	1.18
177521	1.16
178074	1.16
176146	1.13
178280	1.10
174379	1.10
176083	1.09
181588	1.07
175493	1.02
178279	1.00
178778	0.94
176071	0.93
266830	0.93
172268	0.86
175879	0.85
179472	0.82
186325	0.81
179502	0.74
171602	0.71
176509	0.70
172250	0.68
177503	0.68
175006	0.63
188792	0.62
178121	0.61
175813	0.59
179999	0.58
179739	0.58
176718	0.58
178866	0.50
177985	0.46
176807	0.43
178066	0.43
175546	0.42
3565921	0.40
180671	0.38
171692	0.36
176137	0.34
191677	0.34
177724	0.24
178933	0.18
181705	0.18
186326	0.18
266861	0.14
180357	0.14
180073	0.12
191680	0.08
178577	0.08
173235	0.05
178049	0.04
175993	0.04
179267	-0.02
179533	-0.05
180833	-0.07
178024	-0.08
191670	-0.08
180072	-0.12
171750	-0.13
266837	-0.19
174443	-0.21
191667	-0.23
180359	-0.28
174367	-0.29
173873	-0.32
177873	-0.32
172732	-0.34
176380	-0.38
179899	-0.46
175492	-0.52
186085	-0.53
179936	-0.53
24104262	-0.58
181491	-0.59
175462	-0.64
172981	-0.82
181250	-0.93
181269	-1.02
180535	-1.06
180942	-1.08
174705	-1.10
191648	-1.18
179153	-1.22
172243	-1.22
172893	-1.49
180767	-1.53
181044	-2.13
