176380	10.53
178074	10.40
177985	8.01
174669	7.01
266830	6.55
175549	6.18
176509	5.31
175492	4.98
177190	4.85
172468	4.63
172249	4.30
176287	3.60
172802	3.46
172467	3.43
266837	3.27
179502	3.20
176385	3.09
175877	2.85
174458	2.75
176439	2.70
172743	2.65
174676	2.33
174330	2.31
172801	2.20
175703	2.20
24104262	2.20
176301	2.20
174333	2.14
175813	2.12
173078	2.02
175096	1.90
176891	1.86
174421	1.84
178507	1.82
172858	1.82
175501	1.66
174841	1.58
266861	1.54
176359	1.54
176071	1.53
177873	1.47
174371	1.43
179153	1.39
177481	1.35
172201	1.35
178280	1.30
178012	1.30
175879	1.29
172074	1.27
172250	1.24
176146	1.23
174318	1.18
180767	1.13
175819	1.11
178933	1.09
175972	1.09
177724	1.08
176718	1.07
180522	1.05
176196	1.04
178279	1.02
171692	1.02
177658	0.98
172268	0.95
179534	0.94
176137	0.90
172901	0.89
175493	0.89
266859	0.88
176358	0.88
3565921	0.87
181036	0.87
174659	0.86
175993	0.86
176503	0.81
174351	0.80
181588	0.80
177364	0.78
179999	0.72
181491	0.71
179671	0.71
175525	0.66
171917	0.65
171602	0.60
173260	0.59
179739	0.58
178089	0.58
175419	0.56
176437	0.53
173235	0.52
178988	0.51
174443	0.49
178415	0.49
174203	0.47
181044	0.47
177161	0.46
174379	0.44
179533	0.44
173873	0.43
174478	0.42
180359	0.42
172981	0.41
178024	0.39
178943	0.38
178049	0.38
180357	0.38
172942	0.34
176268	0.33
180040	0.33
176807	0.30
172893	0.23
172959	0.18
174705	0.18
186325	0.14
173744	0.13
172243	0.12
180942	0.09
178987	0.05
175546	0.03
177503	0.03
177753	0.01
175716	-0.02
175462	-0.02
173334	-0.09
178778	-0.11
179472	-0.11
171750	-0.12
181269	-0.13
178121	-0.14
174141	-0.18
179267	-0.19
180671	-0.21
181250	-0.24
176373	-0.24
177583	-0.25
179899	-0.25
175316	-0.28
188792	-0.30
191680	-0.31
172251	-0.31
174603	-0.32
180535	-0.35
191677	-0.36
174423	-0.40
175006	-0.40
191648	-0.40
177521	-0.41
176161	-0.46
191667	-0.46
172329	-0.52
178866	-0.53
171809	-0.54
174367	-0.56
186085	-0.61
175976	-0.69
186326	-0.69
180028	-0.69
174346	-0.70
172044	-0.70
178536	-0.70
172860	-0.73
176748	-0.80
171975	-0.91
178066	-0.91
173858	-0.94
179779	-0.97
172732	-0.97
177342	-1.00
178577	-1.05
180833	-1.18
191670	-1.24
179936	-1.37
180072	-1.40
181705	-1.40
176118	-1.48
180073	-1.62
174571	-1.64
179941	-1.67
