176146	19.74
176891	18.18
177481	16.73
178012	16.54
172901	16.01
173235	15.46
174371	15.28
175879	15.03
174379	15.02
179739	14.51
172074	14.27
173260	14.20
172201	13.72
171692	13.70
177503	13.35
176718	12.92
175501	11.96
171602	11.68
174443	11.57
177583	10.74
173873	10.37
178279	9.96
171750	9.47
172743	9.41
180535	8.38
179153	7.87
178778	6.54
174367	5.25
175716	4.63
174330	4.49
176268	4.48
180028	4.23
174421	4.21
179936	4.16
178507	3.96
179534	3.70
179533	3.67
181044	3.48
176437	3.41
176161	3.31
179999	3.30
179779	3.11
178536	3.06
174318	3.06
178415	2.95
174351	2.86
177753	2.84
176373	2.83
172959	2.79
178943	2.78
175703	2.73
175819	2.72
172860	2.72
171809	2.64
176503	2.55
172802	2.51
174346	2.44
179941	2.34
173334	2.33
177521	2.32
179671	2.23
180767	2.23
176196	2.11
172044	1.98
178988	1.92
174603	1.91
172858	1.87
186326	1.86
171917	1.85
174478	1.81
173744	1.81
174141	1.75
174333	1.74
177161	1.70
173858	1.61
176083	1.53
186325	1.47
178866	1.45
178089	1.40
175316	1.39
176385	1.39
172942	1.35
176380	1.31
3565921	1.27
176748	1.26
181036	1.18
175877	1.16
176359	1.08
177342	0.95
175972	0.93
178049	0.93
174571	0.92
266837	0.90
172329	0.88
174423	0.78
180073	0.69
172468	0.67
176118	0.66
177190	0.62
178933	0.58
175419	0.57
174203	0.55
178074	0.51
176358	0.50
180671	0.48
178280	0.39
172467	0.38
180040	0.38
191670	0.36
171975	0.35
175993	0.33
174676	0.30
180072	0.27
266861	0.27
180942	0.26
176301	0.26
181250	0.23
24104262	0.13
177364	0.11
176137	0.11
180522	0.10
175976	0.09
181269	0.06
179502	0.01
180359	0.01
191680	-0.02
188792	-0.03
179267	-0.04
177658	-0.05
191648	-0.06
180357	-0.07
181491	-0.08
172732	-0.10
172893	-0.12
179899	-0.14
178987	-0.19
191667	-0.21
181588	-0.23
172243	-0.24
191677	-0.25
178066	-0.25
178577	-0.26
177873	-0.28
175492	-0.28
175813	-0.28
186085	-0.30
175006	-0.31
175462	-0.32
172801	-0.33
174705	-0.36
178121	-0.36
175096	-0.42
174841	-0.46
177724	-0.50
174659	-0.51
172268	-0.52
174458	-0.54
178024	-0.54
174669	-0.54
181705	-0.66
177985	-0.68
176807	-0.70
172250	-0.79
179472	-0.80
176439	-0.83
172981	-0.98
172251	-0.99
175525	-1.07
176287	-1.11
180833	-1.12
172249	-1.22
266830	-1.35
176509	-1.36
175549	-1.44
266859	-1.68
175546	-1.69
173078	-1.95
175493	-2.01
