178943	15.80
179941	14.59
173858	14.01
178988	13.85
177753	13.84
171975	11.73
174571	9.80
173334	9.56
173744	9.27
172942	8.72
176196	7.24
175972	7.03
174141	6.57
179779	6.09
175877	5.19
179671	5.09
174318	5.02
176118	4.88
176503	4.52
177342	4.50
180028	4.16
174421	4.10
179534	4.08
172329	4.05
175819	3.93
178536	3.93
172901	3.91
174351	3.80
174379	3.57
174330	3.42
176146	3.42
176718	3.40
175703	3.34
176071	3.31
178279	3.30
178778	3.26
171692	3.25
172959	3.24
171917	3.09
172044	3.02
179739	2.96
172802	2.83
178089	2.82
176268	2.82
178507	2.81
172860	2.61
175879	2.59
172201	2.58
174443	2.58
174603	2.47
173235	2.45
177521	2.44
176891	2.43
177161	2.42
178012	2.35
173260	2.34
178415	2.33
174203	2.27
174423	2.16
175006	2.16
172858	2.14
177481	2.14
171602	2.04
186326	2.03
177503	1.94
174333	1.94
176748	1.85
186325	1.85
176359	1.84
176373	1.72
177658	1.70
174371	1.64
171750	1.54
172074	1.52
175501	1.43
174676	1.35
176385	1.34
191680	1.26
171809	1.22
179936	1.13
175549	1.10
180073	1.06
176437	1.06
172250	1.05
176807	1.03
173873	1.01
178066	0.99
179999	0.97
174669	0.89
178280	0.88
176439	0.87
172268	0.85
174478	0.80
188792	0.79
178866	0.78
176301	0.75
174346	0.70
181036	0.68
175419	0.67
172468	0.66
178049	0.62
180040	0.62
179153	0.60
175976	0.57
172743	0.56
179899	0.56
175813	0.53
178987	0.52
176358	0.52
174841	0.51
3565921	0.48
266859	0.45
180072	0.44
191677	0.41
180535	0.40
172801	0.40
175096	0.39
172467	0.36
179472	0.33
177583	0.33
175493	0.32
175316	0.21
266861	0.17
191667	0.16
180671	0.16
175525	0.13
176509	0.09
175716	0.08
173078	0.00
177190	-0.03
179533	-0.03
181588	-0.06
174659	-0.12
266830	-0.16
177873	-0.20
172251	-0.20
191670	-0.25
174367	-0.28
174705	-0.30
266837	-0.38
177364	-0.45
176083	-0.46
174458	-0.49
180522	-0.52
176137	-0.56
181269	-0.58
175492	-0.59
177985	-0.63
180942	-0.64
176287	-0.64
179502	-0.69
172732	-0.69
181491	-0.70
178933	-0.73
24104262	-0.77
180767	-0.90
186085	-0.91
191648	-0.96
172893	-1.02
178024	-1.02
181250	-1.05
172249	-1.08
179267	-1.10
181705	-1.17
175462	-1.18
178074	-1.18
172981	-1.19
181044	-1.27
180357	-1.34
172243	-1.39
176380	-1.42
175546	-1.49
178577	-1.54
178121	-1.66
177724	-1.73
180359	-1.76
180833	-1.77
175993	-1.98
