179779	7.00
175316	6.48
179936	5.94
179941	5.69
173858	5.51
178943	5.32
172858	5.00
176161	4.88
178089	4.66
174571	4.64
174141	4.37
174423	4.37
174351	4.31
173334	4.25
172044	4.14
180028	4.00
174478	3.83
177753	3.79
171975	3.61
172942	3.36
175703	2.95
172329	2.85
172959	2.78
173744	2.77
176503	2.60
176437	2.28
178536	2.23
179999	2.15
172901	2.14
178988	2.11
175972	2.08
176268	2.07
175819	2.06
175716	1.99
171809	1.95
176718	1.86
176748	1.70
178778	1.57
177503	1.53
179534	1.52
174379	1.48
176196	1.45
175501	1.42
175879	1.40
172268	1.39
173260	1.38
171602	1.31
174333	1.30
174203	1.23
174421	1.21
186326	1.13
175877	1.10
266859	1.03
178012	1.02
175006	1.01
174318	1.00
174603	1.00
172981	0.94
177583	0.94
179671	0.93
175419	0.92
177658	0.89
174458	0.86
176359	0.85
177342	0.85
176146	0.84
180073	0.84
171750	0.83
178507	0.81
172860	0.75
177521	0.73
172074	0.71
180671	0.70
181705	0.66
191677	0.66
176071	0.66
174443	0.61
178415	0.60
171692	0.58
178066	0.56
174346	0.54
186325	0.54
174705	0.53
176891	0.53
173078	0.52
175525	0.48
174676	0.48
172201	0.47
176373	0.45
176807	0.42
175993	0.41
180359	0.41
177161	0.40
172468	0.36
180522	0.35
178987	0.34
178049	0.34
173873	0.34
176439	0.32
175976	0.28
3565921	0.26
176358	0.24
181588	0.23
172250	0.23
178279	0.23
175546	0.22
191667	0.20
178280	0.18
176385	0.16
179739	0.16
178121	0.14
191680	0.13
180357	0.10
181036	0.10
173235	0.08
179899	0.08
174659	0.08
174330	0.08
180535	0.06
174367	0.05
178866	0.03
181491	0.01
266837	-0.01
176137	-0.01
174841	-0.02
181250	-0.02
175462	-0.11
181269	-0.12
177481	-0.13
180942	-0.16
172802	-0.17
172467	-0.18
177724	-0.18
175096	-0.20
180072	-0.20
181044	-0.22
174669	-0.23
172732	-0.28
172801	-0.28
172243	-0.29
176287	-0.30
191670	-0.30
179472	-0.31
24104262	-0.32
179533	-0.33
188792	-0.36
177190	-0.39
175549	-0.41
172251	-0.49
174371	-0.54
172743	-0.54
191648	-0.58
179267	-0.62
175493	-0.65
177985	-0.66
178933	-0.71
175813	-0.73
171917	-0.76
178577	-0.77
178024	-0.79
177873	-0.79
180040	-0.82
172249	-0.83
176301	-0.85
186085	-0.98
180833	-0.98
266861	-1.05
177364	-1.15
175492	-1.17
179153	-1.19
180767	-1.22
266830	-1.26
178074	-1.26
176083	-1.48
172893	-1.84
176509	-1.89
176380	-2.50
179502	-2.51
