172901	20.06
176071	19.74
173235	19.48
178012	18.87
176891	18.41
174379	17.73
179739	17.15
177481	16.22
176718	16.01
171692	15.39
172201	15.12
174371	15.04
177503	14.54
175879	14.48
173260	14.24
174443	13.95
171602	13.88
172074	11.97
175501	11.62
171750	11.42
173873	10.38
178279	10.33
177583	9.90
179153	8.62
172743	8.23
180535	8.08
178778	6.72
174367	5.93
176268	4.25
175716	4.04
180028	4.04
179936	4.03
174330	3.91
179779	3.53
178507	3.48
176161	3.42
174421	3.41
172860	3.39
174318	3.36
179671	3.23
176437	3.18
178415	3.14
177521	3.06
174346	2.95
174351	2.87
176373	2.81
178943	2.79
186326	2.62
178536	2.59
179941	2.59
179999	2.53
175703	2.41
172044	2.37
174141	2.26
179534	2.26
177753	2.20
172802	2.15
179533	2.06
186325	2.04
172959	1.97
176503	1.97
178089	1.96
171917	1.92
171809	1.88
175819	1.87
173744	1.83
173334	1.77
178988	1.70
174478	1.61
180073	1.61
177342	1.58
174603	1.55
175316	1.54
175877	1.51
181044	1.50
176196	1.48
178049	1.44
172329	1.40
181036	1.27
176359	1.26
174333	1.26
176083	1.23
172858	1.22
174423	1.22
176380	1.21
177364	1.19
173858	1.17
176137	1.15
174571	1.14
175972	1.13
188792	1.12
176385	1.08
176748	1.07
180072	1.06
172942	1.00
178866	0.90
176118	0.84
178066	0.82
174705	0.78
171975	0.78
177161	0.75
179502	0.66
191670	0.61
175096	0.57
175419	0.53
180671	0.53
178987	0.47
172467	0.42
191667	0.39
180767	0.35
191677	0.34
180942	0.29
266837	0.27
172468	0.23
174203	0.21
178280	0.17
191680	0.14
180359	0.13
179267	0.11
181250	0.10
175976	0.09
176301	0.09
172893	0.09
172243	0.08
179899	0.06
175813	0.03
180357	0.01
3565921	-0.00
174659	-0.01
176439	-0.06
191648	-0.08
24104262	-0.09
181269	-0.12
178074	-0.14
177190	-0.15
181588	-0.16
175993	-0.18
176358	-0.20
176807	-0.22
175492	-0.25
177985	-0.25
179472	-0.25
178933	-0.27
174458	-0.28
186085	-0.39
172732	-0.39
181705	-0.40
177724	-0.45
180040	-0.48
177873	-0.49
172249	-0.50
174676	-0.50
177658	-0.51
175462	-0.56
172250	-0.57
174669	-0.60
178577	-0.60
172801	-0.70
178024	-0.72
175006	-0.72
175549	-0.73
174841	-0.75
178121	-0.85
172981	-0.87
172268	-0.89
181491	-0.89
172251	-0.90
180522	-1.01
180833	-1.17
266861	-1.25
176509	-1.37
266859	-1.53
175546	-1.74
266830	-1.74
175525	-1.79
176287	-1.82
175493	-1.82
173078	-1.95
