177753	13.19
178988	12.40
175972	9.65
174330	9.16
174318	9.16
178943	8.68
179941	8.58
173858	8.44
173744	8.41
175877	7.84
175819	7.75
173334	7.34
174421	7.25
176161	7.24
174333	7.09
174571	6.41
172942	6.36
171975	6.36
178507	5.97
179534	5.81
174351	5.69
174203	4.81
176503	4.62
175703	4.54
172802	4.50
176268	4.32
178415	4.08
174676	3.74
178089	3.71
172467	3.68
179779	3.62
176748	3.35
172743	3.34
177503	3.28
177342	3.24
172959	3.14
175501	3.13
172329	3.13
172801	3.10
172858	3.03
172249	3.01
179671	2.89
176301	2.82
175976	2.74
172468	2.71
172201	2.69
178536	2.67
174478	2.66
176385	2.58
174346	2.55
171602	2.51
172044	2.46
172901	2.42
175879	2.42
171917	2.34
266859	2.30
176439	2.28
174371	2.27
176718	2.20
178778	2.20
174659	2.15
176071	2.11
176891	2.09
172074	2.00
174669	1.97
178012	1.95
175549	1.88
174603	1.86
180028	1.85
266837	1.83
171809	1.82
177161	1.81
176373	1.77
174141	1.76
175525	1.75
176359	1.75
175716	1.74
177481	1.71
177583	1.67
176358	1.56
172251	1.55
174458	1.54
174841	1.53
173260	1.53
266861	1.51
176146	1.48
3565921	1.47
176118	1.45
171692	1.44
176437	1.44
174423	1.40
173873	1.39
181036	1.36
179502	1.35
178933	1.34
177521	1.31
177658	1.31
175813	1.31
180040	1.27
175096	1.23
179739	1.22
172268	1.17
174379	1.17
171750	1.09
178280	1.08
176083	1.04
172860	1.02
179999	0.99
174443	0.95
179472	0.92
191680	0.86
178074	0.85
186326	0.83
172250	0.82
176287	0.76
175419	0.66
178987	0.65
178279	0.61
266830	0.55
178049	0.55
186325	0.53
173235	0.51
177190	0.47
173078	0.47
180072	0.40
178866	0.39
178066	0.36
179533	0.36
191667	0.29
178577	0.27
180073	0.18
177873	0.17
188792	0.17
191670	0.13
179936	0.13
24104262	0.05
177985	0.04
174367	0.01
179899	0.01
191677	-0.04
180535	-0.07
175316	-0.09
174705	-0.14
175006	-0.16
175993	-0.17
179153	-0.19
179267	-0.19
178121	-0.21
178024	-0.25
175493	-0.28
177364	-0.31
180767	-0.32
176807	-0.38
180522	-0.39
177724	-0.39
176380	-0.54
175546	-0.54
176137	-0.57
176509	-0.67
181250	-0.70
180357	-0.72
180671	-0.78
172732	-0.79
180942	-0.79
181044	-0.84
180359	-0.89
181705	-0.96
172981	-1.01
175462	-1.06
181491	-1.11
180833	-1.25
186085	-1.33
181269	-1.35
175492	-1.62
191648	-1.68
181588	-1.79
172243	-2.19
172893	-2.20
