181588	4.39
178024	3.76
172243	3.17
180357	3.03
172893	2.52
178121	2.32
175419	2.23
178933	2.04
181036	1.94
176380	1.76
175492	1.72
180942	1.46
178987	1.43
178074	1.38
180833	1.34
177724	1.30
173260	1.28
171602	1.25
180359	1.25
176146	1.15
177503	1.11
179472	1.07
176718	1.06
175501	1.05
179779	1.03
172901	1.01
174379	0.96
176287	0.93
181250	0.92
176437	0.92
177481	0.91
176083	0.90
176807	0.85
173078	0.84
179153	0.78
24104262	0.78
174705	0.71
176891	0.71
173235	0.70
179739	0.69
172743	0.68
180522	0.65
178536	0.59
172858	0.55
181705	0.55
173873	0.55
172044	0.54
172074	0.49
172249	0.49
180535	0.46
179671	0.45
175462	0.44
178507	0.44
188792	0.41
171692	0.39
177521	0.35
175972	0.34
181044	0.34
178012	0.33
180767	0.33
174330	0.33
177985	0.32
177342	0.30
175096	0.27
180671	0.26
172201	0.25
175549	0.24
177583	0.23
176509	0.20
172732	0.19
181269	0.18
174443	0.18
178279	0.15
191677	0.14
174371	0.14
174603	0.14
175879	0.13
175877	0.13
176071	0.11
172860	0.09
175546	0.08
177364	0.07
174458	0.04
171750	0.02
176748	0.01
174351	0.01
175716	0.01
175493	0.00
174367	-0.01
176118	-0.01
178066	-0.02
172981	-0.03
172250	-0.03
266837	-0.03
171975	-0.05
180072	-0.08
172959	-0.08
176359	-0.08
174676	-0.09
191648	-0.10
175993	-0.10
174659	-0.11
191667	-0.13
177658	-0.16
176301	-0.18
178049	-0.19
174669	-0.20
179533	-0.20
174421	-0.22
178866	-0.23
179502	-0.28
179267	-0.30
179534	-0.33
174346	-0.34
266830	-0.34
179936	-0.36
171809	-0.37
178778	-0.37
172467	-0.37
174141	-0.37
177190	-0.38
180073	-0.38
172802	-0.43
176385	-0.43
178280	-0.44
176268	-0.44
178577	-0.47
186325	-0.47
174318	-0.48
175813	-0.51
178943	-0.51
171917	-0.52
186085	-0.55
181491	-0.56
176161	-0.56
177873	-0.57
176196	-0.57
180040	-0.58
177161	-0.59
176373	-0.59
180028	-0.59
174841	-0.60
172801	-0.61
179999	-0.62
172251	-0.62
174478	-0.63
177753	-0.64
191670	-0.65
175819	-0.67
186326	-0.67
175006	-0.67
174203	-0.71
172468	-0.72
174571	-0.73
179941	-0.73
172329	-0.73
175525	-0.74
191680	-0.74
178089	-0.74
175316	-0.77
179899	-0.81
266859	-0.82
175703	-0.82
178415	-0.89
172268	-0.90
266861	-0.94
174333	-0.95
176439	-0.97
176503	-1.03
173858	-1.07
178988	-1.10
176358	-1.12
172942	-1.13
173744	-1.14
175976	-1.15
173334	-1.17
3565921	-1.33
174423	-1.68
