174351	7.99
174318	7.68
172959	7.40
174330	7.14
178415	6.66
174346	6.37
172044	6.32
171809	6.08
172858	6.06
172743	6.02
175879	5.76
172201	5.62
177753	5.49
178012	5.26
175819	5.24
179999	5.23
179739	5.14
174421	5.08
175501	5.07
179779	5.07
174371	5.05
178536	4.98
175703	4.91
172901	4.90
172802	4.89
171692	4.88
176385	4.83
177481	4.81
171602	4.77
178988	4.66
177583	4.62
176071	4.48
174379	4.45
172074	4.42
174333	4.42
176196	4.32
176146	4.25
176718	4.19
176891	4.19
179936	4.14
178507	4.13
173260	4.12
175877	4.06
173235	3.98
178089	3.95
177342	3.68
176437	3.56
176503	3.40
178778	3.40
172942	3.35
172329	3.31
172468	3.22
178279	3.18
176301	3.17
177503	3.12
173873	3.00
171750	2.84
176161	2.82
173334	2.81
173744	2.75
176748	2.73
174443	2.70
175972	2.63
171917	2.54
175096	2.54
175549	2.53
176358	2.48
175716	2.48
179941	2.40
181044	2.36
180535	2.20
178943	2.10
176118	2.07
174571	2.04
174458	2.04
179671	2.03
174478	1.93
172801	1.86
172467	1.71
266861	1.70
174367	1.67
172860	1.62
173858	1.61
175316	1.61
174203	1.55
179502	1.55
174841	1.53
176373	1.51
175525	1.34
266859	1.33
177161	1.31
180073	1.30
179534	1.27
3565921	1.23
180028	1.23
177364	1.15
181036	1.14
266830	1.14
176359	1.14
174676	1.13
174603	1.13
179153	1.09
174659	0.97
172249	0.97
24104262	0.95
176439	0.92
171975	0.92
174141	0.86
178049	0.82
175976	0.80
175813	0.80
178066	0.73
177521	0.71
174423	0.71
188792	0.71
180040	0.69
175419	0.59
186325	0.56
177190	0.55
172268	0.55
178933	0.54
174669	0.52
191677	0.50
179472	0.48
179899	0.48
191670	0.43
186326	0.43
176083	0.33
180522	0.30
181705	0.25
181250	0.11
178074	0.10
177873	0.09
179267	0.07
181491	0.05
179533	0.04
172250	-0.03
172732	-0.07
172251	-0.10
175006	-0.12
178280	-0.22
191667	-0.24
180072	-0.24
175462	-0.25
191648	-0.28
186085	-0.29
174705	-0.30
178866	-0.32
181269	-0.36
176287	-0.36
266837	-0.38
177724	-0.40
176137	-0.44
180359	-0.51
180671	-0.55
176807	-0.56
177658	-0.58
178121	-0.63
178577	-0.64
191680	-0.65
181588	-0.74
175993	-0.83
172893	-0.90
180767	-0.93
180357	-0.94
178024	-1.01
178987	-1.03
180942	-1.10
172981	-1.11
172243	-1.20
175493	-1.29
173078	-1.31
176509	-1.45
177985	-1.53
175492	-1.79
176380	-2.01
175546	-2.61
180833	-2.73
