178074	7.23
266859	6.69
176439	6.02
180040	5.89
174659	5.67
172249	5.36
174676	5.32
172268	5.27
174458	4.80
176359	4.78
172468	4.37
172802	4.21
175549	4.20
175813	4.18
177658	4.18
174669	3.91
174333	3.67
176083	3.60
177873	3.59
179502	3.56
176509	3.55
3565921	3.43
172467	3.36
177985	3.28
266830	3.22
172801	3.13
172251	3.06
178280	2.95
176385	2.88
180522	2.77
175525	2.70
173078	2.45
266861	2.36
176358	2.31
177161	2.17
175006	2.07
175976	1.93
175493	1.86
174841	1.78
266837	1.77
176301	1.76
175096	1.74
176380	1.61
180767	1.54
175972	1.47
172981	1.27
180833	1.19
176748	1.19
172959	1.16
171917	1.07
179671	1.05
175877	0.93
176137	0.93
175316	0.88
175492	0.86
175546	0.81
172858	0.78
176196	0.76
181588	0.76
178121	0.74
176503	0.67
178024	0.64
174351	0.62
172250	0.62
178987	0.61
179534	0.61
178049	0.59
177364	0.55
172243	0.51
181036	0.51
174318	0.50
178933	0.50
180357	0.50
177190	0.41
172893	0.38
181705	0.38
178536	0.37
191677	0.32
186085	0.32
180671	0.29
181044	0.24
172044	0.24
177753	0.23
179533	0.22
178778	0.21
174705	0.19
186325	0.18
177724	0.10
24104262	0.09
175819	0.07
174203	0.06
175993	0.03
177342	0.01
179999	0.01
181250	-0.02
178988	-0.04
174421	-0.06
174346	-0.10
180359	-0.15
176437	-0.21
179267	-0.24
173334	-0.24
172329	-0.25
175703	-0.25
178866	-0.27
171809	-0.27
174603	-0.27
176118	-0.30
175462	-0.30
191680	-0.31
186326	-0.34
174423	-0.35
175716	-0.36
176268	-0.36
191670	-0.37
178066	-0.40
174478	-0.40
191667	-0.50
172732	-0.51
174330	-0.55
172860	-0.57
173744	-0.60
176807	-0.61
176161	-0.64
178089	-0.65
175419	-0.66
178279	-0.68
180072	-0.68
179899	-0.69
191648	-0.75
172743	-0.75
181269	-0.81
176373	-0.82
179779	-0.87
175879	-0.88
171692	-0.91
188792	-0.94
180942	-0.95
175501	-0.96
178507	-0.99
174141	-1.00
174367	-1.01
181491	-1.01
177503	-1.03
179153	-1.03
174571	-1.07
172901	-1.07
179936	-1.09
176071	-1.11
178943	-1.12
172201	-1.13
180535	-1.16
179472	-1.23
173873	-1.23
171602	-1.28
178577	-1.30
173858	-1.32
174443	-1.33
176718	-1.36
179941	-1.40
178012	-1.41
173260	-1.49
180073	-1.53
177521	-1.56
172942	-1.59
180028	-1.61
171975	-1.67
174371	-1.70
177583	-1.74
172074	-1.74
176891	-1.75
176146	-1.82
178415	-1.83
171750	-1.88
179739	-1.91
174379	-1.95
177481	-1.96
173235	-2.31
