176301	12.06
177161	12.05
174841	11.75
172802	10.22
171917	9.68
176358	9.35
172468	9.19
172329	9.04
176439	8.87
175525	8.40
266859	8.39
179502	7.86
174659	7.50
172801	7.04
172268	6.62
175813	6.29
266830	6.17
180040	6.14
175549	5.97
177873	5.93
3565921	5.41
178280	5.32
177658	5.25
175976	5.15
176503	5.12
176748	5.05
174458	5.03
176268	4.83
175877	4.41
172249	4.20
177753	3.92
174669	3.76
174333	3.76
173744	3.52
172467	3.46
266861	3.45
175972	3.41
174318	3.36
174676	3.27
178988	3.26
178536	3.15
178074	3.11
176083	3.09
175096	3.07
174603	3.07
176359	3.04
175006	2.96
176287	2.88
172942	2.87
174330	2.71
173334	2.66
179999	2.61
172858	2.58
176196	2.58
179671	2.47
175703	2.47
172959	2.44
175879	2.42
172250	2.37
172743	2.36
178415	2.30
174346	2.26
172201	2.18
177190	2.09
172044	2.01
174351	1.85
178866	1.84
176437	1.83
174141	1.77
179534	1.75
172901	1.72
172860	1.71
178089	1.71
175819	1.63
171975	1.59
177342	1.59
176373	1.57
173858	1.54
178012	1.53
174371	1.53
186325	1.52
171809	1.49
180072	1.43
179941	1.41
178778	1.40
173235	1.40
176071	1.39
179779	1.37
176161	1.34
181036	1.30
178507	1.29
178943	1.27
175716	1.24
179739	1.20
180073	1.20
172251	1.16
174421	1.09
176146	1.08
174423	0.97
177481	0.95
179533	0.94
175316	0.93
174379	0.91
175501	0.90
176891	0.86
177521	0.85
172074	0.85
180359	0.82
191680	0.82
171692	0.81
188792	0.81
178279	0.78
191677	0.72
174443	0.70
178049	0.68
180535	0.68
186326	0.63
175493	0.63
180522	0.61
173260	0.58
171602	0.54
175419	0.54
179153	0.53
176718	0.49
191670	0.48
179267	0.46
177583	0.45
181250	0.44
178066	0.43
174571	0.43
177503	0.42
174367	0.38
174478	0.38
191667	0.32
178933	0.31
180671	0.30
180028	0.29
173873	0.22
176118	0.16
171750	0.16
177724	0.16
176380	0.09
174203	0.05
181044	0.03
176509	-0.00
179899	-0.02
177364	-0.05
179472	-0.17
175993	-0.18
181588	-0.20
175492	-0.21
175546	-0.26
177985	-0.28
174705	-0.32
178577	-0.33
178121	-0.42
176137	-0.43
180357	-0.44
175462	-0.47
24104262	-0.59
181705	-0.66
191648	-0.67
172732	-0.67
181491	-0.67
181269	-0.70
178987	-0.81
186085	-0.83
180942	-0.84
172981	-0.92
180767	-0.95
178024	-1.03
179936	-1.03
173078	-1.12
176807	-1.20
172243	-1.20
180833	-1.23
266837	-1.68
172893	-2.55
