174841	12.95
176385	12.06
177161	11.51
174659	10.14
175525	9.86
176439	8.61
172329	8.57
172468	8.43
180040	8.32
172802	8.08
266830	7.46
171917	7.25
266859	6.63
176358	6.58
172801	6.39
177658	5.66
175813	5.19
175549	5.18
179502	5.02
175877	4.99
172268	4.75
174458	4.74
175976	4.71
3565921	4.65
174669	4.56
174333	4.54
177190	4.13
176503	4.08
173744	3.95
175716	3.84
175703	3.84
175096	3.76
178536	3.76
175972	3.75
179534	3.70
174603	3.66
176359	3.57
177873	3.50
176748	3.45
174318	3.43
178988	3.24
175006	3.21
176268	3.17
176437	3.15
178866	3.08
178280	3.02
178507	2.97
174421	2.91
172743	2.85
178415	2.85
177753	2.84
176196	2.82
179671	2.76
173334	2.70
175819	2.61
178074	2.53
174676	2.46
186325	2.44
176509	2.30
172249	2.29
176083	2.20
179941	2.17
179999	2.10
172860	2.08
178089	2.07
174351	2.06
172467	1.99
174330	1.99
171809	1.95
172942	1.89
180072	1.88
178943	1.86
181036	1.76
174423	1.76
172959	1.76
176287	1.76
172044	1.75
177583	1.69
174371	1.67
172074	1.66
172251	1.64
180073	1.57
174346	1.56
177481	1.51
186326	1.49
174571	1.47
173858	1.42
177342	1.40
180522	1.29
181491	1.26
176373	1.26
178012	1.25
191677	1.23
175419	1.22
177521	1.21
179267	1.14
174141	1.14
175501	1.12
175316	1.09
174203	1.08
180359	1.03
191670	0.96
188792	0.93
178279	0.87
179533	0.86
173260	0.85
191680	0.83
176380	0.81
178066	0.78
266861	0.78
178049	0.76
172858	0.76
176161	0.75
181044	0.73
180028	0.72
179779	0.70
175493	0.63
174478	0.59
191667	0.58
172201	0.57
180942	0.56
171975	0.55
24104262	0.43
175879	0.42
177364	0.37
174367	0.36
180357	0.27
179739	0.26
176071	0.26
181250	0.26
174379	0.09
176146	0.09
176891	0.06
178121	0.06
175492	-0.06
178577	-0.06
171602	-0.11
172250	-0.15
180671	-0.15
179936	-0.16
174705	-0.17
176137	-0.18
186085	-0.18
181269	-0.19
173078	-0.20
175462	-0.22
266837	-0.22
178778	-0.23
172981	-0.24
181588	-0.26
173235	-0.30
176718	-0.31
171750	-0.41
177503	-0.41
172901	-0.45
178933	-0.53
173873	-0.65
174443	-0.66
180833	-0.66
171692	-0.67
180767	-0.74
179899	-0.74
176118	-0.85
177724	-0.87
172732	-0.90
191648	-0.93
175993	-0.95
178024	-0.96
179153	-1.00
177985	-1.01
176807	-1.05
172243	-1.12
179472	-1.12
178987	-1.13
180535	-1.22
175546	-1.24
181705	-1.65
172893	-1.85
