172268	10.60
175813	7.82
266859	7.38
175976	6.75
175006	6.73
172802	6.65
176439	6.58
178280	6.33
3565921	5.96
176358	5.94
177658	5.84
180040	5.69
172468	5.62
177873	5.33
176287	4.78
171917	4.75
177161	4.68
172801	4.54
174659	4.42
178074	4.25
176503	4.25
175525	4.23
266830	3.97
178866	3.96
174603	3.76
174458	3.68
172467	3.66
178536	3.66
176301	3.57
176748	3.39
176385	3.04
175096	3.03
179671	2.93
172860	2.82
172329	2.81
174333	2.76
266861	2.71
176373	2.69
178778	2.64
177753	2.60
175877	2.57
178066	2.52
173744	2.44
171692	2.38
172201	2.37
179502	2.37
179739	2.34
174841	2.24
172901	2.23
178988	2.22
175879	2.16
174379	2.04
175972	1.95
186325	1.92
176161	1.84
176718	1.82
177342	1.80
186326	1.79
181036	1.78
177521	1.77
176891	1.75
176196	1.75
172249	1.71
174318	1.71
172251	1.64
178012	1.64
174346	1.64
176083	1.54
174203	1.54
173334	1.51
177503	1.43
174669	1.37
191677	1.34
176146	1.26
188792	1.20
175819	1.17
171602	1.17
176268	1.14
180028	1.13
173858	1.10
180535	1.10
176071	1.08
179936	1.00
178049	1.00
191680	0.94
177583	0.89
175501	0.89
176118	0.85
179153	0.85
178089	0.80
174443	0.78
178121	0.76
174676	0.75
178943	0.69
171750	0.68
191667	0.66
174330	0.65
179941	0.65
174571	0.64
177724	0.59
174371	0.55
176807	0.54
174421	0.54
178507	0.52
179999	0.51
174705	0.50
173260	0.46
172044	0.46
177481	0.43
173235	0.43
174367	0.42
178279	0.41
171809	0.38
172959	0.36
172250	0.29
177364	0.28
175703	0.28
174141	0.23
180072	0.19
174351	0.16
173873	0.15
174423	0.12
178987	0.11
179534	0.09
180073	0.09
179899	0.06
179267	-0.06
176137	-0.08
173078	-0.13
178024	-0.15
175549	-0.15
175492	-0.17
172942	-0.19
172074	-0.21
179779	-0.23
175493	-0.25
178415	-0.26
266837	-0.26
175462	-0.27
171975	-0.30
172743	-0.35
176380	-0.45
186085	-0.48
181705	-0.53
172732	-0.55
181044	-0.57
181588	-0.59
180767	-0.59
175419	-0.63
175716	-0.65
175316	-0.67
191670	-0.68
179533	-0.70
177190	-0.71
172858	-0.76
172243	-0.79
176437	-0.81
180357	-0.82
180522	-0.88
176509	-0.90
178933	-0.90
191648	-0.99
175546	-1.03
178577	-1.05
179472	-1.14
177985	-1.17
181491	-1.28
172893	-1.37
181250	-1.39
174478	-1.39
172981	-1.49
180671	-1.55
180359	-1.74
175993	-1.79
181269	-1.87
180833	-2.01
180942	-2.05
24104262	-2.16
