178778	14.20
172942	5.24
171750	4.97
174443	4.88
173873	4.70
175976	4.46
172250	4.45
178279	4.29
175879	4.16
176718	4.11
177503	4.00
179739	3.76
173858	3.69
174603	3.56
172201	3.47
173235	3.30
177342	3.17
176891	3.15
174571	3.11
179153	3.09
266861	3.03
172860	3.02
177481	3.01
178012	2.99
178866	2.97
174379	2.95
179534	2.89
176071	2.83
172901	2.82
176146	2.81
171975	2.81
171692	2.81
178536	2.75
176503	2.72
176359	2.69
171602	2.59
177161	2.55
172468	2.52
178415	2.45
179671	2.44
175501	2.43
179999	2.40
174330	2.36
180028	2.35
178066	2.35
179936	2.31
179941	2.31
177753	2.31
174333	2.30
176358	2.22
172802	2.20
188792	2.19
174371	2.16
175006	2.13
175877	2.06
172329	2.05
178943	2.04
177583	2.03
177658	2.00
171917	1.96
172074	1.93
175525	1.86
191677	1.82
176196	1.77
174318	1.77
178988	1.72
176161	1.72
174478	1.70
173260	1.67
173744	1.67
266859	1.66
174841	1.64
180040	1.63
172743	1.60
178089	1.58
176385	1.57
172268	1.56
175703	1.55
179502	1.54
176439	1.54
176268	1.51
175813	1.51
179779	1.44
175549	1.43
178280	1.43
176748	1.43
172044	1.41
3565921	1.36
172467	1.31
186085	1.29
175716	1.26
177521	1.26
176301	1.26
191680	1.24
178507	1.24
179899	1.23
174351	1.22
175972	1.18
174659	1.16
172959	1.13
186326	1.07
177873	1.02
175096	1.00
173334	0.99
266830	0.96
174203	0.79
175819	0.75
191667	0.64
171809	0.61
176807	0.61
172801	0.60
172858	0.59
172251	0.58
174141	0.58
176437	0.52
174421	0.48
176118	0.45
191670	0.41
174346	0.39
178074	0.32
178024	0.28
177190	0.21
180073	0.18
175316	0.11
178049	0.11
180535	0.04
174669	0.03
186325	-0.01
179267	-0.05
174458	-0.09
180072	-0.10
179472	-0.14
178933	-0.19
178121	-0.19
179533	-0.21
176083	-0.24
175419	-0.30
174705	-0.36
177724	-0.43
174676	-0.52
175462	-0.55
181588	-0.58
176137	-0.59
174423	-0.63
181269	-0.65
172893	-0.77
176380	-0.77
24104262	-0.77
176287	-0.82
180767	-0.84
175993	-0.84
172981	-0.85
180359	-0.85
181250	-0.88
180357	-0.88
172732	-0.91
181044	-0.95
266837	-1.05
181036	-1.11
175492	-1.14
174367	-1.18
178987	-1.27
176509	-1.28
180671	-1.30
172243	-1.33
178577	-1.48
191648	-1.64
181705	-1.71
172249	-1.71
180942	-1.72
180522	-1.76
175493	-1.78
180833	-1.78
177364	-1.80
181491	-1.82
173078	-2.34
177985	-2.56
175546	-2.68
