176083	10.53
175492	8.16
177985	6.82
176509	6.00
178074	5.94
177190	4.99
266837	3.89
174669	3.41
180522	3.30
266830	3.13
175549	3.03
180357	2.86
172743	2.37
181491	2.16
172981	2.05
179153	1.87
180767	1.80
176891	1.78
175546	1.76
176137	1.76
172249	1.74
173078	1.72
172893	1.63
176287	1.61
24104262	1.57
180359	1.56
172468	1.53
179533	1.40
173235	1.33
181588	1.32
176071	1.31
181044	1.31
180833	1.29
174371	1.24
176146	1.21
178987	1.21
175993	1.21
177481	1.16
181036	1.14
175493	1.12
172243	1.07
172858	0.96
172201	0.95
175501	0.95
179502	0.94
178507	0.84
173260	0.82
178279	0.82
177583	0.81
176301	0.81
174659	0.77
175462	0.76
179267	0.76
178012	0.74
176718	0.71
181250	0.70
171750	0.69
175877	0.69
172074	0.68
179999	0.66
173873	0.63
3565921	0.56
178933	0.55
180671	0.54
172802	0.54
174421	0.53
174676	0.49
177364	0.47
174443	0.36
172901	0.32
186325	0.32
178049	0.32
180942	0.31
177658	0.30
175716	0.30
175419	0.30
177521	0.29
177503	0.25
179739	0.21
176437	0.20
175879	0.18
176439	0.18
171692	0.14
174379	0.13
176385	0.09
178024	0.08
177873	0.08
179472	0.07
174478	0.07
174330	0.05
174141	0.05
176807	0.05
191677	0.02
191667	0.01
172250	0.01
174458	-0.01
186326	-0.03
177724	-0.07
174203	-0.10
174841	-0.12
172732	-0.15
180072	-0.16
174367	-0.16
188792	-0.19
174318	-0.19
175703	-0.20
175096	-0.20
191680	-0.20
171602	-0.21
174705	-0.21
172467	-0.22
175819	-0.23
191670	-0.24
179899	-0.25
191648	-0.27
172251	-0.33
178866	-0.33
172801	-0.35
178121	-0.35
175972	-0.38
174333	-0.40
186085	-0.41
171917	-0.42
178778	-0.42
178415	-0.43
266861	-0.45
176359	-0.45
176358	-0.46
175813	-0.48
174351	-0.49
175006	-0.54
179534	-0.54
176196	-0.54
181269	-0.54
180040	-0.57
173334	-0.62
178280	-0.68
180535	-0.68
172860	-0.70
178089	-0.76
178066	-0.76
176373	-0.77
175316	-0.78
179671	-0.78
178988	-0.82
181705	-0.85
266859	-0.85
177161	-0.86
180028	-0.86
174603	-0.89
175525	-0.98
180073	-1.05
178577	-1.08
176503	-1.09
172959	-1.16
172268	-1.17
178943	-1.17
171809	-1.19
178536	-1.24
171975	-1.32
172044	-1.36
172329	-1.40
173858	-1.40
176161	-1.42
173744	-1.44
175976	-1.51
179779	-1.55
177753	-1.71
174423	-1.78
179936	-1.82
176748	-1.89
176268	-2.01
174346	-2.14
172942	-2.18
179941	-2.32
176118	-2.50
177342	-2.57
174571	-2.68
