172268	9.76
176385	9.35
175813	8.09
175525	7.22
266859	7.15
177161	7.15
175976	7.10
172468	6.80
3565921	6.68
176301	6.58
177658	6.50
171917	6.43
174841	6.38
172802	6.21
176439	6.20
177873	6.16
172329	6.16
176359	5.94
174659	5.67
175006	5.65
172801	5.49
266830	5.24
179502	5.16
180040	4.94
176748	3.70
266861	3.65
178280	3.58
176503	3.47
174333	3.25
174458	3.15
177342	2.64
176268	2.48
172044	2.44
174351	2.43
172249	2.35
176287	2.31
176373	2.22
186325	2.15
172959	2.12
172251	2.05
174669	1.98
171809	1.94
172467	1.93
179999	1.86
180028	1.76
191677	1.75
172860	1.68
177753	1.63
178415	1.62
178536	1.61
175972	1.60
176196	1.56
174676	1.54
179671	1.48
174603	1.47
175549	1.42
178866	1.41
172250	1.40
178066	1.40
188792	1.29
174346	1.25
178778	1.23
177521	1.20
172201	1.11
178988	1.07
178279	1.07
175096	1.06
179899	1.00
180073	0.92
176083	0.88
186326	0.82
173744	0.82
179267	0.80
178577	0.73
174141	0.70
191670	0.67
174367	0.66
180072	0.63
174443	0.63
179533	0.59
178089	0.56
172901	0.56
176161	0.52
186085	0.51
176071	0.50
172942	0.50
191667	0.48
178012	0.44
177724	0.40
179534	0.40
174330	0.38
191680	0.36
179739	0.35
178024	0.33
175462	0.33
172074	0.32
175819	0.32
181250	0.29
175703	0.29
178074	0.29
179779	0.28
178049	0.28
174571	0.28
175879	0.26
174371	0.26
176118	0.24
177583	0.23
176718	0.23
175493	0.18
174421	0.18
181036	0.18
176509	0.17
172858	0.17
173235	0.17
173873	0.16
174379	0.15
177481	0.10
176891	0.10
178121	0.07
173334	0.02
179153	0.02
174318	0.00
177364	-0.01
181588	-0.03
175877	-0.06
177190	-0.06
175501	-0.07
171692	-0.08
174423	-0.09
173858	-0.09
174203	-0.11
180522	-0.15
179936	-0.17
175716	-0.18
178943	-0.18
177985	-0.19
176146	-0.20
177503	-0.26
179941	-0.28
180357	-0.29
172743	-0.32
180535	-0.32
171975	-0.36
174705	-0.44
176380	-0.46
173260	-0.47
178933	-0.50
175419	-0.53
175316	-0.61
171750	-0.63
171602	-0.64
175546	-0.64
176437	-0.65
180359	-0.71
179472	-0.84
180671	-0.85
178507	-0.85
172732	-0.88
175492	-0.88
174478	-0.90
176807	-0.96
178987	-1.03
175993	-1.08
24104262	-1.11
191648	-1.12
176137	-1.12
181044	-1.12
180767	-1.19
181269	-1.25
172981	-1.26
181491	-1.35
266837	-1.49
172243	-1.59
181705	-1.71
180942	-1.77
173078	-1.90
180833	-2.15
172893	-2.73
