266859	9.57
174659	9.46
176385	8.87
174841	8.73
175813	8.63
176301	8.61
172468	8.44
172268	7.80
177161	7.42
172802	7.18
266830	6.86
171917	6.65
176359	6.58
3565921	6.34
179502	6.23
176358	6.20
180040	6.05
176287	6.02
172467	5.95
177658	5.75
178280	5.51
172801	5.45
172329	5.14
177873	4.94
174333	4.81
172249	4.80
174458	4.69
175549	4.56
174676	4.55
175525	4.50
175976	4.50
174669	4.33
175006	3.97
178074	3.87
175096	3.66
176503	3.61
174318	3.34
175972	3.19
176748	2.97
175703	2.93
175877	2.92
176083	2.70
173334	2.46
173744	2.39
179671	2.37
178988	2.31
176196	2.28
172251	2.28
177190	2.13
178089	2.01
177753	2.00
178866	1.99
174421	1.98
174351	1.95
174330	1.78
174346	1.64
191677	1.59
179534	1.55
176373	1.54
191667	1.49
178066	1.49
175819	1.42
178415	1.38
180522	1.36
172860	1.34
172044	1.31
186325	1.30
179999	1.22
180072	1.17
191680	1.16
177342	1.14
181036	1.13
266861	1.13
178049	1.12
174603	1.11
180073	1.03
177521	1.02
178536	1.01
174141	0.96
172959	0.93
175716	0.92
176268	0.92
176437	0.92
186326	0.90
174478	0.90
176161	0.87
176509	0.86
178943	0.83
172942	0.83
188792	0.80
172743	0.79
175316	0.77
173858	0.77
175879	0.75
172250	0.68
175501	0.59
175493	0.59
178279	0.56
179779	0.54
179267	0.47
172201	0.46
171692	0.45
179739	0.44
177481	0.43
174203	0.43
179941	0.43
172858	0.39
171809	0.36
179533	0.36
176118	0.32
174571	0.32
176807	0.22
174423	0.21
191670	0.21
175419	0.20
176380	0.18
172901	0.17
178933	0.15
174371	0.14
171975	0.13
178121	0.13
171602	0.12
178507	0.12
176718	0.08
178577	0.07
174367	-0.02
173260	-0.03
180535	-0.05
176146	-0.06
174379	-0.07
180028	-0.07
177364	-0.07
24104262	-0.07
173078	-0.09
178778	-0.09
178012	-0.10
180357	-0.12
177583	-0.19
177503	-0.20
173235	-0.21
176891	-0.23
177985	-0.24
172074	-0.24
174443	-0.34
174705	-0.35
181250	-0.42
180833	-0.44
175462	-0.49
175492	-0.50
180359	-0.50
171750	-0.52
178024	-0.55
266837	-0.57
180767	-0.58
180671	-0.64
180942	-0.65
178987	-0.66
181588	-0.71
179936	-0.71
175546	-0.72
179899	-0.76
177724	-0.80
181044	-0.81
179153	-0.82
176071	-0.83
181269	-0.87
191648	-0.87
172981	-0.88
175993	-0.90
176137	-0.97
172732	-1.09
172243	-1.10
181705	-1.16
181491	-1.19
173873	-1.33
186085	-1.44
172893	-1.62
179472	-1.72
