175716	11.37
174423	6.63
172743	5.62
178507	4.47
179534	4.47
172074	4.40
174371	4.18
175501	3.72
177481	3.68
180359	3.65
179533	3.64
173260	3.58
176268	3.56
174330	3.47
176071	3.41
175316	3.34
171602	3.20
174318	3.19
176146	3.18
176301	3.15
178012	2.96
175877	2.88
175879	2.86
178279	2.86
173235	2.80
174421	2.77
177583	2.74
172901	2.64
174659	2.56
175703	2.46
181044	2.42
176891	2.37
175819	2.29
176118	2.28
178415	2.25
172802	2.17
175972	2.06
174841	2.06
177161	2.02
175419	1.98
178536	1.96
173334	1.94
174603	1.91
177503	1.88
174379	1.84
177753	1.83
176385	1.83
172329	1.79
172201	1.79
171692	1.73
174367	1.71
174333	1.69
178988	1.69
177364	1.67
179739	1.64
180028	1.61
180767	1.57
175549	1.51
171809	1.51
178943	1.50
176196	1.44
172959	1.43
173744	1.41
178577	1.41
178074	1.36
177190	1.35
178866	1.34
179779	1.33
178933	1.33
176718	1.23
181705	1.23
174458	1.19
179999	1.18
175096	1.16
176509	1.15
174351	1.14
174141	1.14
172858	1.13
181491	1.13
180535	1.12
172942	1.12
173873	1.11
180040	1.08
181036	1.07
176503	1.07
176161	1.06
174478	1.01
175993	1.01
172044	0.97
179941	0.97
178987	0.94
175525	0.94
24104262	0.93
176137	0.92
176439	0.92
172468	0.91
174443	0.90
174676	0.90
171750	0.87
174346	0.86
176748	0.75
179472	0.72
178121	0.67
179153	0.64
178089	0.61
172467	0.61
179936	0.57
178049	0.56
171917	0.56
179671	0.56
174203	0.54
175462	0.53
176083	0.53
176373	0.52
172250	0.39
174669	0.38
173858	0.38
172860	0.38
181269	0.34
180942	0.30
172801	0.23
175492	0.23
172732	0.21
176380	0.20
191667	0.17
180522	0.16
176807	0.15
179267	0.13
178778	0.12
186325	0.11
171975	0.10
180072	0.09
174705	0.07
174571	0.06
180671	0.03
172893	0.03
180357	0.00
175976	-0.01
266859	-0.02
179502	-0.07
266830	-0.08
180073	-0.10
191670	-0.11
172251	-0.14
266837	-0.16
177342	-0.20
176287	-0.21
191648	-0.26
177521	-0.33
180833	-0.40
177873	-0.42
3565921	-0.42
172981	-0.43
186326	-0.49
181588	-0.53
176358	-0.65
172243	-0.70
177985	-0.70
175813	-0.71
175546	-0.75
191680	-0.78
176359	-0.81
178280	-0.86
177724	-0.91
186085	-0.93
177658	-0.96
179899	-0.98
175493	-0.98
191677	-1.00
175006	-1.05
173078	-1.08
188792	-1.10
178066	-1.12
266861	-1.14
172268	-1.15
172249	-1.40
181250	-1.44
178024	-1.62
