176380	6.00
177985	5.63
176083	5.31
173078	4.14
177190	4.11
178074	4.04
181491	3.77
175549	3.70
172981	3.58
176287	3.55
174669	3.16
266830	3.09
266837	2.74
175492	2.49
174676	2.35
174841	2.35
176301	2.30
174659	2.25
179502	2.17
172249	1.96
180522	1.92
175546	1.87
175493	1.85
175716	1.84
175462	1.83
180359	1.78
175877	1.75
180767	1.65
180040	1.51
24104262	1.43
174458	1.33
3565921	1.33
178987	1.24
177364	1.21
181044	1.20
176437	1.15
175993	1.12
172893	1.09
172251	1.05
178507	1.03
172743	1.01
180357	0.98
179534	0.95
181588	0.95
178933	0.93
174333	0.92
172468	0.92
176439	0.86
180942	0.76
175972	0.70
175096	0.66
172801	0.65
191648	0.61
266859	0.59
172802	0.58
178279	0.54
176807	0.48
172243	0.44
181036	0.41
177658	0.40
178024	0.35
175419	0.33
172959	0.32
174203	0.30
175819	0.28
175006	0.25
172732	0.22
173744	0.21
178988	0.21
176137	0.20
176358	0.17
172074	0.16
180833	0.12
175813	0.10
176161	0.09
177873	0.08
179472	0.07
173334	0.07
172250	0.05
172467	-0.00
179941	-0.00
176385	-0.00
178415	-0.02
179999	-0.03
177724	-0.05
186325	-0.07
174423	-0.07
178577	-0.07
179153	-0.08
171809	-0.09
174705	-0.16
175525	-0.17
179267	-0.17
177161	-0.18
175316	-0.19
178049	-0.22
180072	-0.22
178866	-0.23
171917	-0.23
178121	-0.24
177583	-0.24
191677	-0.26
172860	-0.28
177753	-0.30
186326	-0.35
188792	-0.35
174318	-0.37
175501	-0.42
175703	-0.42
179533	-0.42
186085	-0.43
178943	-0.48
174141	-0.52
172858	-0.53
177521	-0.55
173858	-0.59
180671	-0.62
179671	-0.64
174421	-0.65
174478	-0.65
191670	-0.66
176196	-0.67
191667	-0.70
179779	-0.70
181705	-0.71
172329	-0.78
174371	-0.79
174571	-0.80
174330	-0.80
178536	-0.86
191680	-0.89
174367	-0.89
172044	-0.89
176359	-0.90
173873	-0.92
172268	-0.93
266861	-0.94
171975	-0.95
174603	-0.96
172942	-0.99
180073	-0.99
173235	-1.05
179899	-1.08
178280	-1.10
174351	-1.17
178012	-1.17
176891	-1.19
178066	-1.25
173260	-1.28
181269	-1.28
176373	-1.28
176071	-1.36
176146	-1.37
180535	-1.38
175976	-1.40
171750	-1.45
176268	-1.45
174346	-1.47
177481	-1.48
171602	-1.54
175879	-1.62
176748	-1.64
177342	-1.67
174443	-1.72
171692	-1.72
176503	-1.81
181250	-1.88
172901	-1.89
176118	-1.89
178089	-1.92
180028	-1.94
176718	-1.99
178778	-2.32
172201	-2.34
179936	-2.48
179739	-2.49
177503	-2.55
174379	-2.78
