174333	10.36
177161	9.65
179671	8.43
172802	7.94
175525	7.51
180040	6.52
172329	6.23
173744	5.92
176748	5.76
172801	5.75
177658	5.55
177753	5.40
171917	5.35
173858	5.21
176385	5.12
172942	5.11
178943	5.06
179534	4.98
178988	4.92
173334	4.90
266859	4.90
179941	4.87
178280	4.71
179999	4.64
176196	4.62
176161	4.52
174571	4.38
174659	4.31
176359	4.25
175976	4.20
179779	4.09
176301	4.08
174330	3.97
174318	3.84
174676	3.75
176439	3.61
176358	3.47
177503	3.40
176268	3.40
172268	3.37
172044	3.34
172201	3.34
175879	3.27
171975	3.26
174346	3.15
171602	3.13
174458	3.09
179739	3.07
172858	3.04
176718	3.01
178866	3.01
178279	2.93
175813	2.93
180028	2.93
266861	2.90
174478	2.89
172467	2.85
172901	2.83
174367	2.79
172959	2.76
174841	2.73
176373	2.72
178536	2.70
175549	2.63
180535	2.63
178778	2.61
176118	2.60
176071	2.55
177873	2.55
171692	2.50
175819	2.50
175877	2.41
175703	2.40
171750	2.33
175972	2.31
178507	2.28
176891	2.23
178012	2.21
174443	2.19
171809	2.16
179533	2.11
172468	2.09
172860	2.09
177190	2.08
174141	2.01
181044	2.01
176146	1.97
3565921	1.94
172249	1.92
173873	1.91
174379	1.87
179153	1.85
172743	1.78
178074	1.77
177342	1.76
177481	1.71
186325	1.70
175501	1.54
177583	1.41
173260	1.38
172251	1.36
174421	1.35
174371	1.33
177521	1.32
174351	1.26
175006	1.25
186326	1.16
180073	1.11
176437	1.07
173235	1.05
191680	1.00
179502	0.97
191677	0.94
178089	0.89
172074	0.88
175716	0.86
174669	0.82
176083	0.81
188792	0.75
176287	0.67
178049	0.65
266830	0.63
179899	0.55
178066	0.53
174603	0.52
191667	0.52
180072	0.50
178024	0.42
266837	0.25
179936	0.24
181036	0.23
191670	0.22
174423	0.16
175419	0.09
178987	0.07
180671	0.05
174203	0.03
175096	0.02
179472	0.01
175462	-0.01
172250	-0.08
174705	-0.11
179267	-0.12
180767	-0.17
173078	-0.25
178933	-0.26
178415	-0.27
177724	-0.29
176807	-0.30
172732	-0.32
175993	-0.34
180522	-0.45
175316	-0.46
181491	-0.56
181250	-0.57
178121	-0.58
180942	-0.71
181588	-0.85
181269	-0.96
175546	-0.96
176137	-1.03
176380	-1.09
191648	-1.10
178577	-1.21
175493	-1.30
180833	-1.31
180359	-1.31
177985	-1.33
24104262	-1.43
172243	-1.45
180357	-1.50
181705	-1.61
176509	-1.81
172981	-1.83
186085	-1.89
175492	-2.05
172893	-2.12
177364	-3.17
