175976	6.53
177161	6.40
178536	5.81
176503	5.76
174333	5.73
171917	5.20
172329	5.16
172802	5.07
176385	5.05
174659	4.67
173744	4.66
177342	4.62
175525	4.57
3565921	4.38
175006	4.34
180040	4.17
174571	4.03
178988	4.03
172801	4.02
174841	4.02
171809	3.85
176358	3.70
179941	3.68
266859	3.66
177753	3.62
179671	3.51
172268	3.50
176301	3.45
178280	3.39
176359	3.39
176196	3.35
266861	3.33
178415	3.31
172959	3.26
174346	3.19
177583	3.19
179999	3.11
173334	3.07
176439	2.97
172044	2.85
175819	2.76
176268	2.73
175096	2.67
171975	2.66
175972	2.62
178866	2.60
174676	2.60
172468	2.57
174318	2.50
175879	2.46
178089	2.44
172942	2.41
175549	2.27
178943	2.19
173858	2.06
174458	2.03
172201	2.00
174367	1.96
172858	1.95
178012	1.85
176161	1.85
174371	1.82
177873	1.81
179779	1.80
172860	1.77
176118	1.70
178778	1.62
175501	1.57
177503	1.54
180535	1.52
175877	1.50
174330	1.47
179936	1.47
176373	1.43
177481	1.43
174478	1.39
177658	1.35
174351	1.32
176071	1.26
176891	1.24
175813	1.23
178066	1.21
177521	1.21
176287	1.19
171692	1.19
180522	1.18
172743	1.18
174603	1.18
174421	1.12
179739	1.12
186325	1.08
176146	1.07
177190	1.06
172074	1.03
172901	1.03
179502	0.98
173260	0.97
174141	0.95
174443	0.90
179534	0.88
171602	0.86
175316	0.82
176718	0.79
186326	0.79
176437	0.75
180072	0.75
172249	0.70
191680	0.69
174379	0.62
191677	0.57
173873	0.55
178507	0.51
172467	0.49
266830	0.41
173235	0.36
179899	0.30
191667	0.28
180073	0.25
175716	0.24
172250	0.19
179267	0.14
181250	0.12
175493	0.12
175546	0.11
171750	0.07
181044	0.03
176137	0.01
180028	0.00
175703	-0.01
191670	-0.02
188792	-0.05
178577	-0.06
178279	-0.08
174669	-0.16
174705	-0.20
186085	-0.21
179472	-0.21
176807	-0.25
178049	-0.26
181705	-0.26
180359	-0.33
175993	-0.39
178933	-0.39
180357	-0.46
178024	-0.47
177724	-0.50
178121	-0.50
178074	-0.53
173078	-0.56
174203	-0.64
191648	-0.69
180942	-0.69
181036	-0.70
176083	-0.80
181269	-0.81
177364	-0.81
172981	-0.83
180671	-0.85
172251	-0.86
172732	-0.92
175462	-0.93
181491	-0.94
178987	-0.97
24104262	-1.04
179533	-1.17
181588	-1.19
180833	-1.27
179153	-1.30
172243	-1.43
177985	-1.45
174423	-1.53
176509	-1.64
172893	-1.83
175492	-1.85
175419	-1.86
180767	-1.88
176380	-1.89
266837	-1.94
