174379	16.80
176146	16.01
172901	15.83
174443	14.85
177503	14.59
179739	14.02
173873	13.88
173235	13.49
176891	13.46
178012	13.25
171750	13.13
172201	13.12
176071	12.92
175879	12.92
171692	12.36
171602	11.82
177481	10.70
173260	10.13
179153	9.41
175501	9.09
178279	9.06
174371	9.03
180535	8.40
172074	8.20
178778	7.70
177583	7.35
172743	5.83
179779	5.34
180028	5.27
174367	4.81
179936	4.67
179671	4.62
176268	4.19
176373	4.11
173858	3.60
174351	3.58
176161	3.40
174318	3.39
174330	3.20
176503	3.01
177521	3.00
186326	2.92
172860	2.81
172044	2.78
178943	2.62
178089	2.57
177753	2.52
174346	2.42
178415	2.28
174141	2.27
179941	2.25
176196	2.20
174421	2.09
175819	2.08
175716	2.06
188792	2.02
174603	1.99
179999	1.93
176118	1.86
172959	1.85
186325	1.84
176359	1.82
178536	1.82
173334	1.79
174478	1.78
172942	1.75
174333	1.72
172802	1.71
175703	1.70
179534	1.67
177342	1.66
180073	1.66
171975	1.59
171917	1.51
179899	1.48
178988	1.35
174571	1.24
176437	1.23
178507	1.22
171809	1.22
175877	1.20
180072	1.11
172858	1.08
176083	1.07
176137	1.06
178066	0.96
173744	0.92
178049	0.92
172467	0.84
174705	0.82
176748	0.79
191680	0.78
191677	0.76
176380	0.71
181036	0.69
191670	0.68
24104262	0.66
191667	0.62
172801	0.61
175972	0.58
181044	0.55
176385	0.49
175813	0.48
179267	0.47
191648	0.43
172329	0.43
177364	0.34
177658	0.34
3565921	0.30
175316	0.27
178280	0.24
176358	0.23
180357	0.20
178987	0.19
172732	0.19
177161	0.14
175976	0.11
176439	0.08
177985	0.02
181250	0.02
181588	0.00
175993	-0.08
172243	-0.08
172468	-0.10
174203	-0.12
176807	-0.12
179533	-0.16
181269	-0.18
175006	-0.20
174423	-0.25
175419	-0.28
176301	-0.31
179502	-0.34
180671	-0.35
179472	-0.37
178933	-0.38
172893	-0.40
172251	-0.41
266837	-0.43
181705	-0.46
174458	-0.47
178074	-0.47
181491	-0.54
175462	-0.57
174676	-0.57
172268	-0.59
178024	-0.60
177190	-0.60
175493	-0.68
175525	-0.70
180522	-0.75
175549	-0.77
180767	-0.77
174669	-0.83
178121	-0.83
178866	-0.84
186085	-0.85
180942	-0.86
266861	-0.87
266859	-0.89
175492	-0.92
177724	-1.01
172249	-1.03
172250	-1.07
180359	-1.08
178577	-1.11
180040	-1.11
176287	-1.36
175096	-1.40
174841	-1.42
177873	-1.49
174659	-1.50
172981	-1.64
180833	-1.65
266830	-1.80
173078	-1.84
175546	-1.97
176509	-1.99
