178012	20.25
175879	19.19
176146	18.41
176071	18.18
172201	17.81
171692	16.84
174379	16.35
173260	15.91
172901	15.89
177481	15.70
173235	15.33
174371	15.12
177583	14.93
179739	14.75
175501	14.65
177503	14.64
171602	14.41
172074	13.83
176718	13.46
174443	13.35
171750	11.56
173873	11.30
180535	10.01
172743	9.65
178279	8.23
179153	7.08
178778	6.72
174367	5.65
180028	4.34
174330	4.31
176268	4.19
175716	3.76
174421	3.70
179779	3.67
174351	3.60
179936	3.50
178415	3.36
179999	3.32
173334	3.18
179671	3.18
175703	3.16
176373	3.15
178943	3.12
178507	3.10
177753	3.06
174318	2.87
178536	2.79
178089	2.77
174346	2.49
179534	2.46
176161	2.43
172860	2.40
176437	2.37
171917	2.37
176503	2.23
174141	2.21
177521	2.21
186325	2.20
175819	2.20
178988	2.13
171809	2.11
173744	2.11
174478	2.10
176196	2.09
177342	2.07
181044	1.99
179941	1.95
172044	1.95
172802	1.91
186326	1.91
176083	1.86
174603	1.84
173858	1.82
176380	1.78
176359	1.75
175972	1.63
174333	1.62
175877	1.61
172858	1.58
172942	1.57
175316	1.53
172959	1.47
177161	1.42
172329	1.29
176748	1.24
181036	1.14
175006	1.03
178866	1.01
178074	0.94
174423	0.89
178049	0.87
176385	0.86
3565921	0.85
179533	0.84
188792	0.78
171975	0.73
179899	0.71
176137	0.71
177364	0.61
172467	0.61
180767	0.54
176118	0.53
180073	0.49
174571	0.48
175419	0.48
181250	0.47
174705	0.42
178280	0.40
180359	0.37
191648	0.34
175492	0.30
172468	0.29
181491	0.28
179502	0.28
177985	0.27
174203	0.26
178933	0.25
181269	0.24
179267	0.23
177190	0.19
191670	0.16
180671	0.11
180357	0.11
266837	0.10
176358	0.10
174458	0.09
178066	0.09
176301	0.06
172801	0.02
175813	0.01
181588	-0.02
174669	-0.03
178987	-0.04
177873	-0.10
180072	-0.10
175976	-0.11
175993	-0.12
180942	-0.12
186085	-0.13
191677	-0.15
179472	-0.18
180522	-0.19
177724	-0.23
176439	-0.23
174659	-0.24
172893	-0.25
175096	-0.29
180040	-0.31
172250	-0.46
178577	-0.46
266861	-0.49
172243	-0.50
191680	-0.52
172732	-0.52
172251	-0.57
24104262	-0.59
191667	-0.60
181705	-0.69
178024	-0.71
174676	-0.71
175493	-0.72
175549	-0.73
175462	-0.74
172268	-0.74
174841	-0.79
176807	-0.82
175546	-0.96
175525	-1.00
266859	-1.10
176509	-1.19
172981	-1.34
266830	-1.38
173078	-1.39
180833	-1.40
172249	-1.42
178121	-1.50
177658	-1.63
176287	-1.75
