180072	1.70
178279	1.42
178988	1.36
188792	1.18
178066	1.11
181705	1.08
174318	1.07
176161	1.03
175492	1.00
177190	0.92
174421	0.92
173744	0.91
180522	0.89
191680	0.88
176137	0.85
173334	0.84
175096	0.83
175703	0.80
174603	0.73
172860	0.73
172959	0.73
171975	0.67
178778	0.67
174351	0.63
172743	0.63
178049	0.62
172243	0.62
178943	0.61
176373	0.61
177521	0.58
176359	0.54
177342	0.52
186326	0.50
191677	0.50
176509	0.48
180073	0.48
178415	0.47
177753	0.46
178933	0.45
172893	0.45
191670	0.44
175972	0.43
176118	0.42
178987	0.42
172250	0.39
177724	0.32
176083	0.30
173858	0.30
175006	0.29
178024	0.29
191667	0.28
175877	0.28
175549	0.28
180359	0.24
179899	0.24
176439	0.22
179739	0.20
178536	0.19
186325	0.19
171809	0.17
176437	0.15
174367	0.14
172732	0.14
179267	0.14
180028	0.11
175462	0.11
174330	0.11
174379	0.10
174669	0.10
175819	0.09
177985	0.08
175716	0.06
174841	0.05
176380	0.05
172468	0.03
178089	0.02
172801	0.00
171917	-0.02
178074	-0.02
179472	-0.03
174705	-0.05
173235	-0.06
174346	-0.06
178121	-0.08
175419	-0.08
179671	-0.08
172942	-0.09
178507	-0.09
174676	-0.10
177364	-0.10
175493	-0.10
180942	-0.11
191648	-0.11
176718	-0.12
174203	-0.13
179534	-0.13
178866	-0.14
172251	-0.14
181036	-0.18
174443	-0.19
179999	-0.21
176146	-0.22
175993	-0.22
172858	-0.25
176748	-0.25
180671	-0.26
266830	-0.27
179533	-0.27
176503	-0.30
179941	-0.35
171692	-0.36
176196	-0.38
174458	-0.40
179779	-0.40
172467	-0.41
181250	-0.41
173260	-0.41
181044	-0.41
177583	-0.44
180357	-0.46
173873	-0.46
177481	-0.47
175546	-0.49
172044	-0.50
172802	-0.51
266859	-0.51
178577	-0.53
174423	-0.55
176268	-0.56
174478	-0.57
174141	-0.60
176287	-0.61
181269	-0.62
179502	-0.63
178280	-0.64
172981	-0.64
181491	-0.66
186085	-0.66
180535	-0.68
180767	-0.68
172201	-0.68
177658	-0.69
176071	-0.70
174571	-0.70
180833	-0.71
173078	-0.73
174371	-0.74
174333	-0.74
172249	-0.74
174659	-0.78
176891	-0.82
24104262	-0.83
177161	-0.88
179936	-0.88
172268	-0.89
171602	-0.91
171750	-0.92
175525	-0.93
176358	-0.96
178012	-0.99
180040	-1.04
176301	-1.05
175316	-1.07
181588	-1.08
266837	-1.08
175501	-1.12
172901	-1.13
179153	-1.18
176385	-1.20
172329	-1.21
266861	-1.23
175813	-1.25
177503	-1.28
175879	-1.44
172074	-1.64
177873	-1.67
3565921	-1.98
175976	-2.24
