175549	7.03
175877	5.49
176380	4.99
176083	4.85
172743	4.43
176301	4.13
176509	4.11
174841	3.91
266830	3.60
181044	3.59
174669	3.54
174478	3.35
173744	3.33
178507	3.25
177161	3.15
175716	3.10
172074	3.01
178074	2.87
174659	2.86
266837	2.81
172468	2.80
179534	2.71
179999	2.62
171809	2.52
174421	2.50
174458	2.49
175316	2.49
173334	2.47
175703	2.45
180359	2.36
172942	2.30
175096	2.29
178415	2.28
174333	2.22
175972	2.18
176439	2.13
176385	2.09
176503	2.08
180040	2.03
175492	1.98
177583	1.91
180522	1.74
172959	1.69
175525	1.65
172981	1.59
174318	1.59
178866	1.57
178089	1.56
171975	1.54
177481	1.54
174346	1.51
172858	1.49
175006	1.42
173078	1.42
174371	1.40
175819	1.38
178279	1.37
176437	1.35
177753	1.34
178280	1.31
174676	1.25
174367	1.13
177985	1.11
179502	1.09
176748	1.06
172251	1.06
3565921	1.06
178536	1.04
180357	1.01
177658	1.00
174330	0.96
176807	0.92
174571	0.91
174351	0.88
178012	0.87
174141	0.85
181491	0.84
172467	0.83
180767	0.83
178943	0.77
172044	0.77
172860	0.77
172249	0.70
24104262	0.69
266859	0.69
179941	0.68
191648	0.67
178049	0.66
175501	0.66
176071	0.62
178988	0.55
176268	0.55
172802	0.53
173260	0.53
175879	0.49
186325	0.47
172329	0.47
176196	0.47
173858	0.43
176287	0.41
186085	0.37
171917	0.35
186326	0.34
175462	0.30
177342	0.29
175813	0.26
177724	0.25
175993	0.24
180671	0.24
179671	0.23
178024	0.23
176373	0.21
180072	0.19
176891	0.19
180833	0.13
179779	0.13
188792	0.12
177873	0.11
191677	0.07
172801	0.06
180942	0.06
178987	0.04
179267	0.03
178121	0.02
178066	0.02
174603	0.01
181250	-0.02
176161	-0.03
177503	-0.06
191670	-0.06
176358	-0.06
174705	-0.06
175493	-0.06
180028	-0.09
176146	-0.15
171750	-0.15
172893	-0.16
179533	-0.17
191680	-0.20
179739	-0.20
181588	-0.21
172250	-0.22
175419	-0.25
171602	-0.27
177521	-0.29
178933	-0.30
178577	-0.34
173235	-0.36
180073	-0.36
176137	-0.38
176118	-0.39
174443	-0.39
174203	-0.40
172901	-0.41
180535	-0.42
191667	-0.44
175546	-0.45
172201	-0.45
179472	-0.49
174423	-0.50
173873	-0.51
179899	-0.55
178778	-0.59
176718	-0.60
174379	-0.61
172243	-0.66
176359	-0.71
175976	-0.72
179153	-0.75
181036	-0.85
266861	-0.87
172268	-0.90
172732	-0.91
181269	-1.03
177364	-1.08
171692	-1.12
179936	-1.26
181705	-1.68
