180040	15.37
174659	13.91
176385	12.05
171917	11.89
176301	11.51
175525	11.20
172802	10.76
174841	10.68
266859	9.93
172329	9.81
176503	9.65
177658	8.06
172268	7.77
176439	7.42
176358	7.15
172801	6.78
175976	6.47
176748	6.40
178280	6.06
175813	5.94
172468	5.85
179671	5.62
3565921	5.52
175006	5.47
173744	5.38
177873	5.01
174333	4.93
266830	4.85
179534	4.81
178536	4.75
176359	4.68
178866	4.51
174458	4.40
179502	4.34
174676	3.93
179999	3.91
178988	3.75
172942	3.57
175549	3.52
177753	3.25
174603	3.17
177190	3.15
172860	3.14
175972	3.03
173334	2.97
174669	2.72
178012	2.65
176373	2.55
175877	2.54
178943	2.53
171809	2.48
179941	2.48
186325	2.47
176161	2.42
175716	2.21
172074	2.18
172251	2.18
176287	2.17
266861	2.16
173858	2.16
174571	2.08
176437	2.02
177481	2.01
174318	1.97
175879	1.95
172249	1.94
171975	1.94
174367	1.94
172959	1.84
176196	1.81
174346	1.80
186326	1.76
175096	1.72
176071	1.70
180073	1.65
178279	1.63
178074	1.63
177521	1.57
174371	1.57
172201	1.56
181044	1.55
172044	1.49
172467	1.46
180535	1.43
177342	1.43
176891	1.42
180522	1.40
174330	1.39
179779	1.37
174141	1.35
176268	1.31
173260	1.26
172743	1.23
177583	1.19
179533	1.19
172901	1.19
179739	1.14
178778	1.13
174421	1.11
174379	1.10
174443	1.09
180072	1.03
178507	1.01
191680	0.98
175316	0.96
178066	0.96
174478	0.95
191677	0.94
175703	0.92
171602	0.90
181036	0.87
175819	0.85
178415	0.76
176146	0.75
181250	0.72
180028	0.71
177503	0.70
175501	0.61
175419	0.60
191667	0.58
173235	0.56
178089	0.56
179267	0.55
178049	0.53
176083	0.46
176118	0.40
171692	0.35
181491	0.23
180942	0.20
180671	0.19
176718	0.14
172858	0.12
178121	0.08
173873	0.08
178933	0.04
174203	0.01
174705	-0.02
191670	-0.07
171750	-0.11
188792	-0.13
266837	-0.15
176509	-0.18
178987	-0.24
181588	-0.25
172250	-0.26
174351	-0.31
175493	-0.31
180359	-0.38
172981	-0.39
179153	-0.41
175462	-0.44
175546	-0.45
180833	-0.48
174423	-0.51
180357	-0.51
180767	-0.56
181269	-0.57
176137	-0.59
191648	-0.59
172732	-0.59
179899	-0.60
178577	-0.60
177724	-0.68
179472	-0.78
175993	-0.82
178024	-0.85
176380	-0.86
173078	-0.88
176807	-0.88
175492	-0.94
177364	-0.97
181705	-0.99
172243	-1.09
172893	-1.23
179936	-1.25
186085	-1.39
24104262	-1.47
177985	-2.22
