177985	3.05
175546	2.56
175972	2.50
173078	2.49
178987	2.00
172981	1.88
172893	1.87
266837	1.74
178933	1.71
176437	1.67
172243	1.65
174458	1.61
173260	1.60
174659	1.55
177342	1.54
181491	1.47
179502	1.45
174203	1.39
172074	1.39
172201	1.39
186085	1.37
175096	1.34
173235	1.29
174371	1.25
175492	1.24
174379	1.22
176509	1.21
180522	1.20
176146	1.19
174676	1.18
174705	1.16
176268	1.15
174421	1.04
178012	1.01
172743	0.98
174423	0.94
177481	0.90
175501	0.89
175493	0.86
176083	0.78
186325	0.70
171602	0.70
191648	0.69
172860	0.69
180833	0.69
172901	0.67
181588	0.64
171692	0.64
174603	0.62
176891	0.61
175462	0.57
176287	0.55
178074	0.54
175877	0.51
175813	0.49
177583	0.48
186326	0.47
176380	0.47
175419	0.47
178415	0.44
172732	0.41
180942	0.39
176301	0.37
173744	0.37
181269	0.36
174669	0.35
180359	0.35
177753	0.35
176718	0.34
178577	0.30
179739	0.29
176359	0.28
178280	0.24
177521	0.21
178943	0.18
177503	0.17
172268	0.16
177873	0.15
180357	0.15
175716	0.13
176071	0.11
179472	0.09
266830	0.09
176137	0.07
179267	0.05
172251	0.04
174330	0.02
178066	0.01
175993	0.01
176358	-0.01
179941	-0.01
172802	-0.02
175879	-0.03
176385	-0.05
178507	-0.06
177724	-0.06
176439	-0.07
175006	-0.09
176807	-0.10
180072	-0.13
175316	-0.16
171917	-0.18
179671	-0.20
181705	-0.22
174443	-0.23
178536	-0.29
174318	-0.30
176196	-0.31
178279	-0.32
178866	-0.33
178049	-0.37
180671	-0.37
178024	-0.38
181036	-0.42
176161	-0.45
174351	-0.46
179779	-0.47
175703	-0.49
179936	-0.49
172250	-0.50
191670	-0.50
175976	-0.55
174141	-0.55
180073	-0.57
172801	-0.58
171809	-0.59
175819	-0.61
266859	-0.64
171750	-0.64
178121	-0.66
180028	-0.67
191677	-0.68
3565921	-0.72
176748	-0.81
24104262	-0.82
172959	-0.94
178089	-0.94
180535	-0.94
179899	-0.95
180040	-0.95
179533	-0.95
188792	-0.96
175549	-0.97
177161	-0.97
172249	-1.00
172467	-1.04
173334	-1.06
191667	-1.07
177190	-1.08
172329	-1.14
176118	-1.15
174841	-1.17
180767	-1.24
174367	-1.27
174346	-1.28
172468	-1.29
178988	-1.31
181250	-1.31
177658	-1.42
179153	-1.46
173873	-1.56
172044	-1.63
191680	-1.70
172942	-1.79
176373	-1.80
175525	-1.89
179999	-1.92
178778	-1.97
171975	-2.00
181044	-2.12
266861	-2.13
173858	-2.28
174571	-2.28
179534	-2.32
174333	-2.41
174478	-2.60
172858	-2.78
176503	-3.17
