177753	6.11
172942	5.23
178536	4.82
179779	4.70
176748	4.62
176161	4.50
178943	4.49
179941	4.29
175972	4.28
174351	4.16
173858	4.10
174571	4.10
174346	3.71
171975	3.71
178778	3.69
176268	3.68
178089	3.60
173334	3.39
180028	3.29
175877	3.27
172044	3.27
176196	3.24
175006	3.18
176373	3.17
171602	3.16
172959	3.04
175976	3.03
179671	2.99
178988	2.97
174330	2.97
174443	2.96
174333	2.88
172201	2.87
173744	2.85
174603	2.69
176358	2.64
175819	2.64
172801	2.63
175501	2.62
172901	2.52
177481	2.47
174421	2.42
175879	2.41
171692	2.41
174379	2.33
172802	2.32
178279	2.28
173873	2.25
177503	2.25
174371	2.24
173260	2.24
175703	2.23
174318	2.21
177583	2.19
178280	2.17
172074	2.12
171809	2.08
176891	2.07
178415	2.06
172467	2.00
178012	1.92
171750	1.82
176359	1.80
176503	1.76
172250	1.66
176718	1.66
179936	1.64
178066	1.62
172468	1.61
176385	1.59
176146	1.58
172860	1.57
175525	1.57
179472	1.56
175549	1.56
177364	1.54
188792	1.52
179502	1.50
174458	1.47
179534	1.44
178507	1.43
177161	1.43
176301	1.40
171917	1.40
179739	1.38
266861	1.37
174141	1.36
175096	1.35
175813	1.34
3565921	1.28
173235	1.27
174659	1.22
172268	1.21
172743	1.20
174478	1.17
174841	1.15
176439	1.14
172858	1.11
191677	1.10
177658	1.09
186085	1.09
172329	1.07
176071	0.95
266859	0.87
176118	0.85
177521	0.76
178866	0.64
174669	0.64
180040	0.60
191670	0.60
176807	0.52
172251	0.51
191680	0.49
181250	0.45
24104262	0.42
179899	0.36
186325	0.34
180359	0.33
178933	0.32
176137	0.30
177873	0.29
177190	0.29
174423	0.27
266830	0.26
180535	0.23
180073	0.15
180072	0.11
181036	0.10
172243	0.07
186326	0.06
176287	0.01
179999	-0.02
175993	-0.07
172893	-0.08
174367	-0.10
191667	-0.11
177724	-0.11
178049	-0.14
175716	-0.18
178987	-0.18
179153	-0.18
176437	-0.20
174203	-0.22
181269	-0.22
178024	-0.27
181705	-0.29
175493	-0.34
178074	-0.41
179267	-0.41
181588	-0.42
174676	-0.48
172249	-0.48
178577	-0.58
180942	-0.70
175419	-0.73
173078	-0.74
174705	-0.89
175316	-0.92
176083	-1.00
181491	-1.01
175546	-1.03
181044	-1.06
180522	-1.18
180767	-1.22
172732	-1.26
175462	-1.26
180671	-1.26
178121	-1.36
180833	-1.39
177985	-1.41
191648	-1.52
176509	-1.67
180357	-1.77
172981	-1.79
175492	-1.91
179533	-2.20
266837	-2.43
176380	-2.57
