174371	20.82
173260	20.63
172074	18.97
176071	16.73
178012	16.55
173235	16.31
176146	16.22
176891	15.70
175501	15.28
177583	14.09
172201	14.09
171602	13.69
175879	13.60
179739	13.55
174379	13.46
171692	12.91
172901	12.80
177503	12.68
174443	11.01
176718	10.70
171750	10.21
172743	10.18
173873	9.49
178279	9.14
180535	7.06
175716	6.57
174367	6.15
174330	6.06
179153	5.69
178778	5.47
174421	5.03
176268	4.81
178507	4.67
174318	4.57
179999	4.31
178415	4.11
176437	3.68
179534	3.47
178943	3.47
176373	3.01
174351	2.99
178536	2.93
175703	2.89
179671	2.89
179936	2.85
171809	2.79
175819	2.78
174346	2.67
173744	2.65
180028	2.48
177342	2.47
172044	2.46
172860	2.43
177753	2.36
171917	2.32
174333	2.30
173334	2.29
175877	2.28
179779	2.28
178866	2.24
181044	2.20
172802	2.14
176161	2.14
178089	2.13
174603	2.13
177161	2.01
175972	1.98
172959	1.86
176503	1.71
186325	1.71
176196	1.71
178988	1.65
172942	1.60
179941	1.59
172329	1.57
177190	1.54
176301	1.51
174478	1.47
174571	1.46
177521	1.44
176748	1.43
175419	1.41
174141	1.38
176083	1.35
178987	1.33
186326	1.31
175316	1.26
174423	1.22
179502	1.20
181036	1.18
176380	1.16
180359	1.12
266837	1.09
180073	0.98
172467	0.98
176385	0.95
179533	0.93
176137	0.91
171975	0.91
177364	0.90
174841	0.83
180357	0.82
175096	0.80
180040	0.79
188792	0.75
175976	0.75
178049	0.73
180522	0.68
191670	0.60
174659	0.58
3565921	0.57
178280	0.55
180942	0.52
174705	0.51
181250	0.47
173858	0.46
172858	0.44
176439	0.43
176359	0.43
191648	0.39
191677	0.38
178066	0.37
178074	0.37
181269	0.37
172893	0.36
181588	0.33
186085	0.31
180072	0.31
172801	0.29
174203	0.28
175813	0.28
179267	0.28
175006	0.27
24104262	0.24
172243	0.23
172732	0.12
176358	0.10
180671	0.08
180767	0.03
175549	0.03
174669	0.02
175492	-0.00
178933	-0.01
175993	-0.08
180833	-0.09
176118	-0.13
177724	-0.14
181491	-0.19
172251	-0.19
175462	-0.30
172249	-0.30
177873	-0.35
172468	-0.36
178577	-0.37
178121	-0.41
177985	-0.42
174458	-0.42
176807	-0.47
175525	-0.48
266861	-0.54
174676	-0.54
179899	-0.62
191667	-0.63
177658	-0.69
266830	-0.71
179472	-0.73
181705	-0.87
191680	-1.05
172250	-1.10
178024	-1.13
172268	-1.25
175493	-1.41
266859	-1.44
176509	-1.48
172981	-1.49
173078	-1.72
175546	-1.82
176287	-1.96
