186326	23.14
186325	19.37
172860	18.86
180073	15.84
178049	15.41
178066	14.39
180072	13.28
191667	12.28
188792	11.49
191677	10.64
191680	9.12
191670	8.20
179267	8.14
174379	3.28
176146	3.06
179739	3.01
176718	3.00
173235	2.55
178012	2.53
176161	2.44
176071	2.32
179941	2.30
174203	2.29
178943	2.28
172201	2.28
172901	2.21
176891	2.21
173334	2.14
178866	2.10
171917	1.98
179671	1.94
178778	1.87
171692	1.77
176359	1.77
177753	1.73
175006	1.71
180535	1.70
177503	1.68
173744	1.67
172468	1.67
172802	1.66
180028	1.63
173858	1.62
178988	1.62
174603	1.59
177161	1.57
175879	1.57
178279	1.54
174443	1.49
173873	1.48
173260	1.46
177481	1.44
171750	1.41
176503	1.32
176196	1.31
172074	1.31
176373	1.26
175877	1.26
177583	1.23
3565921	1.21
176748	1.21
176301	1.21
176358	1.20
171975	1.20
172743	1.20
175972	1.16
171602	1.14
178536	1.12
174367	1.07
175525	1.04
176439	1.02
174371	0.99
179153	0.93
175976	0.92
180040	0.92
266859	0.86
176385	0.85
175813	0.82
174141	0.81
178415	0.79
177342	0.76
179779	0.75
176118	0.73
172268	0.71
176268	0.71
174330	0.65
174318	0.64
174346	0.63
175493	0.58
176807	0.58
172251	0.57
172959	0.52
186085	0.46
174841	0.45
179534	0.45
179936	0.38
175819	0.37
176137	0.35
172329	0.31
172942	0.30
176380	0.29
174659	0.28
180522	0.27
175096	0.26
177364	0.21
174571	0.21
178280	0.19
172044	0.18
266830	0.16
177658	0.14
178507	0.12
177873	0.08
178987	0.07
180357	0.05
172250	0.04
174333	0.04
181036	-0.02
171809	-0.02
175546	-0.03
172858	-0.05
175316	-0.06
266837	-0.06
174669	-0.06
178933	-0.07
178089	-0.08
175703	-0.09
174676	-0.11
178024	-0.13
174458	-0.15
179899	-0.15
175419	-0.16
173078	-0.17
181588	-0.18
172249	-0.18
179502	-0.20
177724	-0.21
24104262	-0.26
177190	-0.29
179533	-0.32
174351	-0.32
176437	-0.33
174423	-0.33
178577	-0.35
174421	-0.37
181705	-0.37
172467	-0.39
175462	-0.41
176083	-0.41
175501	-0.42
175716	-0.42
181491	-0.44
191648	-0.44
179999	-0.46
172732	-0.47
180671	-0.48
266861	-0.50
181250	-0.51
177985	-0.52
176509	-0.55
172801	-0.58
175492	-0.58
172981	-0.61
172243	-0.71
172893	-0.71
174705	-0.86
180767	-0.90
174478	-0.94
178074	-1.04
180942	-1.06
178121	-1.11
179472	-1.11
180833	-1.25
175993	-1.25
175549	-1.50
181044	-1.55
176287	-1.56
181269	-1.66
180359	-1.88
