171602	16.75
172901	16.06
175879	15.84
176891	14.64
176718	14.59
176146	14.54
175501	14.10
171750	14.06
174443	13.66
178012	13.48
176071	13.35
172201	13.28
171692	13.25
173873	13.03
177481	12.68
173260	12.38
174379	12.03
179739	11.79
173235	10.98
177583	10.90
172074	10.32
174371	10.17
178279	9.26
179153	8.06
180535	7.91
178778	7.88
172743	6.94
180028	5.26
174367	4.83
179779	4.47
176373	4.00
179936	3.94
174330	3.76
174478	3.47
176503	3.40
175716	3.30
176196	3.28
176268	3.12
178943	3.11
174351	3.01
178507	2.96
179671	2.89
174333	2.75
174318	2.72
177753	2.57
179941	2.50
178089	2.43
173858	2.42
174346	2.41
172044	2.40
172942	2.37
177342	2.25
175819	2.25
174141	2.22
172860	2.13
178415	2.08
179999	1.98
176161	1.94
174421	1.91
176437	1.88
172858	1.72
178536	1.70
177521	1.68
181044	1.54
176748	1.54
176118	1.53
179534	1.47
176359	1.43
175703	1.37
171975	1.33
171809	1.33
173334	1.27
173744	1.20
171917	1.19
175877	1.19
174571	1.13
186326	1.13
176137	1.11
174705	1.06
178987	0.99
186325	0.99
172802	0.98
172959	0.98
175976	0.90
175993	0.89
174603	0.85
178988	0.83
172329	0.82
24104262	0.77
178280	0.76
179533	0.75
177161	0.70
188792	0.68
175972	0.68
178933	0.66
178074	0.64
181036	0.61
178049	0.43
176385	0.42
172467	0.40
172801	0.37
179502	0.32
3565921	0.28
175316	0.28
180671	0.27
176380	0.25
180357	0.22
174203	0.22
172243	0.19
181250	0.19
177364	0.17
172893	0.11
180767	0.10
178866	0.08
175006	0.03
176083	0.03
180072	-0.00
180359	-0.03
177190	-0.06
180073	-0.06
266837	-0.08
191670	-0.10
178066	-0.11
174659	-0.13
191677	-0.15
181705	-0.17
176439	-0.20
191667	-0.20
175813	-0.22
180942	-0.22
177658	-0.22
179472	-0.24
172468	-0.25
186085	-0.25
176358	-0.26
177724	-0.28
180833	-0.28
191648	-0.29
178577	-0.31
179899	-0.31
175525	-0.38
180040	-0.38
172732	-0.39
176301	-0.41
178024	-0.42
266861	-0.43
181269	-0.45
191680	-0.45
177985	-0.55
174423	-0.56
175462	-0.58
175096	-0.63
172251	-0.66
179267	-0.66
172268	-0.70
177873	-0.72
175419	-0.72
174676	-0.74
174841	-0.76
178121	-0.78
174669	-0.83
181491	-0.84
173078	-0.84
181588	-0.87
172250	-0.87
174458	-0.98
175549	-1.01
176287	-1.03
172981	-1.05
266859	-1.26
176807	-1.28
172249	-1.32
175546	-1.33
180522	-1.47
175492	-1.68
175493	-2.11
266830	-2.51
176509	-2.55
