176891	14.93
175501	14.42
173260	14.29
177481	14.09
172074	13.60
175879	13.59
178012	12.88
174371	12.42
177503	10.90
172201	10.79
176071	10.74
171602	10.41
171692	10.21
173235	9.97
176146	9.90
179739	9.67
174379	9.64
172743	9.01
171750	8.99
172901	8.86
173873	8.27
174443	7.69
176718	7.35
180535	6.41
179999	6.23
178279	5.68
174367	5.49
175716	5.05
178536	4.99
178415	4.72
176268	4.62
178778	4.58
178507	4.36
174330	4.29
171809	3.91
173334	3.90
174421	3.71
179936	3.46
179153	3.38
175006	3.19
176748	3.19
178866	3.16
180028	3.05
174346	3.01
181044	2.97
174478	2.96
174333	2.89
174318	2.81
176437	2.74
175819	2.63
179779	2.50
172959	2.44
173744	2.41
174351	2.41
179941	2.34
179534	2.32
178089	2.27
177342	2.19
178988	2.12
177753	2.11
172858	2.05
175703	2.05
176373	2.03
172044	1.99
172860	1.96
177190	1.91
171917	1.87
175316	1.81
179671	1.71
174141	1.71
172942	1.70
176301	1.69
176196	1.67
171975	1.58
3565921	1.55
175877	1.48
172329	1.45
173858	1.45
174571	1.42
176503	1.41
175972	1.41
186325	1.37
178943	1.31
174603	1.30
177521	1.23
177161	1.19
180359	1.19
174841	1.02
175096	1.01
179533	0.98
175993	0.95
172802	0.94
176118	0.94
174659	0.92
175976	0.92
176359	0.89
176380	0.81
181250	0.68
186085	0.61
172467	0.59
186326	0.59
180357	0.53
178933	0.49
181491	0.49
177364	0.48
180522	0.47
174669	0.47
176385	0.45
174203	0.45
181036	0.42
174458	0.41
179472	0.40
191670	0.36
172801	0.33
176161	0.33
175419	0.33
178049	0.32
191648	0.30
180073	0.27
188792	0.25
178074	0.24
175525	0.23
176358	0.23
176137	0.23
177724	0.21
180040	0.19
172732	0.15
179502	0.14
180767	0.12
174705	0.11
178066	0.09
174423	0.09
179899	0.07
178280	0.04
180072	0.03
266861	-0.08
178577	-0.08
191677	-0.09
176439	-0.19
172243	-0.20
175462	-0.20
172468	-0.20
175549	-0.22
179267	-0.22
176509	-0.24
176083	-0.25
24104262	-0.26
181269	-0.27
172250	-0.28
180942	-0.30
178987	-0.34
177985	-0.34
175813	-0.34
181705	-0.35
174676	-0.40
176807	-0.44
266837	-0.46
266830	-0.53
178121	-0.60
172893	-0.61
181588	-0.66
191667	-0.67
175546	-0.69
172249	-0.70
191680	-0.70
180833	-0.71
175492	-0.74
173078	-0.77
177873	-0.81
172251	-0.85
175493	-0.99
177658	-1.06
172268	-1.11
266859	-1.34
172981	-1.36
180671	-1.38
178024	-1.44
176287	-1.74
