172268	8.16
177161	8.06
175976	7.38
180040	6.95
266859	6.77
175525	6.73
172802	6.60
174659	6.56
176358	6.50
172801	6.33
176359	5.84
176439	5.75
176301	5.66
176503	5.55
175813	5.43
176385	5.25
174841	4.85
179671	4.74
176287	4.18
178280	4.13
3565921	4.09
179502	4.06
266861	4.05
173858	4.03
172468	3.84
266830	3.78
172249	3.77
177873	3.65
175006	3.57
171917	3.38
174676	3.11
172467	3.02
174333	2.71
174458	2.64
178074	2.63
172329	2.57
174571	2.51
171975	2.51
179533	2.48
172942	2.39
178536	2.12
176373	2.00
174478	1.92
179779	1.86
179153	1.85
172251	1.85
175972	1.85
188792	1.79
176161	1.70
174669	1.68
179999	1.67
180028	1.44
177753	1.42
191677	1.36
176748	1.35
176196	1.31
178866	1.30
172243	1.25
172959	1.18
178943	1.17
174705	1.13
174603	1.12
178778	1.11
177342	1.09
178066	1.09
173744	1.03
179941	1.02
179534	1.01
177190	1.00
180522	1.00
176083	0.98
186326	0.97
172044	0.96
171809	0.95
174141	0.94
175549	0.93
176118	0.89
180767	0.86
178988	0.84
172860	0.83
186325	0.82
191670	0.81
178049	0.81
179936	0.73
178279	0.71
191680	0.67
175993	0.62
180072	0.61
172732	0.56
178987	0.53
191667	0.47
176509	0.40
174318	0.40
181036	0.36
176718	0.34
178577	0.32
176380	0.30
172250	0.27
179267	0.27
181588	0.26
174346	0.25
175819	0.17
266837	0.16
177521	0.14
179739	0.13
172981	0.13
181044	0.11
180359	0.06
177724	0.05
175096	0.03
175462	0.02
178121	0.01
178089	0.00
174421	-0.02
176071	-0.05
173078	-0.05
179899	-0.06
173334	-0.07
180073	-0.07
181491	-0.09
186085	-0.12
178024	-0.12
171692	-0.13
173873	-0.14
175877	-0.16
175546	-0.16
176137	-0.16
180357	-0.19
181250	-0.20
177503	-0.22
179472	-0.23
171750	-0.29
175316	-0.29
174351	-0.31
172858	-0.31
178507	-0.34
174203	-0.39
175716	-0.44
176146	-0.51
180942	-0.52
172901	-0.54
174367	-0.56
176268	-0.58
174443	-0.69
176807	-0.69
177481	-0.69
180671	-0.70
175879	-0.70
24104262	-0.72
181705	-0.73
174379	-0.79
181269	-0.82
175419	-0.85
172074	-0.87
174330	-0.91
175493	-0.93
176437	-0.96
180535	-1.01
178012	-1.01
177583	-1.06
180833	-1.06
175501	-1.08
171602	-1.12
175492	-1.17
177985	-1.19
175703	-1.24
173235	-1.27
178933	-1.37
177364	-1.42
172893	-1.49
191648	-1.59
174371	-1.60
176891	-1.63
173260	-1.73
178415	-1.78
172201	-1.94
172743	-2.14
174423	-2.19
