178121	3.86
175993	3.65
178987	2.99
181705	2.74
178933	2.56
180942	2.32
178024	2.19
180359	1.88
175546	1.47
174705	1.42
176137	1.30
172732	1.30
175813	1.23
175462	1.21
176083	1.08
172467	1.05
175419	1.04
191667	0.96
174141	0.94
174669	0.91
178577	0.85
180072	0.67
178074	0.65
175819	0.64
266859	0.64
191677	0.64
176359	0.59
177873	0.59
172249	0.58
175501	0.56
191680	0.56
172243	0.53
181036	0.51
175549	0.47
179533	0.46
174603	0.46
174423	0.43
179267	0.43
176358	0.40
172468	0.39
174676	0.37
181044	0.35
172074	0.34
176807	0.32
179472	0.31
174330	0.31
175525	0.30
175492	0.29
177985	0.27
179999	0.27
178866	0.26
177190	0.25
175972	0.24
173078	0.24
177583	0.21
171602	0.20
171809	0.19
172268	0.18
173873	0.18
176385	0.16
175877	0.13
175493	0.12
175096	0.12
176287	0.10
180671	0.10
266830	0.08
174478	0.08
172801	0.08
186085	0.07
175006	0.05
177658	0.05
173334	0.04
172959	0.04
175879	0.02
172251	0.01
178066	0.00
178280	-0.00
175316	-0.02
174421	-0.02
176509	-0.05
180028	-0.05
172250	-0.06
175703	-0.06
177364	-0.06
176380	-0.07
172942	-0.08
174346	-0.09
177342	-0.11
188792	-0.12
186325	-0.12
172981	-0.14
177481	-0.14
180073	-0.14
172743	-0.14
266837	-0.16
174318	-0.16
191670	-0.17
174333	-0.17
176118	-0.18
178049	-0.19
179502	-0.19
178778	-0.20
181250	-0.20
180357	-0.20
172802	-0.21
177521	-0.21
176891	-0.23
266861	-0.24
178089	-0.26
172860	-0.26
178012	-0.27
174458	-0.28
177503	-0.28
180535	-0.29
172201	-0.29
175976	-0.29
176503	-0.29
180767	-0.31
171975	-0.32
174367	-0.34
174351	-0.34
178507	-0.34
174841	-0.34
174659	-0.35
180040	-0.35
173744	-0.39
176196	-0.39
176268	-0.40
174371	-0.40
172044	-0.41
174443	-0.43
176373	-0.43
3565921	-0.43
176146	-0.45
181588	-0.46
179671	-0.46
172901	-0.49
176748	-0.50
176071	-0.50
186326	-0.57
171692	-0.59
177753	-0.59
178536	-0.62
180833	-0.63
177161	-0.68
172858	-0.69
179739	-0.71
179899	-0.71
173260	-0.72
175716	-0.73
178988	-0.76
178415	-0.78
179779	-0.79
174571	-0.80
191648	-0.80
176439	-0.80
179936	-0.83
176301	-0.87
174379	-0.88
179153	-0.88
176437	-0.91
181491	-0.91
181269	-0.98
174203	-0.99
178943	-0.99
171750	-1.00
176718	-1.01
172893	-1.02
180522	-1.05
173858	-1.15
173235	-1.23
178279	-1.29
24104262	-1.31
171917	-1.34
179534	-1.34
179941	-1.63
176161	-1.73
172329	-1.87
