178988	14.93
179941	14.68
176161	13.84
176196	13.19
178943	12.87
175972	12.42
173334	10.99
173858	10.90
173744	10.60
175877	9.50
174571	8.74
171975	8.55
172942	8.22
174318	6.93
174351	6.16
177342	6.11
174330	6.04
174333	5.87
179779	5.61
175819	5.52
176268	5.49
176503	5.40
174421	5.39
172329	5.11
172802	4.99
178536	4.76
175703	4.53
174141	4.11
175879	4.08
172901	3.98
179534	3.94
176385	3.92
176118	3.79
172959	3.67
176748	3.62
178507	3.59
172858	3.49
172044	3.47
179671	3.43
178089	3.42
177161	3.25
171917	3.19
175501	3.17
172743	3.09
176891	3.06
178012	2.84
176301	2.84
176071	2.84
172201	2.82
178415	2.78
172074	2.78
174203	2.77
174346	2.77
174676	2.66
172801	2.62
174371	2.60
175525	2.60
176359	2.60
177503	2.57
175549	2.57
178778	2.56
174603	2.54
173260	2.54
176718	2.52
180028	2.50
178280	2.46
172468	2.46
171602	2.45
180040	2.42
177481	2.36
176373	2.31
266859	2.25
172467	2.24
172860	2.21
175976	2.20
176146	2.20
177583	2.11
174659	2.10
174379	2.10
176439	2.00
174478	1.99
174423	1.92
176437	1.83
172268	1.81
174458	1.74
177521	1.73
171809	1.69
175716	1.66
176358	1.63
174841	1.51
186326	1.50
179739	1.48
178279	1.45
177658	1.42
171692	1.41
186325	1.41
177190	1.34
179999	1.23
181036	1.20
175096	1.18
266861	1.14
173235	1.14
172251	1.10
174669	1.05
178866	1.00
174443	0.98
3565921	0.87
179472	0.83
178987	0.78
179899	0.78
175006	0.77
175813	0.60
180535	0.59
171750	0.54
176807	0.46
175419	0.46
172250	0.46
188792	0.43
173873	0.43
178049	0.41
174367	0.40
191680	0.39
173078	0.38
179502	0.36
177364	0.35
180073	0.32
178066	0.26
176287	0.23
191670	0.13
175316	0.08
172249	0.08
266830	0.07
175493	0.02
176083	0.01
180072	-0.00
179936	-0.03
177873	-0.08
179153	-0.10
180359	-0.10
191677	-0.14
191667	-0.20
178121	-0.22
178024	-0.27
175993	-0.30
176509	-0.30
178074	-0.39
179533	-0.40
181491	-0.43
181705	-0.46
178933	-0.48
175546	-0.48
266837	-0.51
177724	-0.59
179267	-0.61
176137	-0.64
180671	-0.67
191648	-0.71
181588	-0.71
180357	-0.72
174705	-0.74
181250	-0.76
24104262	-0.77
181044	-0.77
172732	-0.81
180767	-0.82
180942	-0.84
177985	-0.85
178577	-0.85
172893	-0.86
181269	-0.91
175462	-0.99
180522	-1.12
172981	-1.22
180833	-1.37
186085	-1.49
172243	-1.63
176380	-1.71
175492	-1.85
