175813	14.22
179502	9.26
266830	7.99
172268	7.77
266859	7.33
174669	6.26
176358	6.16
174659	6.02
175976	5.94
176385	5.93
172468	5.81
172249	5.68
171917	5.66
178280	5.58
176359	5.33
177161	5.01
180040	4.96
176439	4.94
172801	4.83
172250	4.62
175006	4.56
3565921	4.37
175525	4.33
172802	4.31
174458	4.14
175096	3.68
177658	3.65
176287	3.59
176301	3.50
266861	3.43
172329	3.32
172467	3.26
174841	2.56
176503	2.55
174676	2.44
174333	1.98
178866	1.97
176748	1.81
178074	1.80
175549	1.53
176083	1.47
173744	1.41
177985	1.24
186325	1.16
174203	1.04
176373	1.02
178049	0.94
178988	0.91
175879	0.88
175877	0.87
172251	0.83
179999	0.83
178778	0.83
174571	0.75
178066	0.74
172201	0.68
174371	0.64
174705	0.60
177724	0.59
186326	0.50
178933	0.48
191667	0.34
191677	0.33
191670	0.33
179267	0.29
177342	0.29
178121	0.28
178012	0.25
171602	0.25
175493	0.23
176196	0.17
172860	0.17
171692	0.16
177364	0.15
24104262	0.12
173235	0.12
172044	0.12
177190	0.11
178536	0.10
176268	0.09
177521	0.08
176380	0.08
176509	0.08
180535	0.06
191680	0.06
179671	0.04
175501	0.01
181044	-0.01
186085	-0.02
172858	-0.04
179739	-0.06
177753	-0.08
176891	-0.10
180072	-0.11
172901	-0.14
173334	-0.19
176161	-0.20
174141	-0.23
181250	-0.24
172074	-0.25
175462	-0.25
175492	-0.26
180073	-0.26
176071	-0.28
173260	-0.28
172942	-0.29
174603	-0.32
175972	-0.32
174443	-0.33
178415	-0.33
177481	-0.35
181588	-0.38
171750	-0.38
179533	-0.39
176437	-0.42
175546	-0.42
172243	-0.43
180357	-0.46
188792	-0.48
176146	-0.49
178507	-0.52
178279	-0.52
178943	-0.54
181269	-0.56
172893	-0.56
176137	-0.57
179153	-0.60
171809	-0.63
178024	-0.66
180833	-0.67
191648	-0.70
178987	-0.70
177503	-0.72
180028	-0.72
178577	-0.76
266837	-0.77
176118	-0.79
174379	-0.80
174346	-0.81
177583	-0.81
174423	-0.83
175993	-0.84
174367	-0.85
171975	-0.86
174351	-0.87
174330	-0.89
180942	-0.91
173078	-0.91
179534	-0.97
175316	-0.98
172959	-0.99
179472	-1.00
179899	-1.00
175703	-1.00
175716	-1.03
173858	-1.04
181036	-1.05
173873	-1.05
180767	-1.06
180671	-1.16
181705	-1.21
178089	-1.25
172732	-1.27
174318	-1.28
180359	-1.38
179936	-1.43
179941	-1.43
174478	-1.45
176718	-1.49
172981	-1.64
175819	-1.66
180522	-1.66
176807	-1.67
175419	-1.75
172743	-1.77
181491	-1.81
174421	-2.18
179779	-2.20
