176083	8.01
176380	6.82
176509	5.63
172249	5.09
174669	4.91
266837	4.81
175492	4.57
173078	4.32
178074	4.22
175549	3.86
176287	3.28
177364	3.05
172858	2.93
179502	2.82
175493	2.40
174676	2.07
175993	1.92
174458	1.83
175546	1.77
180522	1.72
178933	1.65
266830	1.41
24104262	1.37
177873	1.24
172250	1.24
177190	1.11
172467	1.08
178987	1.05
172981	1.00
174203	0.95
172743	0.82
180359	0.76
172801	0.73
175462	0.68
181491	0.66
181588	0.61
180357	0.48
180833	0.48
175972	0.46
174351	0.41
175501	0.38
175813	0.37
176137	0.32
172893	0.31
178024	0.31
175819	0.30
191648	0.29
177724	0.27
176891	0.27
174330	0.25
191677	0.24
174705	0.19
174421	0.19
172243	0.10
179899	0.10
175316	0.09
176807	0.08
175877	0.05
180028	0.05
176196	0.04
174333	0.04
176718	0.02
172732	0.01
173235	-0.00
172802	-0.01
178507	-0.01
180671	-0.05
174141	-0.06
266861	-0.10
186326	-0.12
186325	-0.13
179153	-0.14
181036	-0.15
173260	-0.16
174371	-0.17
176358	-0.19
178280	-0.22
179267	-0.23
176439	-0.24
176146	-0.25
181044	-0.25
180767	-0.26
174659	-0.26
174478	-0.26
178012	-0.26
176385	-0.28
178943	-0.28
174318	-0.28
186085	-0.31
179671	-0.33
177583	-0.34
171602	-0.36
172201	-0.37
175096	-0.37
172074	-0.37
191680	-0.40
177481	-0.42
172251	-0.45
171692	-0.45
179936	-0.46
179533	-0.49
179472	-0.50
181705	-0.52
175703	-0.52
177521	-0.52
191667	-0.54
177503	-0.55
175879	-0.56
3565921	-0.57
181269	-0.58
176161	-0.63
172901	-0.64
178279	-0.65
176118	-0.66
175419	-0.67
180072	-0.68
176071	-0.68
172468	-0.69
176437	-0.70
173873	-0.70
179739	-0.72
172044	-0.73
191670	-0.74
178089	-0.75
172959	-0.77
180942	-0.80
172860	-0.84
177753	-0.85
178066	-0.89
174443	-0.91
174379	-0.98
178049	-0.99
180073	-0.99
179999	-1.01
176301	-1.01
178121	-1.07
174423	-1.07
180040	-1.11
179941	-1.11
176359	-1.17
177658	-1.19
174367	-1.31
176503	-1.33
173334	-1.33
175525	-1.36
173744	-1.38
188792	-1.39
177342	-1.41
175716	-1.43
181250	-1.43
266859	-1.43
176748	-1.45
173858	-1.47
174571	-1.51
179534	-1.52
176268	-1.53
174841	-1.55
178577	-1.55
175006	-1.55
178415	-1.59
171975	-1.68
171750	-1.72
172329	-1.74
180535	-1.86
175976	-1.97
178778	-2.01
172268	-2.02
178988	-2.04
178536	-2.06
172942	-2.12
179779	-2.16
171809	-2.18
177161	-2.22
171917	-2.27
174603	-2.50
176373	-2.56
178866	-2.71
174346	-3.33
