186326	18.07
186325	17.46
177521	15.41
188792	11.16
178066	10.86
180072	10.10
191667	8.39
180073	7.82
172860	7.47
179267	7.45
191670	7.41
191680	4.87
191677	4.87
172468	1.73
176146	1.44
180040	1.43
178866	1.35
186085	1.31
172250	1.26
179534	1.23
179739	1.19
178012	1.19
172901	1.18
173260	1.16
176439	1.12
174379	1.12
266830	1.11
178074	1.07
176359	1.00
173235	0.97
174659	0.96
171692	0.96
172467	0.96
266859	0.95
171917	0.95
177873	0.94
172268	0.93
176071	0.93
174346	0.92
176718	0.92
171809	0.91
174603	0.91
175879	0.91
172074	0.90
175006	0.90
172251	0.88
174367	0.87
176891	0.87
178279	0.86
175877	0.84
172802	0.83
176268	0.82
177658	0.81
174371	0.79
178778	0.77
176301	0.76
171602	0.74
178943	0.74
175813	0.74
174841	0.73
177481	0.73
175096	0.71
174330	0.71
176385	0.68
177190	0.66
176503	0.65
176161	0.62
176807	0.62
179671	0.62
179502	0.61
175525	0.59
176287	0.59
178536	0.58
178988	0.58
171750	0.58
175976	0.57
172249	0.57
176437	0.56
176196	0.55
173858	0.54
177161	0.53
180535	0.53
178415	0.52
175501	0.51
180357	0.50
174333	0.49
175716	0.46
177503	0.43
177753	0.41
174443	0.41
174318	0.41
173744	0.41
174351	0.39
178507	0.38
176083	0.38
174458	0.36
172801	0.36
176118	0.34
177583	0.32
176380	0.32
172959	0.31
173334	0.30
176358	0.28
173873	0.28
174669	0.28
171975	0.26
175703	0.25
179533	0.24
172743	0.22
174141	0.22
179153	0.21
172243	0.20
172201	0.15
174423	0.14
178024	0.13
174203	0.12
191648	0.11
176373	0.11
178280	0.07
180767	0.06
179899	0.06
178089	0.06
175972	0.04
180833	-0.02
172044	-0.08
175493	-0.12
177342	-0.14
180671	-0.14
179999	-0.14
174571	-0.16
266861	-0.17
3565921	-0.17
175316	-0.17
174478	-0.18
177724	-0.19
176137	-0.19
180028	-0.21
179779	-0.21
176509	-0.22
175546	-0.24
174421	-0.25
174676	-0.25
181491	-0.25
180522	-0.26
176748	-0.26
266837	-0.29
172329	-0.32
172858	-0.33
175549	-0.37
177364	-0.37
175492	-0.40
172942	-0.44
179936	-0.44
175419	-0.46
24104262	-0.47
175993	-0.47
181705	-0.50
174705	-0.50
175819	-0.51
172732	-0.52
181036	-0.54
179941	-0.57
172981	-0.58
181588	-0.59
181250	-0.59
178577	-0.60
180359	-0.60
178933	-0.60
181044	-0.65
172893	-0.76
178121	-0.80
178987	-0.82
173078	-0.87
180942	-0.91
175462	-0.95
177985	-0.99
179472	-1.23
181269	-1.60
