176137	3.76
180357	3.61
177724	2.19
178121	1.96
181044	1.55
178987	1.55
180942	1.45
175462	1.23
181250	1.15
172251	1.13
191677	0.98
179267	0.94
172243	0.89
180535	0.84
178933	0.83
175492	0.79
180072	0.77
175703	0.75
174705	0.67
176287	0.64
174669	0.62
172858	0.62
173078	0.49
175493	0.48
180073	0.44
174367	0.43
172893	0.42
176503	0.42
24104262	0.40
174478	0.39
176083	0.39
181588	0.36
176509	0.35
175549	0.35
191667	0.34
176358	0.33
177985	0.31
178074	0.31
179671	0.30
176807	0.29
175993	0.28
172467	0.28
174330	0.28
176373	0.28
172732	0.27
178066	0.27
180522	0.27
266837	0.26
177190	0.23
179941	0.22
191680	0.20
174351	0.19
172249	0.19
175006	0.14
178049	0.13
180767	0.11
178280	0.10
176380	0.08
179472	0.05
186325	0.04
179153	-0.00
180671	-0.01
186326	-0.02
172901	-0.04
172268	-0.06
175546	-0.07
175819	-0.08
175972	-0.08
172801	-0.09
180040	-0.10
179999	-0.11
177658	-0.12
177521	-0.13
172044	-0.13
180833	-0.13
172743	-0.14
174346	-0.15
176359	-0.15
172201	-0.16
179739	-0.16
174333	-0.18
178507	-0.18
172942	-0.18
174203	-0.20
178089	-0.20
180028	-0.21
188792	-0.21
171975	-0.22
174421	-0.24
3565921	-0.24
176196	-0.25
177342	-0.27
177753	-0.27
174659	-0.30
266859	-0.32
179502	-0.33
175525	-0.33
171750	-0.35
266830	-0.36
177364	-0.38
175813	-0.39
174318	-0.40
177503	-0.42
179936	-0.42
179779	-0.42
178866	-0.43
178778	-0.43
172959	-0.44
175877	-0.45
171602	-0.45
172329	-0.46
173873	-0.47
176748	-0.47
178943	-0.47
191670	-0.48
181705	-0.48
172250	-0.49
172860	-0.49
171917	-0.50
172802	-0.52
174458	-0.53
175976	-0.53
176071	-0.54
176439	-0.55
174676	-0.55
174443	-0.56
178536	-0.58
174571	-0.59
176718	-0.60
178577	-0.60
175879	-0.63
174603	-0.63
179534	-0.64
177873	-0.66
175096	-0.67
171692	-0.68
266861	-0.68
172468	-0.69
176891	-0.71
176146	-0.72
179533	-0.73
173334	-0.73
180359	-0.74
174841	-0.74
173744	-0.75
172074	-0.76
175501	-0.77
176118	-0.79
181491	-0.79
175316	-0.81
181036	-0.81
173858	-0.83
177161	-0.85
174379	-0.85
181269	-0.89
173260	-0.89
178279	-0.91
171809	-0.91
176301	-0.96
173235	-0.98
174141	-1.00
176268	-1.01
176161	-1.02
178012	-1.03
176385	-1.03
174371	-1.03
177481	-1.13
178988	-1.14
179899	-1.22
186085	-1.23
175419	-1.44
191648	-1.44
177583	-1.44
174423	-1.48
172981	-1.51
178415	-1.61
176437	-1.62
175716	-1.78
