176891	20.25
176146	18.87
175879	18.18
172201	18.08
174371	17.30
171692	17.28
172901	17.23
177481	16.55
176071	16.54
174379	16.49
179739	16.40
173260	16.17
172074	15.54
171602	15.33
173235	14.82
177503	13.48
176718	13.25
175501	12.99
177583	12.88
174443	12.68
171750	10.80
173873	10.77
180535	9.13
172743	8.69
178279	8.33
174367	6.99
178778	6.73
179153	6.47
176268	5.26
174330	4.81
174318	4.33
175716	4.20
178507	4.11
178415	4.01
179999	3.82
179671	3.81
172860	3.71
174421	3.69
178536	3.49
173744	3.32
180028	3.32
179779	3.25
173334	3.24
178943	3.24
186325	3.18
179936	3.11
176373	2.99
175703	2.99
176437	2.96
174351	2.92
172802	2.84
177753	2.84
171809	2.84
181044	2.73
174141	2.68
177161	2.65
175819	2.60
177521	2.53
174346	2.52
186326	2.42
176161	2.35
174333	2.33
175877	2.32
171917	2.28
176503	2.21
174603	2.16
178089	2.11
174478	2.01
172329	2.00
176196	1.95
172044	1.94
177342	1.92
172942	1.86
176748	1.85
172959	1.83
179941	1.79
175316	1.75
178988	1.64
176359	1.64
175972	1.63
178866	1.59
176385	1.53
179534	1.52
180073	1.50
181036	1.30
172858	1.30
176083	1.30
176301	1.25
174423	1.22
178049	1.19
175419	1.12
180359	1.07
174659	1.06
176118	1.02
177364	1.01
173858	1.01
3565921	0.92
177190	0.87
174571	0.86
176380	0.74
175006	0.73
171975	0.72
180040	0.60
180072	0.53
188792	0.52
174705	0.52
175549	0.46
178280	0.46
176358	0.44
191648	0.40
174203	0.40
179533	0.40
179899	0.40
178987	0.36
178074	0.35
176137	0.33
175976	0.28
177873	0.25
174458	0.23
172467	0.19
191670	0.19
266837	0.17
179267	0.13
175096	0.13
178066	0.12
181250	0.11
181588	0.08
186085	0.04
180357	0.03
191677	0.02
181269	0.01
180942	0.00
174841	-0.00
174669	-0.02
178933	-0.06
175813	-0.07
175993	-0.07
174676	-0.08
181491	-0.09
180767	-0.10
176439	-0.10
172893	-0.12
172801	-0.15
175492	-0.18
191680	-0.21
179502	-0.24
177985	-0.26
191667	-0.27
180671	-0.27
177724	-0.27
172468	-0.28
175525	-0.41
172243	-0.42
180522	-0.48
178121	-0.58
172732	-0.59
172250	-0.63
266861	-0.64
24104262	-0.65
178577	-0.70
172268	-0.76
179472	-0.80
175462	-0.86
266830	-0.94
176807	-0.99
177658	-1.01
178024	-1.03
266859	-1.06
172251	-1.13
176509	-1.17
172249	-1.22
172981	-1.33
181705	-1.38
175493	-1.38
176287	-1.41
175546	-1.47
180833	-1.55
173078	-1.75
