174351	8.39
175703	7.62
175819	7.18
178415	6.58
172858	6.54
175316	6.10
174421	5.78
172044	5.70
179941	5.55
174478	5.26
174346	5.06
179779	4.93
176118	4.66
174571	4.25
179936	4.24
178943	4.21
179999	4.17
174318	4.07
172959	4.07
174330	4.06
178507	4.04
171809	4.00
176268	3.95
178988	3.78
176196	3.71
177342	3.60
175877	3.57
175501	3.57
173334	3.55
172942	3.51
177753	3.42
173260	3.39
175972	3.38
173744	3.34
180028	3.29
172329	3.28
171975	3.27
173858	3.22
171602	3.20
178536	3.17
174423	3.16
174333	3.01
172743	2.99
172201	2.89
172901	2.84
176161	2.82
176891	2.77
175549	2.77
172468	2.60
176718	2.57
175879	2.57
171750	2.46
176748	2.44
177503	2.43
174841	2.41
177583	2.27
174379	2.16
177481	2.13
178012	2.11
174371	2.08
174603	2.08
176301	2.07
171692	2.05
176439	2.01
176146	1.96
178778	1.95
179739	1.92
172074	1.89
174443	1.88
173873	1.80
175716	1.76
174141	1.75
176385	1.71
174669	1.63
176373	1.58
177190	1.56
172467	1.54
175096	1.42
176071	1.40
174203	1.38
179534	1.35
172802	1.30
3565921	1.28
173235	1.23
171917	1.22
174659	0.98
181044	0.93
176503	0.89
191670	0.87
266830	0.83
176359	0.80
175006	0.76
172250	0.73
176437	0.61
176083	0.58
178279	0.58
176358	0.56
177161	0.56
181036	0.41
186085	0.37
179671	0.37
180522	0.34
266859	0.33
181250	0.33
172860	0.33
175525	0.31
178577	0.28
174367	0.27
175493	0.24
179502	0.24
24104262	0.20
172268	0.19
172249	0.17
175993	0.16
180357	0.16
178066	0.13
174705	0.11
180535	0.09
179267	0.08
178049	0.06
174458	0.03
176807	0.02
177658	0.00
172801	-0.01
175813	-0.05
179899	-0.05
178280	-0.06
177521	-0.08
175462	-0.16
191677	-0.16
181269	-0.16
173078	-0.16
178024	-0.20
172981	-0.21
175976	-0.23
175492	-0.25
177724	-0.26
181491	-0.28
180072	-0.28
180359	-0.32
179153	-0.35
178866	-0.39
180073	-0.44
180767	-0.46
180671	-0.46
191680	-0.51
181705	-0.52
188792	-0.57
179472	-0.59
186326	-0.62
175419	-0.63
176287	-0.65
191667	-0.65
176137	-0.74
177985	-0.75
176380	-0.76
178074	-0.81
172732	-0.88
191648	-0.90
177364	-0.94
186325	-1.06
180833	-1.12
178987	-1.12
179533	-1.16
175546	-1.17
172243	-1.17
172251	-1.21
180040	-1.24
177873	-1.25
266861	-1.25
174676	-1.26
178121	-1.27
181588	-1.29
266837	-1.36
180942	-1.65
172893	-1.84
176509	-1.92
178933	-2.09
