176083	10.40
176287	7.23
176380	5.94
174669	5.37
175549	5.00
174676	4.68
266837	4.63
174458	4.37
176359	4.25
177985	4.22
176509	4.04
172467	3.96
176439	3.87
172468	3.81
175877	3.75
173078	3.62
178507	3.50
172249	3.31
174659	3.26
174333	3.21
172802	3.19
175492	3.16
176385	3.11
266830	2.98
172801	2.90
177190	2.87
178280	2.85
180359	2.74
174841	2.64
177658	2.63
176301	2.53
180040	2.26
181491	2.21
179671	2.09
179502	2.03
172981	1.97
175813	1.93
266861	1.89
172743	1.88
175096	1.85
175993	1.82
172268	1.80
177873	1.80
176503	1.77
266859	1.76
178933	1.66
175501	1.66
179534	1.64
177161	1.63
181044	1.59
174330	1.58
180767	1.42
176137	1.38
176437	1.36
171692	1.35
173744	1.30
180942	1.25
175716	1.19
175879	1.17
175972	1.16
181036	1.12
174318	1.10
175525	1.10
178049	1.07
172251	1.01
178121	1.01
171917	0.94
176891	0.94
178536	0.86
176196	0.85
171602	0.85
178866	0.85
175493	0.85
175316	0.84
3565921	0.83
174371	0.82
178987	0.79
178279	0.79
180833	0.76
175819	0.76
179153	0.75
175006	0.74
175419	0.72
172074	0.71
24104262	0.66
174423	0.65
177724	0.65
177503	0.64
178778	0.61
175976	0.60
171750	0.58
179999	0.57
175703	0.57
173260	0.56
174705	0.54
177364	0.54
180522	0.53
174421	0.53
176071	0.51
179899	0.48
175546	0.47
174203	0.43
172893	0.42
175462	0.38
174603	0.38
172243	0.37
172732	0.37
177481	0.37
178012	0.35
176373	0.32
180357	0.32
178024	0.31
172250	0.30
176358	0.29
173235	0.27
179739	0.24
177583	0.24
172858	0.21
173873	0.20
181588	0.11
176268	0.10
188792	0.09
180671	0.06
179472	0.05
178988	0.04
172201	0.02
191670	0.00
191677	-0.01
180028	-0.01
176807	-0.02
172901	-0.05
179533	-0.05
180535	-0.14
176146	-0.14
186325	-0.15
174478	-0.16
172860	-0.16
174443	-0.18
178066	-0.20
191667	-0.27
173334	-0.31
191680	-0.34
173858	-0.36
171809	-0.37
177753	-0.39
177342	-0.41
181269	-0.45
174379	-0.45
174346	-0.47
176718	-0.47
179267	-0.50
191648	-0.52
176748	-0.53
186085	-0.62
181250	-0.62
186326	-0.65
174367	-0.68
181705	-0.81
172959	-0.81
178089	-0.81
179779	-0.82
174141	-0.82
178943	-0.85
172329	-0.87
174351	-0.91
172942	-1.01
172044	-1.02
177521	-1.04
180072	-1.15
176161	-1.18
180073	-1.20
176118	-1.26
178577	-1.43
179941	-1.63
179936	-1.69
171975	-1.71
174571	-1.78
178415	-1.92
