191677	17.13
186326	15.37
177521	14.39
191667	13.97
186325	13.08
188792	12.00
178049	10.86
191680	10.17
172860	10.00
180072	9.64
180073	8.63
179267	7.31
191670	5.03
176359	2.52
176373	2.35
175006	2.34
178778	2.09
178866	2.04
175976	2.02
179739	1.63
177342	1.62
176439	1.49
186085	1.42
176358	1.40
172268	1.34
172468	1.32
3565921	1.27
173235	1.27
172802	1.24
179936	1.22
176748	1.21
174379	1.12
176807	1.11
180028	1.11
177658	1.09
172044	1.04
176161	0.99
175096	0.99
176718	0.96
177161	0.96
178279	0.92
173873	0.92
171975	0.91
178536	0.90
174603	0.89
174571	0.88
171692	0.85
173334	0.85
176146	0.82
172251	0.81
175877	0.80
171750	0.79
172201	0.79
176301	0.78
174443	0.77
174841	0.75
174659	0.74
177873	0.74
176268	0.73
174203	0.73
266859	0.72
174318	0.72
180040	0.70
175525	0.67
175493	0.65
173858	0.65
175813	0.65
171917	0.65
179671	0.64
179153	0.61
172249	0.60
176118	0.56
171809	0.56
176503	0.53
175819	0.51
178988	0.50
179502	0.50
173744	0.50
172732	0.46
172743	0.45
179941	0.44
176385	0.43
175972	0.43
177481	0.37
176196	0.36
174346	0.36
175492	0.36
178280	0.34
173260	0.34
266830	0.32
172467	0.29
178024	0.27
177753	0.26
172959	0.25
266861	0.20
174421	0.17
180522	0.17
178943	0.17
178089	0.13
178987	0.13
178012	0.12
172250	0.11
177583	0.09
176891	0.09
172801	0.08
175419	0.06
172901	0.06
174351	0.05
174458	0.03
177190	0.02
177364	0.01
178415	0.01
180535	0.00
177724	0.00
172942	-0.00
179534	-0.00
174333	-0.01
176137	-0.02
172329	-0.03
175703	-0.05
174705	-0.05
175462	-0.08
179779	-0.08
174371	-0.08
175316	-0.09
172981	-0.10
177503	-0.11
175879	-0.12
172858	-0.12
174330	-0.16
179899	-0.20
178074	-0.20
181036	-0.23
176071	-0.25
171602	-0.28
178507	-0.29
174141	-0.33
191648	-0.33
266837	-0.33
178933	-0.36
174478	-0.37
175716	-0.38
180942	-0.38
174669	-0.38
173078	-0.40
176287	-0.40
180357	-0.42
181705	-0.49
172074	-0.50
175501	-0.55
174423	-0.55
181491	-0.59
174367	-0.62
179472	-0.62
24104262	-0.64
179533	-0.67
175546	-0.69
178121	-0.72
175549	-0.76
176380	-0.76
172243	-0.77
180359	-0.87
181250	-0.88
172893	-0.88
177985	-0.89
176083	-0.91
179999	-0.92
178577	-1.04
175993	-1.07
181588	-1.09
176437	-1.12
180671	-1.14
176509	-1.25
174676	-1.30
180833	-1.45
180767	-1.50
181269	-1.61
181044	-1.96
