180942	5.98
177724	3.86
178987	3.19
172732	2.66
181705	2.54
176137	2.32
178024	1.96
178577	1.70
175993	1.64
175462	1.43
174705	1.36
178933	1.29
178280	1.28
175419	1.15
172893	1.06
178074	1.01
175716	0.96
180359	0.90
180767	0.83
180357	0.80
179534	0.78
180833	0.77
176359	0.76
178866	0.74
176287	0.74
181044	0.72
180671	0.70
176437	0.67
174458	0.65
179472	0.61
175972	0.61
174203	0.58
172959	0.56
181250	0.55
180040	0.55
266837	0.51
172268	0.48
178536	0.47
172243	0.47
171809	0.44
266830	0.43
175813	0.41
175546	0.40
180522	0.35
179999	0.35
180072	0.34
175493	0.33
181588	0.33
266859	0.32
179533	0.30
174676	0.28
177873	0.28
174603	0.26
172074	0.24
172981	0.22
172467	0.21
178415	0.18
178507	0.18
24104262	0.16
176118	0.14
176439	0.13
174367	0.11
181036	0.11
175976	0.11
174141	0.10
177161	0.08
176358	0.07
266861	0.06
176301	0.06
175492	0.03
177190	0.02
172044	0.02
177658	0.01
174659	-0.00
174371	-0.00
174330	-0.01
175703	-0.01
172802	-0.01
174841	-0.01
174333	-0.01
174421	-0.02
172801	-0.06
176807	-0.08
173078	-0.11
172249	-0.13
176083	-0.14
175549	-0.15
174351	-0.15
172329	-0.16
176373	-0.19
180535	-0.20
176196	-0.21
3565921	-0.21
177753	-0.22
175501	-0.22
176509	-0.24
172468	-0.26
172250	-0.27
191677	-0.29
174346	-0.32
191670	-0.33
175316	-0.34
175525	-0.34
176380	-0.35
180073	-0.35
175096	-0.36
176071	-0.36
181491	-0.37
191667	-0.37
179502	-0.40
177481	-0.41
172901	-0.42
176385	-0.42
174423	-0.42
191648	-0.44
178778	-0.45
191680	-0.45
174318	-0.47
176748	-0.50
179671	-0.51
172251	-0.55
179779	-0.55
175819	-0.56
179267	-0.56
176503	-0.58
178012	-0.58
178988	-0.58
177583	-0.60
174669	-0.61
179936	-0.62
173260	-0.63
179899	-0.63
176268	-0.63
177364	-0.66
172743	-0.66
186326	-0.67
171917	-0.70
175877	-0.71
171602	-0.71
178066	-0.72
186085	-0.76
177503	-0.78
178049	-0.80
175879	-0.81
179739	-0.83
176718	-0.83
175006	-0.85
179941	-0.85
176146	-0.85
178279	-0.89
172860	-0.91
174478	-0.93
173744	-0.93
172201	-0.99
172858	-1.01
173334	-1.02
177985	-1.07
174379	-1.09
178943	-1.10
177521	-1.11
181269	-1.17
173235	-1.22
178089	-1.27
186325	-1.27
179153	-1.30
174571	-1.34
177342	-1.36
173873	-1.36
180028	-1.36
171692	-1.39
173858	-1.45
188792	-1.46
176891	-1.50
172942	-1.63
176161	-1.66
174443	-1.79
171975	-1.80
171750	-1.90
