176146	10.33
176071	9.96
174443	9.42
172901	9.40
177503	9.26
173235	9.26
177481	9.14
171692	9.07
176718	9.06
175879	9.03
173873	8.61
175501	8.60
171602	8.55
174379	8.54
171750	8.40
178012	8.33
176891	8.23
174371	7.90
172201	7.81
179739	7.55
173260	7.30
172743	7.23
172074	6.38
179153	6.22
178778	5.73
177583	5.68
175716	4.57
179534	4.34
176373	4.29
174318	3.95
180535	3.81
174330	3.61
180028	3.53
178507	3.43
176161	3.30
178415	3.26
176268	3.18
174351	3.18
179779	3.10
175703	3.09
174367	2.97
176503	2.93
176437	2.86
174421	2.76
172860	2.73
172959	2.63
174333	2.53
179999	2.45
172044	2.34
177342	2.28
179671	2.25
172802	2.12
188792	2.09
181044	2.07
172858	2.02
172942	1.93
178943	1.88
174603	1.83
179533	1.76
173334	1.65
177161	1.63
173858	1.61
171809	1.60
179941	1.59
177521	1.54
179936	1.54
177753	1.45
186326	1.45
176807	1.42
178988	1.42
177190	1.37
174346	1.34
174478	1.25
171917	1.21
175819	1.21
178866	1.18
173744	1.15
186325	1.13
176358	1.07
180767	1.04
176083	1.02
172468	1.02
175972	1.00
172467	0.95
175877	0.95
178536	0.95
178066	0.92
176301	0.87
178049	0.86
176380	0.82
178074	0.79
176385	0.78
180072	0.78
24104262	0.72
177658	0.71
174841	0.68
180040	0.67
180073	0.65
174141	0.63
191677	0.62
176196	0.61
175976	0.58
178089	0.58
176439	0.56
176509	0.54
181036	0.47
176359	0.41
191670	0.36
172893	0.36
174203	0.36
179267	0.33
175492	0.27
174669	0.26
172243	0.23
176118	0.23
175006	0.21
175316	0.20
174571	0.20
191667	0.19
191680	0.16
176137	0.15
179502	0.13
175993	0.08
175419	0.06
175549	0.06
174676	0.05
174705	0.02
181269	-0.01
175813	-0.04
171975	-0.05
172250	-0.06
174423	-0.08
176748	-0.08
175525	-0.10
178280	-0.12
178933	-0.18
172251	-0.19
181250	-0.25
266830	-0.26
191648	-0.29
186085	-0.31
177364	-0.32
266859	-0.33
172329	-0.34
174659	-0.41
180522	-0.43
175096	-0.44
181491	-0.45
180671	-0.50
266837	-0.51
181588	-0.52
177873	-0.52
266861	-0.53
172801	-0.54
180359	-0.54
172249	-0.55
177985	-0.65
178987	-0.65
175493	-0.66
179472	-0.68
176287	-0.68
172268	-0.71
180357	-0.71
180833	-0.77
175462	-0.80
180942	-0.88
178121	-0.89
179899	-0.89
178024	-0.91
3565921	-1.00
178577	-1.02
173078	-1.16
172981	-1.20
177724	-1.29
181705	-1.40
174458	-1.42
172732	-1.43
175546	-2.87
