172268	8.28
266859	7.09
172801	6.91
176359	6.33
177161	6.06
180040	5.99
172329	5.75
177873	5.58
174659	5.55
175813	5.54
176439	5.51
175525	5.38
176385	5.32
175976	4.97
176503	4.71
171917	4.62
172802	4.46
177658	4.13
172467	4.09
3565921	4.02
174458	3.99
174841	3.92
179502	3.81
176358	3.58
176748	3.39
175006	3.38
266861	3.38
172468	3.37
174676	3.30
176301	3.02
176287	2.95
178074	2.85
178866	2.85
266830	2.77
174333	2.70
177753	2.46
172249	2.31
175096	2.19
177342	2.17
178536	1.96
179999	1.83
175877	1.73
176373	1.43
172074	1.38
178778	1.34
172251	1.33
177190	1.31
176083	1.30
178507	1.30
178121	1.28
172860	1.19
178943	1.14
181044	1.10
175972	1.10
175549	1.10
176196	1.08
179534	1.02
180535	1.02
174669	1.00
173078	1.00
175879	0.99
174705	0.92
175546	0.91
178987	0.88
176161	0.88
173858	0.87
173744	0.86
174371	0.80
174571	0.77
175501	0.77
177503	0.76
172044	0.74
172901	0.73
174330	0.68
172201	0.67
179671	0.62
172893	0.60
180359	0.57
173260	0.55
177481	0.55
178933	0.52
174421	0.51
172942	0.51
174318	0.51
171602	0.50
178012	0.46
175419	0.41
176891	0.40
174379	0.39
266837	0.39
176071	0.39
179899	0.38
174443	0.36
179739	0.35
188792	0.35
178066	0.34
172250	0.34
171692	0.33
186326	0.32
180028	0.30
180942	0.30
175493	0.29
174367	0.27
177364	0.24
181250	0.24
176718	0.24
174346	0.24
175316	0.23
177521	0.19
176118	0.18
176146	0.17
173235	0.15
191680	0.14
174351	0.13
178024	0.10
186325	0.09
178049	0.07
174203	0.06
177583	0.04
181705	0.00
180767	-0.00
177724	-0.00
180357	-0.05
180833	-0.06
178089	-0.06
191667	-0.08
180073	-0.10
172743	-0.12
178279	-0.12
174141	-0.12
181036	-0.12
181269	-0.13
191670	-0.15
24104262	-0.16
178988	-0.16
174603	-0.17
179941	-0.18
175819	-0.20
177985	-0.22
176268	-0.22
172732	-0.22
179267	-0.28
175462	-0.29
181588	-0.33
171750	-0.42
176137	-0.44
191677	-0.50
172858	-0.52
180671	-0.52
180072	-0.53
179472	-0.58
172959	-0.60
179779	-0.62
176807	-0.64
176380	-0.68
173334	-0.73
174423	-0.79
179153	-0.81
174478	-0.82
171809	-0.84
176437	-0.86
175703	-0.87
178577	-0.87
191648	-0.87
173873	-0.90
171975	-0.98
178415	-1.05
176509	-1.10
186085	-1.21
180522	-1.32
181491	-1.36
175716	-1.43
179936	-1.53
179533	-1.54
175993	-1.68
175492	-1.71
172981	-1.81
172243	-1.82
