174330	6.72
176268	6.66
178089	6.58
174351	6.15
172743	6.01
175703	5.78
174318	5.46
171809	4.79
177583	4.72
172074	4.36
172959	4.30
174421	4.25
179999	4.15
178988	4.12
177481	4.11
174371	4.08
176196	4.08
175716	4.06
175877	4.05
178012	4.01
175879	3.93
178507	3.79
175819	3.74
174346	3.71
174841	3.65
175501	3.51
176891	3.36
176748	3.31
172858	3.31
178279	3.26
175972	3.25
174443	3.20
173744	3.17
173260	3.15
176146	3.14
178536	2.98
175549	2.98
172942	2.97
176071	2.95
174603	2.86
176301	2.85
174333	2.82
177753	2.78
172468	2.73
173235	2.71
172329	2.69
173334	2.64
171602	2.61
174478	2.60
178943	2.60
173873	2.57
172201	2.51
176373	2.45
175096	2.40
171692	2.40
179739	2.35
172901	2.35
176161	2.33
176385	2.30
179941	2.30
177190	2.28
176718	2.28
172044	2.25
3565921	2.25
176437	2.25
174367	2.24
174379	2.23
174203	2.23
171750	2.21
179534	2.18
178778	2.18
171975	2.17
175316	2.16
177503	2.08
179779	2.08
177342	2.06
171917	2.00
179936	1.78
174423	1.73
174571	1.72
266830	1.68
180522	1.64
176358	1.62
175976	1.60
172802	1.57
176439	1.38
181044	1.36
172860	1.18
175006	1.14
172250	1.11
173858	1.04
180535	0.94
174669	0.88
172467	0.80
177521	0.79
177161	0.76
174659	0.74
179502	0.71
174141	0.68
178866	0.65
179267	0.64
176118	0.60
191677	0.53
178049	0.52
179533	0.50
176083	0.49
179671	0.49
176807	0.47
175993	0.47
177364	0.44
266859	0.42
180073	0.42
191648	0.38
175493	0.34
191670	0.27
180072	0.25
172801	0.24
180028	0.22
178121	0.18
186325	0.18
172249	0.12
188792	0.11
186085	0.10
191680	0.08
178066	0.01
174676	-0.01
176509	-0.02
174458	-0.03
266861	-0.04
175525	-0.05
179153	-0.07
186326	-0.09
175492	-0.10
178577	-0.16
176359	-0.26
24104262	-0.26
176503	-0.27
179899	-0.31
177873	-0.33
191667	-0.35
172268	-0.36
175419	-0.41
176380	-0.43
172981	-0.57
181491	-0.64
180357	-0.65
181250	-0.66
180040	-0.66
174705	-0.66
175813	-0.67
266837	-0.67
177724	-0.78
180359	-0.79
181588	-0.80
179472	-0.85
180671	-0.89
181269	-0.89
176137	-0.89
178933	-0.90
180767	-0.97
175462	-1.03
178280	-1.05
181036	-1.07
181705	-1.24
172893	-1.26
172251	-1.38
173078	-1.57
177985	-1.59
172243	-1.61
178024	-1.61
172732	-1.75
177658	-1.78
176287	-1.83
180942	-1.87
178074	-1.92
178987	-2.27
180833	-2.40
175546	-2.80
