174421	11.82
175819	9.83
174330	9.38
174318	8.13
179534	8.01
175877	6.65
172743	6.43
174203	6.23
172074	6.10
176196	5.97
175501	5.65
174371	5.62
175316	5.58
173260	4.73
266837	4.69
177481	4.67
175716	4.63
175703	4.57
176437	4.47
177583	4.36
176268	4.13
178012	4.11
178089	4.04
178943	4.02
176071	3.96
173334	3.86
178536	3.80
178415	3.79
173744	3.75
175879	3.70
177753	3.59
172942	3.58
172858	3.51
178074	3.50
172201	3.49
176146	3.48
171602	3.44
181044	3.43
178279	3.43
171692	3.43
177190	3.25
174423	3.18
173235	3.12
176891	3.10
174841	3.09
174351	3.07
174458	3.06
175972	3.04
174333	3.04
176301	2.97
177503	2.96
172901	2.94
178988	2.85
176161	2.81
171809	2.79
174478	2.74
180359	2.65
173858	2.62
174659	2.55
179739	2.53
174571	2.50
174346	2.49
179999	2.46
178866	2.44
179941	2.36
176503	2.28
178987	2.21
172959	2.18
172329	2.10
173873	2.05
175549	2.00
179779	1.99
174379	1.98
173078	1.96
172044	1.89
171975	1.86
176083	1.82
180767	1.77
175419	1.74
178778	1.73
180028	1.68
171750	1.67
174603	1.50
177342	1.43
174443	1.41
172802	1.38
174669	1.32
178280	1.30
174367	1.29
176385	1.29
178933	1.28
180535	1.27
176373	1.24
176718	1.22
181036	1.18
171917	1.18
266830	1.06
172468	1.06
176509	1.03
177161	1.01
172860	0.92
179153	0.91
174705	0.85
176380	0.84
180040	0.82
180942	0.82
176118	0.81
179936	0.78
174141	0.76
175096	0.66
174676	0.62
24104262	0.61
172467	0.55
179533	0.54
172251	0.53
176359	0.52
175462	0.51
176748	0.51
181491	0.50
172250	0.45
176137	0.44
178049	0.38
172801	0.29
179671	0.27
175492	0.25
175525	0.24
178121	0.18
172981	0.17
186326	0.13
177521	0.12
176439	0.12
188792	0.08
172249	0.04
180357	0.02
186085	-0.00
177985	-0.01
186325	-0.02
177364	-0.06
175006	-0.09
176807	-0.09
172893	-0.11
175993	-0.14
178024	-0.18
180833	-0.21
191670	-0.22
179472	-0.25
178066	-0.29
177658	-0.34
177724	-0.34
180073	-0.34
179267	-0.34
175976	-0.43
175813	-0.43
179899	-0.47
172732	-0.51
3565921	-0.52
177873	-0.52
180522	-0.54
266861	-0.60
180072	-0.61
191667	-0.61
179502	-0.71
178577	-0.72
175493	-0.75
191680	-0.79
176358	-0.85
176287	-0.99
191677	-1.03
266859	-1.03
191648	-1.10
172268	-1.19
181269	-1.19
181705	-1.21
181250	-1.23
175546	-1.35
172243	-1.68
180671	-1.94
181588	-1.98
