181705	3.08
174705	2.72
175993	2.33
180359	1.96
180942	1.83
178121	1.70
176437	1.41
178987	1.40
172981	1.23
179267	1.13
175462	1.13
174367	0.91
180072	0.88
177724	0.85
172074	0.82
175716	0.79
172732	0.77
171809	0.74
176358	0.73
174423	0.71
172743	0.66
174841	0.61
175525	0.57
180357	0.56
179472	0.52
171602	0.50
174371	0.46
179153	0.45
191670	0.44
178933	0.44
181269	0.39
175501	0.38
180073	0.37
191667	0.34
179533	0.34
177658	0.32
175493	0.32
177364	0.30
178089	0.28
176196	0.27
186085	0.27
181491	0.22
180522	0.19
175546	0.18
172893	0.15
174421	0.15
179899	0.13
174330	0.10
180767	0.09
3565921	0.09
175972	0.08
179502	0.08
176439	0.07
172801	0.05
181250	0.05
266830	0.03
172959	0.03
171692	-0.01
175316	-0.02
172467	-0.03
181036	-0.03
176748	-0.06
176301	-0.06
176509	-0.07
175819	-0.08
177583	-0.08
172802	-0.09
178988	-0.10
174603	-0.14
174478	-0.15
191680	-0.15
178415	-0.16
175703	-0.19
191648	-0.21
174318	-0.21
175813	-0.22
175419	-0.22
174346	-0.24
180833	-0.24
179999	-0.25
179534	-0.26
179739	-0.26
176071	-0.26
178536	-0.31
177503	-0.31
172249	-0.33
176385	-0.33
180040	-0.34
181588	-0.34
177190	-0.34
179779	-0.35
177521	-0.35
180535	-0.36
172468	-0.36
174659	-0.36
177481	-0.37
171975	-0.37
174351	-0.39
173873	-0.39
171750	-0.40
179936	-0.41
173744	-0.41
174571	-0.42
176891	-0.46
173260	-0.46
176137	-0.47
172268	-0.47
175096	-0.47
174443	-0.48
178778	-0.50
174676	-0.51
181044	-0.51
172201	-0.52
176807	-0.53
24104262	-0.53
174141	-0.53
175006	-0.54
172243	-0.54
191677	-0.55
178943	-0.55
179941	-0.56
266837	-0.56
172250	-0.56
188792	-0.57
177342	-0.58
178049	-0.60
178024	-0.60
176146	-0.60
177161	-0.60
173334	-0.63
174669	-0.64
176268	-0.64
173858	-0.65
172901	-0.69
178012	-0.70
174203	-0.72
178507	-0.72
175492	-0.73
174379	-0.75
177873	-0.76
176118	-0.77
266859	-0.83
173078	-0.84
172329	-0.85
177753	-0.85
180028	-0.86
178280	-0.87
175976	-0.88
186325	-0.89
172251	-0.91
174333	-0.94
172044	-0.96
186326	-0.99
180671	-1.01
171917	-1.01
178279	-1.02
178066	-1.04
176083	-1.05
176359	-1.05
175879	-1.07
176380	-1.08
176718	-1.11
178866	-1.12
175549	-1.14
173235	-1.14
266861	-1.20
176503	-1.21
172942	-1.27
176287	-1.30
175877	-1.33
172860	-1.40
172858	-1.41
178074	-1.43
176373	-1.48
174458	-1.48
176161	-1.54
177985	-1.55
179671	-2.12
