171809	8.16
172959	6.67
176748	5.81
174603	5.33
179941	5.26
175006	5.22
172044	5.08
177583	4.99
176268	4.98
178778	4.91
177342	4.82
174346	4.77
177753	4.76
177161	4.75
178988	4.73
172329	4.71
174571	4.60
178943	4.60
175877	4.41
173744	4.35
174421	4.22
173334	4.15
172802	4.07
179534	4.05
176161	3.93
171917	3.81
180040	3.80
178507	3.80
176301	3.76
175819	3.74
176359	3.66
175972	3.50
178012	3.49
173260	3.40
179999	3.31
174371	3.29
174841	3.26
179671	3.25
174458	3.22
174318	3.18
179779	3.18
178089	3.17
176385	3.15
171975	3.15
172074	3.15
172858	3.08
176071	3.06
3565921	3.06
174333	3.04
174351	3.01
178415	2.98
175501	2.94
177481	2.93
172860	2.93
174659	2.91
173858	2.86
178866	2.86
176891	2.79
172468	2.76
176373	2.75
176503	2.70
176196	2.67
172901	2.63
175096	2.63
175879	2.60
176146	2.59
174330	2.51
172268	2.44
175316	2.40
171692	2.35
172201	2.34
179739	2.31
172743	2.28
176118	2.23
175703	2.15
172942	2.15
179936	2.15
175976	2.14
177658	2.12
266861	2.11
176437	1.96
178280	1.96
174379	1.95
175716	1.91
174676	1.86
172801	1.83
176718	1.82
266830	1.82
266859	1.79
173235	1.77
177503	1.70
171602	1.67
176358	1.61
175525	1.52
175549	1.52
174141	1.49
180028	1.40
174478	1.37
174423	1.33
172250	1.30
174203	1.24
177521	1.12
180522	1.05
177190	1.04
176439	1.01
179472	0.97
178279	0.95
178066	0.90
186325	0.88
178074	0.86
181036	0.85
175419	0.85
181250	0.82
175813	0.75
186326	0.66
181044	0.60
174367	0.59
176137	0.59
178049	0.58
174669	0.58
179899	0.50
174705	0.50
178121	0.47
186085	0.47
174443	0.41
188792	0.40
176287	0.37
191677	0.32
180359	0.32
179533	0.27
180072	0.27
176807	0.19
24104262	0.16
177873	0.10
191670	0.05
179502	0.04
180942	0.02
180073	-0.04
181491	-0.08
171750	-0.09
181588	-0.09
173873	-0.12
180357	-0.12
178987	-0.14
172732	-0.18
179267	-0.21
180767	-0.27
191680	-0.28
177364	-0.29
181705	-0.29
178577	-0.31
172467	-0.31
173078	-0.32
175462	-0.47
180671	-0.56
178024	-0.58
172251	-0.59
177724	-0.62
172249	-0.63
181269	-0.67
176083	-0.70
180535	-0.80
191648	-0.80
266837	-0.80
172981	-0.81
176509	-0.86
175993	-0.99
179153	-1.00
191667	-1.07
175492	-1.10
176380	-1.24
172893	-1.25
178933	-1.26
175493	-1.35
180833	-1.73
172243	-1.84
175546	-2.00
177985	-2.06
