176373	14.20
174443	8.77
177503	7.88
176718	7.70
172201	7.69
171692	7.65
173873	7.57
175879	7.37
171750	7.35
171602	7.13
172901	7.03
178012	6.73
176146	6.72
176891	6.72
174379	6.66
179739	6.58
176071	6.54
173235	5.87
178279	5.73
177481	5.47
174371	5.35
173260	5.24
175501	5.08
178536	4.91
172074	4.64
177583	4.58
172942	4.52
173858	4.29
179153	4.25
174603	3.95
172250	3.88
172860	3.78
177342	3.69
172743	3.54
171975	3.50
179936	3.42
176268	3.40
176161	3.26
178943	3.03
178988	2.80
180028	2.78
174351	2.64
176359	2.64
176503	2.61
174571	2.61
179779	2.59
175976	2.58
177753	2.56
179999	2.39
266861	2.36
188792	2.35
179941	2.34
180535	2.27
179671	2.21
176196	2.20
178415	2.18
172959	2.12
178066	2.09
174318	2.08
172802	2.06
174330	2.05
175877	2.00
186085	1.97
178089	1.95
174346	1.93
191677	1.93
186326	1.92
177521	1.87
171917	1.83
178866	1.81
174478	1.76
178507	1.73
172468	1.69
173744	1.65
172044	1.64
176748	1.62
179899	1.60
176118	1.57
175703	1.51
171809	1.47
174333	1.46
173334	1.44
172268	1.41
176385	1.40
178280	1.34
172858	1.30
176358	1.23
174421	1.23
179534	1.18
174141	1.17
191680	1.14
177161	1.13
177658	1.11
180040	1.05
172329	1.03
175716	1.02
175813	0.97
175819	0.96
175972	0.94
186325	0.87
177873	0.83
175096	0.80
175006	0.79
178049	0.77
175316	0.75
176807	0.67
3565921	0.63
178074	0.61
266859	0.57
179502	0.55
175525	0.54
172467	0.54
172801	0.50
174203	0.46
180073	0.43
174705	0.38
191667	0.28
176287	0.21
178987	0.19
191670	0.19
175549	0.13
176437	0.12
174841	-0.01
24104262	-0.02
176439	-0.09
174367	-0.09
176083	-0.11
172251	-0.12
180072	-0.13
177724	-0.20
176301	-0.23
178933	-0.26
179267	-0.30
174458	-0.36
176137	-0.37
174669	-0.38
179533	-0.41
176380	-0.42
178024	-0.43
178121	-0.45
181044	-0.45
175419	-0.48
178577	-0.50
179472	-0.53
174423	-0.55
266830	-0.56
172249	-0.57
180671	-0.58
177190	-0.59
180357	-0.64
175462	-0.72
181250	-0.75
174676	-0.78
174659	-0.83
175993	-0.86
191648	-0.92
172893	-1.03
181269	-1.04
181036	-1.06
181588	-1.06
180359	-1.06
181705	-1.07
180767	-1.12
172732	-1.33
175492	-1.34
172981	-1.35
175493	-1.48
266837	-1.50
172243	-1.51
180833	-1.61
180942	-1.88
177364	-1.97
177985	-2.01
180522	-2.16
176509	-2.32
181491	-2.36
173078	-2.48
175546	-2.58
