180040	5.81
175006	4.99
177161	4.51
174603	4.38
173744	4.22
172860	4.16
172250	4.07
179534	3.99
176359	3.96
3565921	3.92
179999	3.82
174841	3.60
171917	3.56
172268	3.38
172074	3.25
174659	3.25
177583	3.16
176301	3.08
176503	3.01
186325	3.00
176373	2.97
266859	2.91
178536	2.86
178280	2.85
172329	2.75
174371	2.62
176748	2.60
173334	2.59
175877	2.50
179739	2.46
178507	2.44
175525	2.25
177481	2.24
173260	2.23
186326	2.21
177521	2.10
178066	2.04
178988	2.02
174458	2.02
174203	2.01
176439	1.99
177873	1.97
175716	1.96
176385	1.84
178778	1.81
175419	1.78
175316	1.62
178012	1.59
179671	1.58
177190	1.57
180072	1.54
174379	1.53
179533	1.52
172743	1.52
181036	1.51
175976	1.51
172802	1.49
175096	1.47
176071	1.45
175813	1.44
176358	1.41
173235	1.41
181044	1.37
178049	1.35
176437	1.34
175501	1.34
191680	1.31
180073	1.30
177658	1.30
178943	1.29
171692	1.25
179941	1.24
180767	1.23
172201	1.23
172468	1.23
191667	1.22
180535	1.19
178279	1.18
171809	1.13
174333	1.12
174423	1.06
174676	1.02
266830	1.02
176891	1.01
177753	1.00
175879	1.00
174346	0.95
174367	0.95
191677	0.92
176146	0.90
178074	0.85
176161	0.78
180357	0.77
178121	0.74
174421	0.67
178415	0.65
177342	0.64
175703	0.64
191670	0.54
266861	0.53
179267	0.53
175972	0.50
174705	0.49
188792	0.47
180028	0.47
172901	0.45
179502	0.45
180359	0.45
180942	0.41
176196	0.39
171602	0.32
174141	0.30
177724	0.26
172942	0.26
186085	0.23
172893	0.23
172251	0.22
174571	0.20
174330	0.18
178987	0.16
171975	0.14
173858	0.10
177503	0.08
172467	0.08
176118	0.03
178933	-0.02
181250	-0.02
179899	-0.05
175462	-0.07
171750	-0.09
176807	-0.14
174318	-0.14
174669	-0.18
179779	-0.18
266837	-0.22
176137	-0.23
176509	-0.23
176287	-0.27
181491	-0.30
181269	-0.32
176268	-0.32
177364	-0.33
176380	-0.33
175549	-0.35
175493	-0.37
172801	-0.37
178089	-0.39
174443	-0.39
178024	-0.43
191648	-0.46
176083	-0.53
172959	-0.55
179472	-0.55
175819	-0.58
173078	-0.61
179936	-0.63
175492	-0.64
180833	-0.65
180522	-0.81
176718	-0.84
172858	-0.85
172249	-0.85
173873	-0.86
181588	-0.87
181705	-0.87
172981	-0.88
172243	-0.89
172044	-0.91
179153	-0.94
175546	-1.05
178577	-1.12
180671	-1.39
174351	-1.57
172732	-1.88
175993	-1.99
174478	-2.05
24104262	-2.08
177985	-2.71
