175546	2.68
175492	2.56
177724	2.56
266837	2.54
174669	2.43
176137	2.04
178987	1.97
174676	1.93
174330	1.88
175993	1.87
172467	1.85
177364	1.71
172249	1.68
178074	1.66
180359	1.65
177985	1.65
174458	1.61
175493	1.49
172251	1.45
181705	1.40
176196	1.34
176437	1.33
178121	1.29
178507	1.28
180942	1.26
172743	1.25
172981	1.20
180522	1.19
173078	1.17
175419	1.09
175877	1.09
176083	1.09
180028	1.09
24104262	1.02
175549	0.99
174421	0.96
176509	0.93
266830	0.89
179779	0.87
181491	0.84
178024	0.83
172074	0.78
175819	0.75
191670	0.71
175316	0.67
172858	0.67
179534	0.67
175501	0.67
177503	0.66
173334	0.65
191677	0.64
175879	0.63
179472	0.58
176071	0.58
172959	0.58
172732	0.58
174841	0.56
180535	0.55
176380	0.55
176268	0.54
178280	0.52
172942	0.50
176287	0.50
173873	0.50
177583	0.49
177873	0.48
174203	0.45
176807	0.45
174318	0.44
178577	0.44
172243	0.43
174443	0.41
171602	0.37
172893	0.37
175813	0.36
171975	0.36
191667	0.35
177342	0.32
176385	0.31
172201	0.31
180767	0.29
174659	0.26
176891	0.25
173744	0.23
175972	0.18
180833	0.18
179671	0.17
174141	0.16
176439	0.15
172468	0.15
186325	0.14
181588	0.12
174371	0.12
171809	0.10
266859	0.09
174478	0.09
175096	0.06
174423	0.06
173858	0.05
179899	0.04
174571	0.04
177161	0.04
172801	0.03
172250	0.01
178988	0.00
174333	-0.00
179502	-0.01
177481	-0.01
179153	-0.02
178866	-0.02
174379	-0.04
174705	-0.04
172802	-0.04
179739	-0.05
178012	-0.06
177521	-0.07
181036	-0.08
171917	-0.11
172044	-0.12
171750	-0.12
175525	-0.14
180073	-0.17
178279	-0.18
191648	-0.19
176373	-0.19
175716	-0.21
176503	-0.26
178778	-0.26
176146	-0.27
179936	-0.29
180671	-0.29
177190	-0.30
172901	-0.32
173235	-0.32
172860	-0.33
173260	-0.35
178066	-0.36
180072	-0.37
188792	-0.37
175462	-0.37
174351	-0.38
176718	-0.38
176748	-0.39
186326	-0.40
266861	-0.41
191680	-0.41
174367	-0.43
179267	-0.43
175703	-0.47
177753	-0.48
176358	-0.50
181044	-0.52
176301	-0.53
171692	-0.56
174346	-0.56
178049	-0.60
178943	-0.63
179941	-0.64
176118	-0.71
172268	-0.72
176161	-0.73
181269	-0.81
180357	-0.82
176359	-0.90
178415	-0.90
180040	-0.90
174603	-1.01
175976	-1.05
179533	-1.06
3565921	-1.15
178536	-1.26
175006	-1.30
172329	-1.31
177658	-1.37
186085	-1.49
179999	-1.49
181250	-2.05
178089	-2.09
