176161	15.80
179941	13.81
177753	12.87
173858	11.53
173744	11.39
173334	11.15
171975	11.05
178988	10.72
172942	10.49
176196	8.68
174571	8.12
175972	7.27
175877	6.85
179779	6.15
174318	5.74
179671	5.63
175703	5.38
174141	5.36
176118	5.32
175819	5.30
174421	5.27
179534	5.18
176503	5.06
174330	5.04
173260	4.79
174351	4.67
171602	4.62
178536	4.60
177342	4.49
178089	4.21
180028	4.18
178507	4.02
175501	3.91
172074	3.79
172329	3.71
171692	3.59
172201	3.55
177481	3.47
172901	3.41
172802	3.27
178012	3.24
174333	3.21
174371	3.18
176891	3.12
177503	3.11
172044	3.10
172860	3.05
178778	3.03
174423	2.82
176146	2.79
176071	2.78
174603	2.71
176718	2.62
178415	2.60
175879	2.59
177161	2.53
174443	2.43
177521	2.28
179739	2.24
186326	2.23
174379	2.23
176748	2.19
172959	2.16
176268	2.10
174203	2.08
176373	2.04
171809	2.03
173235	2.02
186325	1.98
174676	1.94
178279	1.88
176301	1.86
179999	1.82
175006	1.78
172858	1.69
174669	1.62
175716	1.58
174346	1.54
171917	1.51
176437	1.50
174659	1.46
177583	1.31
178866	1.29
180040	1.27
176385	1.27
178987	1.26
175419	1.22
172250	1.20
177658	1.17
172801	1.16
178280	1.14
175549	1.11
174478	1.08
172743	1.02
175096	1.00
180073	0.96
174841	0.93
179936	0.92
175525	0.91
180072	0.90
179899	0.89
176439	0.83
266837	0.78
177190	0.77
266859	0.75
178049	0.74
174458	0.73
176359	0.69
181036	0.66
188792	0.65
173873	0.63
176807	0.61
3565921	0.58
191680	0.57
171750	0.55
181491	0.54
175813	0.45
266830	0.41
176083	0.38
180535	0.34
191677	0.32
174705	0.31
172467	0.27
180671	0.26
179502	0.23
177364	0.18
178066	0.17
172268	0.10
191670	0.09
180942	0.05
175976	0.04
172468	0.03
181588	0.01
175316	-0.02
174367	-0.11
24104262	-0.12
181269	-0.12
179153	-0.12
266861	-0.13
175493	-0.17
176358	-0.18
180359	-0.26
177985	-0.28
191667	-0.30
173078	-0.32
175492	-0.36
180767	-0.40
180357	-0.45
179533	-0.46
178024	-0.47
181044	-0.48
176509	-0.48
176137	-0.51
186085	-0.52
177873	-0.54
178577	-0.55
172893	-0.58
180833	-0.58
179472	-0.59
172243	-0.61
172732	-0.63
178933	-0.63
179267	-0.66
172251	-0.66
191648	-0.68
178074	-0.85
172981	-0.88
172249	-0.88
181250	-0.90
175993	-0.94
175546	-0.97
177724	-0.99
178121	-1.10
176287	-1.12
176380	-1.17
181705	-1.22
180522	-1.22
175462	-1.24
