177753	14.93
173744	13.91
176161	13.85
176196	12.40
179941	12.02
173334	11.05
171975	10.88
178943	10.72
173858	9.77
175972	9.31
174571	9.29
175877	8.37
174318	7.73
172942	7.13
175819	5.80
172802	5.69
174421	5.58
174330	5.49
171917	5.37
176503	4.92
178536	4.73
176268	4.66
179534	4.61
174333	4.61
175703	4.22
172329	4.17
172959	4.15
178415	4.12
176748	4.03
179671	3.94
179779	3.85
178089	3.78
177161	3.75
174351	3.68
171809	3.59
174141	3.54
175096	3.45
174676	3.41
174346	3.28
176385	3.26
176301	3.24
174669	3.22
177342	2.97
175549	2.96
172468	2.88
178507	2.85
172858	2.81
178778	2.80
174603	2.80
179999	2.72
174203	2.68
174841	2.36
176439	2.31
266859	2.29
175716	2.26
175501	2.23
176359	2.22
172044	2.19
176891	2.13
175879	2.12
177583	2.12
176118	2.11
266830	2.08
178866	2.02
180040	2.01
172801	1.99
174371	1.94
176071	1.92
172250	1.90
172201	1.87
172901	1.84
175006	1.82
174423	1.79
176373	1.72
176146	1.70
179739	1.69
176437	1.69
172743	1.67
177481	1.65
178012	1.64
177521	1.62
174458	1.56
172467	1.54
3565921	1.51
172268	1.48
171692	1.43
172860	1.43
178279	1.42
173260	1.40
176807	1.36
176718	1.35
175813	1.33
174659	1.27
179533	1.22
173235	1.16
172074	1.16
186325	1.15
175525	1.13
176358	1.07
171602	1.04
175976	1.02
174478	0.97
174379	0.95
171750	0.92
177873	0.91
180073	0.90
181036	0.84
177658	0.84
177503	0.83
266861	0.82
172249	0.78
174443	0.77
186326	0.67
191680	0.61
178049	0.58
177190	0.55
180522	0.54
179899	0.53
180072	0.52
175419	0.51
176083	0.51
179502	0.51
178066	0.50
191677	0.46
180028	0.38
188792	0.33
175316	0.26
175493	0.26
174367	0.25
176509	0.21
180535	0.11
179472	0.06
191670	0.05
191667	0.04
178074	0.04
178933	0.00
173873	-0.00
172251	-0.04
176287	-0.04
173078	-0.08
178577	-0.10
179153	-0.11
178280	-0.16
181705	-0.28
180671	-0.33
174705	-0.33
266837	-0.34
179936	-0.38
175492	-0.40
181491	-0.45
181250	-0.48
179267	-0.53
178121	-0.58
181044	-0.59
175546	-0.60
191648	-0.67
172732	-0.68
177724	-0.76
178987	-0.80
176380	-0.82
175993	-1.00
180767	-1.03
176137	-1.10
178024	-1.14
180942	-1.17
181269	-1.21
180357	-1.29
177364	-1.31
175462	-1.34
181588	-1.36
172981	-1.49
186085	-1.57
24104262	-1.66
172243	-1.70
180833	-2.04
177985	-2.04
172893	-2.06
180359	-2.08
