174705	6.45
175462	4.91
172732	4.39
180357	4.36
180359	4.20
180942	4.17
178121	3.19
172893	3.02
177724	2.99
266837	2.58
180833	2.54
178507	2.21
175993	2.07
177364	2.00
178933	1.97
174203	1.88
180671	1.86
175419	1.84
172981	1.80
173260	1.66
178024	1.55
175819	1.52
171602	1.47
175972	1.46
172901	1.45
176137	1.43
173078	1.42
178577	1.40
174367	1.37
177481	1.33
172243	1.28
181044	1.26
178943	1.26
176509	1.24
176380	1.21
181705	1.20
180535	1.19
181036	1.11
180767	1.07
177985	1.05
172074	1.04
174421	1.01
177503	0.99
176437	0.94
172251	0.92
178280	0.88
174330	0.86
180072	0.85
178074	0.79
177753	0.78
180073	0.73
174659	0.71
191667	0.70
174458	0.68
175501	0.65
176196	0.65
175492	0.65
173334	0.64
174676	0.64
186085	0.63
176287	0.61
177658	0.53
176161	0.52
186326	0.48
174371	0.47
176146	0.47
176807	0.42
181491	0.38
175877	0.38
172201	0.38
191648	0.37
178012	0.36
176118	0.34
174318	0.34
191677	0.28
172860	0.26
174379	0.25
173744	0.25
179779	0.20
176718	0.19
178778	0.19
178866	0.16
172743	0.13
178066	0.13
171692	0.11
176359	0.11
175813	0.11
175546	0.10
175879	0.09
176503	0.07
177521	0.07
175716	0.05
176083	0.05
181269	0.05
177190	0.04
174571	0.04
179671	0.03
179941	-0.04
176891	-0.04
181588	-0.05
175316	-0.05
191680	-0.09
173235	-0.11
172942	-0.11
181250	-0.12
172802	-0.14
178536	-0.14
172268	-0.15
180040	-0.15
172801	-0.16
177342	-0.18
176071	-0.19
177161	-0.24
171975	-0.25
179533	-0.27
174333	-0.29
175493	-0.29
186325	-0.29
172044	-0.32
177583	-0.34
173858	-0.34
171809	-0.38
179739	-0.39
174346	-0.40
179534	-0.42
266859	-0.44
179153	-0.44
172959	-0.45
172250	-0.46
172329	-0.47
179899	-0.48
174351	-0.49
179502	-0.49
174443	-0.49
24104262	-0.49
172467	-0.51
174841	-0.55
180028	-0.59
175976	-0.62
172249	-0.62
3565921	-0.62
173873	-0.63
180522	-0.63
178279	-0.65
174141	-0.66
176439	-0.66
174669	-0.67
179472	-0.69
266830	-0.70
177873	-0.70
175549	-0.78
188792	-0.79
178988	-0.80
174423	-0.81
176385	-0.81
171917	-0.82
178049	-0.82
174478	-0.91
179267	-0.91
175006	-0.95
176748	-0.97
176268	-1.03
176358	-1.03
179936	-1.06
171750	-1.12
178089	-1.12
176301	-1.13
175703	-1.14
175525	-1.14
172468	-1.16
191670	-1.27
176373	-1.27
174603	-1.40
172858	-1.41
175096	-1.45
179999	-1.51
266861	-2.02
178415	-2.27
