173873	11.50
171750	10.09
176718	9.41
179739	9.12
173235	8.92
176146	8.62
174443	8.56
172901	8.07
177503	8.06
176071	7.87
171692	7.69
174379	7.53
176891	7.08
175879	6.88
178012	6.47
171602	6.28
172201	6.22
178279	6.22
177481	5.69
175501	5.28
180535	5.05
174371	4.54
173260	4.38
178778	4.25
172074	3.83
177583	3.38
174367	3.35
176373	3.09
172743	3.07
179671	2.85
180028	2.52
179936	2.42
179533	2.17
174330	2.00
176380	1.87
172802	1.86
176503	1.85
177658	1.85
175716	1.59
173858	1.58
179779	1.50
176083	1.39
180767	1.37
174478	1.34
188792	1.27
172942	1.26
172467	1.19
175976	1.14
176268	1.09
179899	1.09
175993	1.07
179534	1.01
177521	0.93
172858	0.93
178507	0.91
176359	0.85
266861	0.83
181044	0.79
176137	0.78
178074	0.75
175819	0.66
176437	0.64
174318	0.63
178066	0.61
172044	0.61
176161	0.60
181491	0.59
176385	0.53
174571	0.51
174141	0.46
178577	0.45
172860	0.44
172249	0.44
174333	0.42
191667	0.40
171975	0.40
179999	0.35
175703	0.33
186326	0.27
179502	0.25
175877	0.22
178049	0.21
175492	0.21
180357	0.20
191677	0.20
175462	0.14
24104262	0.11
172243	0.10
174351	0.09
172959	0.07
172732	0.06
174421	0.02
176358	0.02
178024	-0.00
180073	-0.01
178933	-0.02
186325	-0.04
178415	-0.07
176509	-0.08
177753	-0.10
174603	-0.10
181036	-0.11
178988	-0.11
180072	-0.12
178943	-0.12
172981	-0.13
177985	-0.14
266837	-0.15
181269	-0.15
191680	-0.16
173334	-0.17
179941	-0.18
177342	-0.18
172251	-0.18
176196	-0.19
191670	-0.24
180359	-0.26
173078	-0.27
172801	-0.34
178089	-0.35
174705	-0.36
175525	-0.38
180040	-0.40
177161	-0.41
186085	-0.42
174346	-0.42
178987	-0.44
173744	-0.44
174676	-0.47
179472	-0.50
175813	-0.53
179267	-0.53
175549	-0.53
172893	-0.56
181588	-0.57
171917	-0.59
177873	-0.60
181705	-0.66
3565921	-0.66
175316	-0.68
175096	-0.68
180671	-0.70
172329	-0.70
181250	-0.72
177190	-0.75
174841	-0.78
191648	-0.78
178280	-0.81
176439	-0.82
174659	-0.84
172468	-0.88
177724	-0.88
172268	-0.89
172250	-0.93
180942	-0.94
178866	-0.94
180522	-0.97
176301	-1.00
178536	-1.00
175419	-1.03
175006	-1.03
176287	-1.03
174203	-1.05
171809	-1.06
266859	-1.07
174669	-1.13
176807	-1.18
180833	-1.18
176118	-1.19
175972	-1.22
178121	-1.30
176748	-1.30
174423	-1.39
175546	-1.43
177364	-1.46
266830	-1.53
175493	-1.53
174458	-1.84
