180073	14.07
180072	13.25
191667	12.96
186325	9.26
186326	8.85
177521	8.14
191670	7.56
178049	7.45
178066	7.31
191677	7.04
191680	6.89
188792	6.23
172860	4.44
180357	1.36
171917	1.16
176301	1.14
178577	1.13
174659	1.00
179502	1.00
174367	0.97
178024	0.94
172802	0.90
266830	0.86
186085	0.85
172251	0.85
176358	0.80
180535	0.79
173873	0.78
191648	0.76
176380	0.76
175006	0.74
180522	0.71
175493	0.71
175525	0.68
178415	0.64
174841	0.62
172801	0.56
177161	0.55
178866	0.53
266859	0.52
180040	0.52
172468	0.52
175492	0.50
176439	0.47
176718	0.47
3565921	0.47
176385	0.46
179533	0.43
177724	0.43
172249	0.43
174443	0.42
174333	0.42
175976	0.38
173235	0.37
172901	0.36
181491	0.36
172743	0.33
175462	0.33
178279	0.33
180028	0.32
171692	0.31
177873	0.29
171750	0.28
177481	0.28
177658	0.27
172250	0.25
174318	0.24
174379	0.24
172268	0.23
176891	0.23
175813	0.21
174458	0.16
179739	0.15
176748	0.14
175879	0.14
176807	0.14
178012	0.13
176437	0.13
176146	0.11
175819	0.08
178089	0.08
174603	0.07
176268	0.07
177364	0.05
174669	0.05
174351	0.05
175716	0.04
172467	0.04
172201	0.03
177190	0.03
174371	0.02
175972	-0.02
175993	-0.02
174346	-0.02
172074	-0.03
171602	-0.03
171809	-0.03
176071	-0.04
176373	-0.05
176359	-0.06
174330	-0.08
180767	-0.09
172044	-0.09
173260	-0.11
176503	-0.12
174203	-0.13
176509	-0.17
266861	-0.18
176083	-0.19
175549	-0.19
179999	-0.19
176196	-0.19
178536	-0.21
174705	-0.22
177583	-0.22
175877	-0.22
177985	-0.23
176287	-0.24
178280	-0.28
172893	-0.28
179936	-0.29
176137	-0.30
178778	-0.30
181705	-0.32
174421	-0.32
179671	-0.33
174423	-0.34
175096	-0.34
178507	-0.34
266837	-0.37
175501	-0.39
175703	-0.39
172959	-0.39
177342	-0.41
181044	-0.43
178933	-0.43
173744	-0.44
179472	-0.46
181250	-0.47
179534	-0.48
181588	-0.48
179899	-0.49
24104262	-0.49
172329	-0.50
178074	-0.50
172942	-0.52
178988	-0.53
179153	-0.53
179779	-0.53
178121	-0.56
172732	-0.59
177753	-0.61
175546	-0.61
176118	-0.62
173858	-0.63
175316	-0.63
171975	-0.65
178943	-0.66
177503	-0.66
174478	-0.68
180671	-0.70
174141	-0.71
173334	-0.73
181036	-0.77
174676	-0.78
175419	-0.79
172981	-0.79
179941	-0.82
180942	-0.86
178987	-0.91
172243	-0.97
172858	-0.97
180359	-1.00
174571	-1.00
176161	-1.10
180833	-1.17
181269	-1.42
173078	-1.47
