181250	1.79
174141	1.72
179899	1.68
177342	1.56
175546	1.49
175993	1.42
173858	1.28
180359	1.26
174571	1.17
176137	1.07
181705	1.04
178536	0.97
176196	0.92
266861	0.88
171975	0.83
177753	0.83
175972	0.82
180833	0.75
176437	0.72
191680	0.68
178121	0.61
178933	0.58
179941	0.55
178577	0.52
172942	0.51
176268	0.48
173873	0.45
172981	0.41
171750	0.41
177583	0.40
188792	0.37
176161	0.33
172732	0.31
177724	0.31
173078	0.28
179671	0.28
173744	0.26
172743	0.25
175462	0.24
172250	0.21
174379	0.19
181588	0.15
24104262	0.15
172893	0.10
180942	0.10
177364	0.09
176380	0.07
176509	0.07
178988	0.06
191667	0.06
178074	0.05
178024	0.05
175501	0.03
174669	0.01
176503	0.01
174346	-0.02
176807	-0.03
179534	-0.04
181491	-0.05
171809	-0.06
172858	-0.06
186085	-0.06
175976	-0.10
176083	-0.11
172074	-0.11
180028	-0.11
176373	-0.14
171917	-0.15
175419	-0.15
174478	-0.15
176385	-0.17
176891	-0.18
180767	-0.18
174705	-0.18
174458	-0.18
176748	-0.21
174603	-0.21
174203	-0.23
177658	-0.23
177503	-0.24
176146	-0.25
178507	-0.25
174371	-0.27
172329	-0.27
179999	-0.28
180072	-0.30
174443	-0.31
176118	-0.31
173334	-0.32
175316	-0.32
175877	-0.33
174333	-0.37
191670	-0.37
176718	-0.37
172201	-0.39
266837	-0.41
173235	-0.42
174351	-0.42
174330	-0.42
191648	-0.43
175096	-0.43
172044	-0.44
181036	-0.44
171602	-0.45
179267	-0.46
179502	-0.47
172243	-0.47
179739	-0.47
172467	-0.47
175879	-0.48
177190	-0.49
174423	-0.50
179153	-0.50
177985	-0.50
178778	-0.53
172959	-0.54
175493	-0.54
178866	-0.55
175703	-0.57
178280	-0.58
174421	-0.59
180073	-0.59
178089	-0.59
178943	-0.59
172901	-0.61
175006	-0.61
178066	-0.62
181269	-0.62
179936	-0.63
179779	-0.66
178279	-0.68
172249	-0.69
178987	-0.69
175716	-0.70
175549	-0.73
177481	-0.73
186326	-0.73
174676	-0.74
171692	-0.74
180535	-0.74
177161	-0.78
176071	-0.80
266859	-0.80
178012	-0.80
175525	-0.83
176358	-0.84
178415	-0.85
173260	-0.86
180522	-0.86
266830	-0.87
172802	-0.92
172801	-0.93
175813	-0.98
191677	-1.00
177873	-1.00
174367	-1.01
186325	-1.05
175819	-1.06
174318	-1.06
172251	-1.08
174659	-1.08
180040	-1.11
177521	-1.11
176301	-1.12
3565921	-1.13
176359	-1.14
172468	-1.18
178049	-1.23
176287	-1.23
172268	-1.23
172860	-1.23
181044	-1.25
179533	-1.26
174841	-1.51
180357	-1.55
175492	-1.57
180671	-1.58
176439	-1.72
