180767	9.62
179534	5.62
175716	4.37
176071	3.67
176437	3.64
174423	2.56
177658	2.48
174676	2.33
172802	2.25
179153	2.17
176503	2.11
176146	2.06
180040	2.03
181044	2.02
179999	1.80
178279	1.76
181036	1.74
172858	1.68
178866	1.52
173235	1.49
171692	1.48
179739	1.45
172250	1.40
176380	1.40
175419	1.33
174841	1.29
178988	1.22
177161	1.19
191670	1.18
172959	1.17
175703	1.16
172901	1.15
174603	1.08
180522	1.02
180671	1.01
266830	1.01
177583	0.98
174371	0.95
175993	0.94
176385	0.94
177481	0.93
176301	0.86
176891	0.84
174421	0.84
172468	0.82
175501	0.81
174318	0.80
172860	0.78
171917	0.78
177503	0.75
174478	0.73
174367	0.71
174659	0.66
174203	0.64
174330	0.60
176358	0.59
179502	0.58
179779	0.57
180028	0.57
178507	0.54
3565921	0.52
172893	0.50
172249	0.50
178415	0.50
175879	0.48
266837	0.48
172243	0.47
175813	0.47
177724	0.46
172732	0.44
176083	0.44
179267	0.43
173873	0.42
171809	0.40
173260	0.40
172743	0.40
178012	0.40
180942	0.38
179671	0.37
174333	0.36
174141	0.36
180073	0.36
176196	0.36
176439	0.36
180072	0.34
178577	0.34
175316	0.30
178121	0.30
178536	0.27
178049	0.24
176287	0.22
175492	0.21
173334	0.21
172251	0.20
171602	0.19
172801	0.17
172074	0.15
266861	0.15
181705	0.10
180357	0.08
176268	0.04
172201	0.02
180535	-0.02
175976	-0.03
176161	-0.03
175462	-0.04
175972	-0.05
172329	-0.05
178074	-0.05
191680	-0.06
179936	-0.09
175819	-0.09
172268	-0.12
180833	-0.13
176718	-0.16
177190	-0.17
176137	-0.20
191677	-0.20
179941	-0.20
176373	-0.21
174458	-0.22
191667	-0.23
172044	-0.25
266859	-0.25
176807	-0.27
178987	-0.27
180359	-0.30
177521	-0.32
176118	-0.33
174379	-0.33
179899	-0.34
177873	-0.39
177753	-0.40
175549	-0.41
178778	-0.41
176509	-0.42
174351	-0.43
178943	-0.46
174443	-0.46
186325	-0.47
177985	-0.49
181269	-0.52
174705	-0.55
175096	-0.55
191648	-0.62
174669	-0.65
178066	-0.67
181250	-0.70
176359	-0.70
178024	-0.73
173858	-0.75
174346	-0.77
188792	-0.78
172981	-0.79
186326	-0.83
172467	-0.83
181588	-0.86
172942	-0.92
181491	-0.94
177364	-0.95
175546	-1.00
173078	-1.01
178933	-1.06
171750	-1.06
178089	-1.16
175525	-1.17
176748	-1.17
171975	-1.18
173744	-1.18
175006	-1.21
179472	-1.26
174571	-1.33
175877	-1.35
186085	-1.51
178280	-1.54
24104262	-1.89
177342	-2.20
175493	-2.28
