178507	8.01
175716	6.03
176196	5.81
175877	5.65
179533	5.62
180040	5.53
174421	5.27
174330	5.21
178943	5.18
176503	4.98
177161	4.81
178988	4.61
173334	4.56
173858	4.48
176437	4.47
178279	4.34
174318	4.15
175703	4.13
172942	4.12
173744	4.08
176161	4.08
178536	4.05
174333	4.02
178866	3.99
174603	3.98
175819	3.96
177753	3.94
175972	3.77
172743	3.73
176071	3.70
176301	3.70
172074	3.69
179941	3.69
174841	3.68
180028	3.56
177481	3.47
179999	3.43
174371	3.36
179671	3.30
174203	3.29
179779	3.29
180767	3.26
174659	3.22
175501	3.13
172858	2.97
172802	2.95
176373	2.89
173260	2.76
177190	2.71
171975	2.66
172959	2.65
174676	2.63
266859	2.50
172860	2.47
176891	2.46
266837	2.37
171917	2.36
174458	2.36
177583	2.32
174423	2.29
175419	2.29
176146	2.26
174571	2.22
178415	2.18
173235	2.18
172468	2.13
174478	2.09
175549	2.08
172901	2.07
181044	2.03
175316	1.91
172467	1.90
179739	1.89
174351	1.82
172251	1.80
171602	1.76
171809	1.76
176385	1.75
172044	1.75
176718	1.67
266830	1.66
172201	1.65
175525	1.64
178074	1.64
171692	1.58
175879	1.57
172329	1.56
176439	1.55
176118	1.52
178012	1.52
174379	1.51
177503	1.47
173873	1.46
177342	1.44
174443	1.40
172249	1.36
172250	1.36
174346	1.35
178089	1.35
176268	1.27
174141	1.24
172801	1.23
178049	1.23
180359	1.19
178778	1.18
175006	1.17
178280	1.02
181036	1.02
179153	1.01
177658	1.01
180522	0.96
191680	0.95
176509	0.95
176083	0.94
180942	0.90
176748	0.88
266861	0.87
178121	0.78
171750	0.72
179502	0.69
175813	0.68
3565921	0.68
175993	0.68
178933	0.67
176287	0.61
174669	0.55
175976	0.51
188792	0.47
175096	0.45
177521	0.45
191670	0.45
176358	0.40
174367	0.32
172268	0.31
180535	0.19
186326	0.11
176359	0.09
180833	0.06
179899	0.03
178066	-0.00
175493	-0.01
179472	-0.04
186325	-0.07
176807	-0.13
172732	-0.14
172893	-0.17
178577	-0.26
175492	-0.27
180671	-0.29
176137	-0.33
186085	-0.34
173078	-0.35
180357	-0.37
191667	-0.39
172981	-0.41
180072	-0.42
178987	-0.42
175462	-0.43
179267	-0.48
191677	-0.53
176380	-0.54
181491	-0.58
181269	-0.60
180073	-0.60
178024	-0.64
179936	-0.67
24104262	-0.73
181588	-0.86
177873	-0.97
174705	-1.08
181250	-1.14
191648	-1.17
181705	-1.26
177724	-1.34
177985	-1.52
172243	-2.05
177364	-2.32
175546	-2.77
