177873	9.26
175813	8.21
176385	7.86
266830	6.93
176439	6.23
172801	6.15
172249	6.08
172468	5.34
172268	5.33
172802	5.19
176358	5.16
171917	5.07
174669	5.04
176301	5.02
266859	5.00
174659	4.69
172467	4.67
3565921	4.51
174841	4.47
177161	4.34
175976	4.28
180040	4.19
177658	4.06
175096	4.01
266861	3.91
174458	3.87
178280	3.81
172250	3.63
176287	3.56
174676	3.22
175525	3.21
176083	3.20
175006	2.94
172329	2.93
177985	2.82
175549	2.47
176359	2.37
175877	2.18
176509	2.17
178074	2.03
174333	1.84
176268	1.55
176373	1.54
177342	1.50
177364	1.45
172251	1.41
174330	1.38
176196	1.35
177481	1.20
179999	1.16
172942	1.13
177190	1.09
179267	1.00
176748	0.98
176503	0.97
176380	0.94
171602	0.81
175972	0.74
178415	0.71
171692	0.70
179534	0.69
174603	0.67
176146	0.66
191670	0.63
178049	0.61
179533	0.58
178778	0.55
174318	0.55
175462	0.52
178988	0.51
178066	0.50
172044	0.49
179671	0.48
179739	0.47
24104262	0.45
178866	0.45
174443	0.44
172243	0.42
172201	0.42
173260	0.41
173744	0.39
172901	0.37
177753	0.36
180072	0.34
174705	0.34
175501	0.33
177503	0.32
176891	0.28
175879	0.27
180357	0.27
171750	0.26
174371	0.26
179153	0.25
178089	0.24
172074	0.24
178943	0.23
171975	0.22
181036	0.22
172858	0.16
180028	0.16
172860	0.15
177583	0.14
178279	0.13
188792	0.13
191667	0.11
173235	0.11
173873	0.09
178577	0.08
175492	0.05
178536	0.04
181250	0.03
181269	0.02
176071	0.01
174141	-0.01
178933	-0.01
176437	-0.07
191677	-0.07
172893	-0.10
174571	-0.11
186085	-0.14
175716	-0.15
175493	-0.17
179899	-0.17
177724	-0.19
177521	-0.20
175703	-0.22
178012	-0.24
173078	-0.26
172743	-0.26
176137	-0.28
179779	-0.32
174351	-0.32
180073	-0.33
178024	-0.33
176718	-0.34
180671	-0.36
178121	-0.40
173858	-0.47
179472	-0.47
178987	-0.49
181705	-0.53
186326	-0.55
266837	-0.56
174203	-0.57
176807	-0.63
174421	-0.64
180359	-0.64
181588	-0.65
174379	-0.66
172732	-0.67
175993	-0.67
176161	-0.69
178507	-0.71
186325	-0.73
179941	-0.78
181044	-0.80
180767	-0.83
175819	-0.85
174346	-0.87
191680	-0.91
180833	-0.93
172959	-0.96
180522	-0.99
171809	-0.99
174478	-1.01
174367	-1.02
180942	-1.05
172981	-1.14
173334	-1.16
179936	-1.17
181491	-1.19
191648	-1.24
180535	-1.26
175419	-1.50
175546	-1.60
175316	-1.87
174423	-2.12
176118	-2.51
