176503	8.43
172802	7.16
178943	5.63
177161	5.62
176161	5.09
179941	4.94
174333	4.84
174141	4.83
179779	4.75
177658	4.74
179739	4.70
173744	4.69
176718	4.62
172942	4.50
173334	4.41
173858	4.31
180028	4.29
171975	4.24
180040	4.14
178988	3.94
171692	3.92
171917	3.87
172201	3.86
178012	3.81
175972	3.79
174379	3.55
172860	3.53
176748	3.51
177753	3.43
175879	3.35
179534	3.30
178536	3.25
186325	3.24
176146	3.23
176891	3.18
174676	3.14
174659	3.08
174443	3.05
175006	3.00
177342	2.99
176359	2.93
174318	2.92
177503	2.89
176196	2.89
177481	2.89
179153	2.85
173235	2.79
176301	2.76
171602	2.72
172801	2.59
172901	2.53
175525	2.51
176385	2.47
176373	2.44
176439	2.37
175549	2.26
178279	2.25
176071	2.23
178778	2.21
171809	2.17
266859	2.16
172959	2.14
173260	2.12
178074	2.09
171750	2.08
186326	2.07
180073	2.06
174571	2.05
176268	2.03
179936	1.96
177521	1.94
172467	1.90
174603	1.89
175501	1.88
174330	1.84
188792	1.73
175877	1.71
177583	1.71
180072	1.65
174367	1.63
179999	1.62
174458	1.61
172044	1.61
172329	1.59
175813	1.59
178866	1.58
173873	1.51
176358	1.48
174371	1.48
3565921	1.47
180535	1.43
191677	1.35
174346	1.35
174841	1.31
172251	1.25
172074	1.25
180522	1.24
191680	1.20
174669	1.18
172249	1.14
181036	1.11
191667	1.11
176287	1.05
266861	1.04
176118	0.93
175819	0.81
174421	0.80
175976	0.78
175703	0.78
176083	0.71
172268	0.70
179899	0.68
191670	0.66
178066	0.64
178280	0.62
178049	0.62
176437	0.56
175493	0.50
178415	0.49
175716	0.48
179502	0.48
175096	0.46
176137	0.45
175993	0.45
172858	0.40
179533	0.37
178089	0.37
174423	0.36
181491	0.35
178024	0.30
179472	0.28
178507	0.27
172743	0.23
177190	0.23
181250	0.20
174351	0.19
266830	0.18
178933	0.17
172468	0.12
175419	0.11
177873	0.04
178987	0.03
180359	0.01
180671	-0.07
176807	-0.08
180942	-0.12
177364	-0.20
266837	-0.22
181044	-0.24
172243	-0.27
181588	-0.30
179267	-0.33
177985	-0.33
181269	-0.40
174478	-0.46
177724	-0.46
174705	-0.50
178121	-0.51
186085	-0.51
174203	-0.64
176509	-0.64
175546	-0.67
181705	-0.68
180357	-0.73
173078	-0.75
176380	-0.78
180833	-0.85
172893	-0.92
172250	-0.92
175492	-0.94
24104262	-0.96
191648	-1.09
172732	-1.10
180767	-1.40
175462	-1.48
175316	-1.65
172981	-1.78
178577	-2.12
