174379	19.00
176146	17.15
178012	16.40
173235	16.35
171692	15.99
172201	14.87
176891	14.75
172901	14.68
176071	14.51
176718	14.02
177481	13.55
175879	13.07
174443	13.05
174371	12.67
173260	12.31
177503	11.79
171602	11.16
171750	10.80
173873	10.58
172074	10.32
177583	9.67
179153	9.12
175501	8.98
180535	8.42
178279	7.55
178778	6.58
172743	6.38
174367	5.20
179936	5.19
176268	5.14
179671	4.70
180028	4.00
176373	3.76
174318	3.64
172860	3.60
179999	3.45
174330	3.43
179779	3.31
174346	3.22
176503	3.07
177521	3.01
176161	2.96
175716	2.87
174421	2.81
174141	2.75
178507	2.53
172802	2.50
178866	2.46
178415	2.35
176359	2.34
178536	2.31
186326	2.31
171917	2.26
175703	2.26
178943	2.24
174603	2.19
173334	2.15
186325	2.11
174351	2.09
172044	2.08
171809	2.03
180073	2.03
173744	1.97
178089	1.92
179534	1.89
179941	1.85
173858	1.78
188792	1.70
178988	1.69
176437	1.64
178066	1.63
172959	1.60
172858	1.56
177753	1.48
179533	1.45
175877	1.41
177342	1.38
175316	1.24
176196	1.22
176385	1.20
178049	1.19
175819	1.18
177161	1.14
179899	1.14
176748	1.12
181044	1.11
175006	1.11
174571	1.08
172942	1.06
172329	1.02
180072	0.97
191667	0.91
191677	0.90
3565921	0.89
174333	0.86
171975	0.86
191680	0.78
181036	0.74
176137	0.69
174478	0.67
175096	0.66
175419	0.59
176083	0.58
175972	0.58
179502	0.47
176439	0.44
174203	0.37
191670	0.36
178280	0.35
176358	0.35
175813	0.34
172468	0.30
177364	0.29
175976	0.28
176301	0.26
178074	0.24
174841	0.22
176380	0.21
176807	0.20
176118	0.16
179267	0.15
174423	0.15
177658	0.13
266837	0.06
181250	0.01
172467	-0.02
174669	-0.03
174705	-0.04
178933	-0.05
177873	-0.06
180671	-0.06
174659	-0.08
174458	-0.10
181588	-0.14
178024	-0.16
180040	-0.16
177190	-0.20
172801	-0.21
180357	-0.22
175492	-0.24
181269	-0.24
178577	-0.26
172249	-0.29
180359	-0.33
24104262	-0.34
172243	-0.34
178987	-0.39
266861	-0.40
172732	-0.44
174676	-0.45
179472	-0.47
172893	-0.47
175462	-0.49
191648	-0.50
180942	-0.51
186085	-0.51
172251	-0.52
181705	-0.63
180767	-0.68
177724	-0.71
177985	-0.72
175993	-0.78
181491	-0.78
172268	-0.78
175549	-0.79
266830	-0.80
178121	-0.83
172250	-0.86
180522	-1.05
175525	-1.16
266859	-1.34
180833	-1.57
175493	-1.61
172981	-1.62
175546	-1.80
176287	-1.91
173078	-2.15
176509	-2.49
