179941	8.25
173858	7.59
176118	7.00
174351	6.62
180028	6.18
178943	6.15
173334	6.11
176161	6.09
172044	6.09
172942	5.86
177753	5.61
172959	5.59
174478	5.37
176718	5.34
179936	5.22
171975	5.12
176268	5.07
178089	4.93
175703	4.87
179671	4.75
172858	4.75
177342	4.70
172901	4.55
177503	4.47
174141	4.34
174379	4.25
176503	4.09
174333	3.99
175879	3.94
178988	3.85
175819	3.82
173744	3.81
171602	3.80
174318	3.75
174571	3.70
176891	3.67
176196	3.62
174443	3.58
176146	3.53
173260	3.38
172201	3.36
171692	3.32
179739	3.31
173873	3.30
179534	3.29
174346	3.28
171750	3.26
174330	3.26
178012	3.25
179999	3.20
178536	3.18
175501	3.17
171809	3.15
176071	3.11
178279	3.10
174421	2.89
175972	2.67
178778	2.59
177583	2.50
173235	2.38
172074	2.29
177481	2.28
172802	2.18
178415	2.08
175316	2.06
175877	2.02
178507	1.99
172743	1.97
174676	1.90
177658	1.86
176748	1.80
175549	1.68
174371	1.68
179153	1.50
176373	1.44
174603	1.44
177161	1.37
176385	1.37
172860	1.35
176437	1.33
172329	1.29
24104262	1.23
175716	1.22
174841	1.07
172467	1.04
176137	1.03
175525	0.96
180535	0.93
181036	0.90
178933	0.87
186325	0.84
175993	0.78
177521	0.75
171917	0.73
176301	0.70
175419	0.69
172268	0.69
188792	0.62
179533	0.57
176439	0.54
186326	0.53
174367	0.52
172801	0.51
175006	0.50
180073	0.49
191677	0.47
180671	0.46
172251	0.46
181044	0.44
180040	0.38
174203	0.36
179899	0.36
266861	0.30
176358	0.28
266859	0.24
180522	0.24
180072	0.20
178987	0.20
191670	0.17
174423	0.17
177190	0.13
191680	0.10
174458	0.05
181705	0.05
175976	0.05
180767	0.04
174659	0.01
174705	-0.02
180942	-0.04
172468	-0.04
181491	-0.04
178066	-0.08
174669	-0.17
178866	-0.18
178049	-0.21
3565921	-0.22
176359	-0.23
180359	-0.30
179502	-0.32
178577	-0.35
172243	-0.37
176807	-0.40
191667	-0.41
178024	-0.42
173078	-0.45
172893	-0.46
177364	-0.47
172250	-0.51
179267	-0.53
181250	-0.55
178121	-0.55
178280	-0.62
172249	-0.65
179472	-0.66
176509	-0.70
186085	-0.76
172732	-0.76
175493	-0.78
177724	-0.79
178074	-0.82
181269	-0.86
176287	-0.87
266830	-0.92
175096	-0.92
176083	-0.97
181588	-1.01
175813	-1.01
175492	-1.16
191648	-1.18
175462	-1.18
180357	-1.34
175546	-1.47
172981	-1.49
266837	-1.49
176380	-1.55
180833	-1.78
177985	-2.16
177873	-2.20
