174141	1.71
179472	1.68
178778	1.60
180028	1.52
176718	1.48
176373	1.23
179739	1.14
179153	1.09
174379	1.04
176358	1.00
178943	0.89
173858	0.83
174443	0.82
177753	0.78
172329	0.77
176891	0.71
179671	0.68
174367	0.68
174458	0.67
171692	0.66
172959	0.62
173235	0.61
172201	0.60
175877	0.58
176161	0.56
176503	0.55
171917	0.53
178988	0.53
188792	0.51
178536	0.50
178074	0.48
172901	0.48
176268	0.48
171809	0.46
172250	0.45
178012	0.40
266861	0.39
179936	0.39
180359	0.38
178280	0.38
24104262	0.37
177342	0.36
179779	0.36
176748	0.30
172860	0.29
180942	0.25
176807	0.24
174351	0.23
171975	0.22
175879	0.22
172268	0.21
174333	0.19
174571	0.18
173334	0.18
186326	0.17
179941	0.16
172732	0.14
178577	0.13
3565921	0.12
172801	0.11
171750	0.11
266859	0.10
177985	0.10
186085	0.10
180073	0.09
266837	0.09
181269	0.08
176118	0.08
177583	0.07
180535	0.07
176359	0.06
178049	0.06
176146	0.06
180671	0.06
191677	0.05
178933	0.04
173873	0.04
179534	0.03
174346	0.01
176196	0.01
174423	-0.01
176385	-0.02
181491	-0.03
175976	-0.04
178866	-0.05
175493	-0.05
178089	-0.05
177658	-0.06
179999	-0.08
172981	-0.08
171602	-0.11
266830	-0.12
175703	-0.12
173744	-0.13
176071	-0.14
177521	-0.15
191667	-0.17
179502	-0.17
172468	-0.17
174421	-0.18
178066	-0.20
172074	-0.20
175006	-0.21
176380	-0.25
176083	-0.25
174478	-0.26
173260	-0.27
172243	-0.27
175549	-0.27
172044	-0.28
172942	-0.30
178415	-0.31
177503	-0.31
180040	-0.32
174841	-0.34
179533	-0.34
180767	-0.38
191680	-0.38
175419	-0.40
191670	-0.40
175525	-0.41
175819	-0.42
174676	-0.42
174318	-0.43
172802	-0.45
175972	-0.46
178507	-0.47
191648	-0.47
178987	-0.48
179267	-0.49
177190	-0.55
172467	-0.56
181705	-0.60
177161	-0.60
177481	-0.62
178121	-0.63
175546	-0.67
172249	-0.67
175316	-0.68
175813	-0.68
176287	-0.69
172743	-0.69
174371	-0.69
173078	-0.69
172858	-0.71
177724	-0.71
176301	-0.74
174659	-0.76
176439	-0.76
172251	-0.77
180072	-0.78
175993	-0.78
176137	-0.81
175492	-0.82
175462	-0.83
186325	-0.83
174330	-0.89
181588	-0.89
178279	-0.89
181044	-0.90
174669	-0.91
180833	-0.94
174603	-0.94
177364	-0.95
175716	-0.95
181036	-0.95
176437	-0.98
177873	-1.00
172893	-1.04
176509	-1.08
181250	-1.09
175096	-1.11
180522	-1.16
175501	-1.16
178024	-1.22
174203	-1.32
174705	-1.34
180357	-1.68
