177753	14.68
176161	14.59
178943	13.81
173858	13.52
173334	12.21
178988	12.02
174571	11.27
173744	11.17
171975	10.12
176196	8.58
172942	8.53
175972	8.50
179779	8.25
176118	5.69
175877	5.55
178089	5.55
178536	5.26
179671	4.94
176503	4.87
172329	4.78
175819	4.74
174351	4.57
174318	4.51
174141	4.50
174421	4.45
177342	4.29
175703	4.28
172044	4.17
179534	3.69
176748	3.68
172901	3.34
174330	3.16
174478	3.06
172858	3.04
180028	2.96
172959	2.89
175501	2.89
175879	2.69
174333	2.62
176146	2.59
171917	2.55
177503	2.50
177161	2.48
179936	2.47
171602	2.47
175316	2.41
176268	2.40
178507	2.36
178778	2.34
176071	2.34
177583	2.34
176373	2.31
178415	2.30
177521	2.30
176718	2.25
172802	2.23
174676	2.22
171809	2.17
176301	2.17
172860	2.13
173260	2.13
174346	2.06
173078	2.06
174603	2.01
174379	1.98
176891	1.95
174423	1.91
172201	1.89
171750	1.88
179739	1.85
178012	1.79
172074	1.76
171692	1.68
174203	1.68
174659	1.63
178279	1.59
177481	1.59
175716	1.57
173235	1.52
175096	1.48
174371	1.42
186326	1.41
176385	1.41
175549	1.35
178866	1.24
179999	1.06
174669	1.03
3565921	1.03
177658	1.02
172743	1.02
180040	0.97
180073	0.97
176437	0.97
175006	0.83
174841	0.82
186325	0.79
174443	0.79
175525	0.76
177190	0.68
176359	0.65
174458	0.60
172801	0.57
179472	0.55
24104262	0.53
178066	0.44
176439	0.43
180072	0.39
266859	0.38
266837	0.33
178024	0.22
179899	0.16
175976	0.16
173873	0.14
174367	0.07
172268	0.06
172981	0.04
191677	0.01
176509	-0.00
177364	-0.01
180671	-0.02
172250	-0.03
178987	-0.04
191680	-0.04
191670	-0.11
181036	-0.11
175546	-0.14
266861	-0.17
178280	-0.18
179153	-0.18
179533	-0.20
181491	-0.25
180522	-0.25
176358	-0.28
172467	-0.29
175419	-0.30
172468	-0.33
176807	-0.35
191667	-0.38
180359	-0.44
188792	-0.44
172732	-0.45
180535	-0.48
181705	-0.48
175493	-0.51
174705	-0.51
180357	-0.52
175813	-0.52
181250	-0.52
178577	-0.56
178049	-0.57
180942	-0.58
172251	-0.59
181588	-0.64
178933	-0.64
176137	-0.73
175993	-0.76
179502	-0.78
179267	-0.82
178121	-0.85
180767	-0.94
175462	-0.96
172249	-0.98
191648	-1.03
186085	-1.03
172243	-1.08
177985	-1.11
172893	-1.18
181269	-1.19
180833	-1.21
181044	-1.22
266830	-1.35
176287	-1.40
177873	-1.43
178074	-1.63
177724	-1.63
176083	-1.67
175492	-2.05
176380	-2.32
