177583	6.23
176268	5.23
172074	4.73
176503	4.64
174333	4.33
177481	4.31
172858	4.26
175879	4.24
178089	4.17
178415	4.15
173260	3.93
177161	3.91
172044	3.91
172329	3.89
178866	3.82
178012	3.82
174371	3.78
171917	3.73
171809	3.63
175316	3.60
174346	3.58
179739	3.45
179534	3.43
175501	3.36
176891	3.32
178536	3.31
176071	3.30
179779	3.20
174841	3.20
171692	3.19
176748	3.11
175006	3.05
172201	2.97
175703	2.95
171602	2.91
180040	2.88
174351	2.80
174421	2.77
181044	2.75
172802	2.74
178988	2.72
174659	2.72
3565921	2.70
173235	2.64
172959	2.62
172901	2.62
177190	2.62
176385	2.61
174318	2.60
175819	2.54
176146	2.53
174330	2.50
172743	2.50
266859	2.49
178507	2.46
178279	2.45
176373	2.40
178778	2.39
171750	2.36
175716	2.36
172468	2.28
180535	2.25
175525	2.22
175549	2.21
179936	2.17
172268	2.17
176118	2.15
176301	2.10
173744	2.03
174443	1.99
177503	1.98
174379	1.96
176718	1.93
266830	1.90
174367	1.86
176358	1.86
178280	1.83
178943	1.82
179533	1.80
174478	1.76
177658	1.67
179671	1.62
173873	1.56
181036	1.56
172801	1.51
173334	1.50
172942	1.49
175096	1.46
174571	1.31
180522	1.29
177753	1.23
176439	1.22
175976	1.21
176437	1.18
179502	1.16
266861	1.11
174603	1.07
179941	1.06
171975	1.01
176196	0.99
176161	0.97
174676	0.95
175813	0.83
177873	0.83
173858	0.81
172860	0.79
172467	0.76
175462	0.72
176083	0.72
175419	0.71
172250	0.71
181250	0.69
176380	0.66
175972	0.58
178074	0.57
174458	0.54
176359	0.51
174141	0.42
180028	0.35
179153	0.35
175877	0.35
178121	0.35
174669	0.32
180671	0.31
177724	0.27
181269	0.26
172249	0.22
186085	0.21
180357	0.19
180942	0.10
180359	0.10
174705	0.06
174203	0.04
176287	0.01
177342	-0.02
176509	-0.03
180767	-0.04
175546	-0.05
179899	-0.08
181588	-0.08
181705	-0.09
178024	-0.11
178049	-0.14
179267	-0.19
176807	-0.21
191670	-0.24
178577	-0.25
181491	-0.27
179472	-0.28
24104262	-0.28
191648	-0.31
177521	-0.46
186326	-0.54
176137	-0.62
175993	-0.62
186325	-0.64
180073	-0.69
188792	-0.71
172893	-0.73
175493	-0.85
172732	-0.85
172251	-0.90
191677	-0.90
178066	-0.92
175492	-0.93
180072	-0.94
180833	-0.98
172981	-1.00
177985	-1.01
174423	-1.07
266837	-1.22
191680	-1.23
172243	-1.37
173078	-1.42
178933	-1.49
178987	-1.51
191667	-1.77
177364	-1.92
