180028	6.65
176118	5.94
175316	5.37
179779	5.22
179739	5.19
174443	4.72
174379	4.71
176718	4.67
171750	4.60
174571	4.47
173873	4.46
178089	4.24
172044	4.23
175879	4.21
171692	4.16
176071	4.16
176268	4.14
172901	4.10
174478	4.06
176146	4.03
177503	3.94
172858	3.63
172959	3.59
171809	3.58
172201	3.55
175501	3.51
176891	3.50
177583	3.46
171602	3.45
173260	3.43
178778	3.42
173858	3.34
174351	3.32
172942	3.24
173235	3.17
178012	3.11
171975	3.05
175819	3.02
174371	2.98
177481	2.85
174421	2.80
174346	2.62
175716	2.53
179941	2.47
179153	2.42
175703	2.31
176373	2.31
179999	2.17
178536	2.15
174423	2.03
179671	1.96
178415	1.78
174333	1.75
174318	1.72
191677	1.65
177342	1.64
178279	1.54
3565921	1.51
172074	1.50
24104262	1.48
176748	1.47
172743	1.41
175006	1.41
173334	1.34
174603	1.31
178066	1.22
176161	1.13
180535	1.11
186085	1.03
176359	1.00
186326	0.93
178943	0.92
181036	0.87
178507	0.78
174141	0.74
177658	0.73
180073	0.72
174330	0.68
188792	0.65
191680	0.64
174367	0.58
176437	0.57
172860	0.50
179899	0.39
177521	0.38
191667	0.38
172329	0.29
181588	0.26
176503	0.24
175976	0.23
175525	0.22
191670	0.22
175419	0.21
180522	0.18
176196	0.13
186325	0.08
173744	0.06
175993	0.01
173078	-0.02
180072	-0.02
177753	-0.03
172468	-0.07
179533	-0.09
172243	-0.10
180671	-0.12
176301	-0.16
174203	-0.16
266861	-0.16
176358	-0.17
175549	-0.19
172801	-0.26
178933	-0.29
179267	-0.29
175462	-0.33
172268	-0.34
266859	-0.34
176137	-0.36
178988	-0.38
178577	-0.41
181705	-0.41
178024	-0.42
178049	-0.44
177985	-0.46
180357	-0.47
177364	-0.49
172802	-0.51
172467	-0.53
175972	-0.53
191648	-0.57
178121	-0.62
175546	-0.63
179472	-0.63
178866	-0.63
181269	-0.64
266830	-0.65
175096	-0.67
179534	-0.67
176439	-0.71
172249	-0.72
172250	-0.76
174841	-0.80
181044	-0.80
177724	-0.83
180359	-0.85
174705	-0.86
180767	-0.87
176807	-0.88
181250	-0.89
172981	-0.91
172732	-0.91
175877	-0.97
175813	-1.01
266837	-1.02
175492	-1.02
176385	-1.03
178987	-1.06
176287	-1.09
172251	-1.09
171917	-1.15
180942	-1.17
179502	-1.17
174669	-1.24
177161	-1.25
177190	-1.26
174458	-1.27
180040	-1.27
180833	-1.28
176083	-1.37
175493	-1.42
177873	-1.43
181491	-1.48
178280	-1.53
174659	-1.56
178074	-1.69
176380	-1.82
172893	-2.15
176509	-2.48
174676	-2.72
