180073	18.44
186326	15.38
177521	13.28
179267	13.25
191667	12.98
186325	12.14
191670	10.53
178049	10.10
191680	9.90
191677	9.66
178066	9.64
172860	9.06
188792	7.35
176301	1.88
176807	1.70
179671	1.65
175525	1.55
178866	1.54
176385	1.43
172802	1.42
171917	1.32
174379	1.27
176439	1.17
176718	1.11
174367	1.11
173744	1.06
176146	1.06
177161	1.03
174318	1.03
173334	1.02
174841	1.01
179739	0.97
3565921	0.93
178943	0.90
180522	0.89
178577	0.88
175006	0.85
175493	0.85
178987	0.85
178279	0.78
178024	0.77
173235	0.76
176748	0.75
180357	0.74
177724	0.67
176358	0.63
180535	0.63
172251	0.62
177658	0.61
174659	0.58
172743	0.57
180040	0.53
178012	0.53
178988	0.52
174203	0.52
172201	0.51
172074	0.51
181250	0.51
176503	0.50
180767	0.49
172732	0.47
174603	0.45
176161	0.44
172468	0.42
174346	0.41
176196	0.40
179941	0.39
172959	0.36
179502	0.34
179533	0.34
178121	0.34
173873	0.33
177481	0.31
171692	0.31
172249	0.29
175813	0.28
173260	0.28
175703	0.27
178536	0.27
176071	0.27
174371	0.27
180028	0.25
178415	0.25
171602	0.24
174458	0.23
175976	0.23
172243	0.22
266859	0.22
179779	0.20
174443	0.20
177190	0.19
172268	0.19
176359	0.19
180359	0.15
172901	0.14
174141	0.12
177342	0.11
175716	0.11
172329	0.10
171975	0.10
176437	0.09
181036	0.06
175462	0.04
177583	0.03
266837	0.03
171750	0.02
174330	0.00
174333	0.00
177753	-0.00
177503	-0.00
179936	-0.02
172942	-0.06
176137	-0.08
176891	-0.10
176373	-0.10
175419	-0.11
177873	-0.11
175972	-0.12
179153	-0.12
178778	-0.13
177364	-0.13
180942	-0.14
175819	-0.16
172981	-0.16
176380	-0.16
175879	-0.17
175877	-0.18
175993	-0.19
266830	-0.19
173858	-0.20
176118	-0.20
176509	-0.22
186085	-0.22
171809	-0.24
176268	-0.24
173078	-0.25
174423	-0.26
174676	-0.27
178089	-0.28
179472	-0.30
191648	-0.32
181705	-0.32
175096	-0.34
175492	-0.36
178933	-0.37
172250	-0.37
174421	-0.38
172893	-0.39
172858	-0.39
179534	-0.42
181044	-0.42
175501	-0.43
174669	-0.45
175546	-0.46
172801	-0.48
180833	-0.48
174705	-0.48
174571	-0.49
178280	-0.53
181491	-0.57
174351	-0.59
180671	-0.59
178507	-0.61
172044	-0.64
177985	-0.68
176287	-0.68
172467	-0.70
179899	-0.78
175549	-0.79
24104262	-0.86
179999	-0.94
175316	-0.99
174478	-1.04
181588	-1.05
266861	-1.09
178074	-1.15
181269	-1.36
176083	-1.40
