177161	15.37
266859	12.47
174659	12.47
175525	9.60
172802	9.19
176301	8.32
172268	8.19
174841	7.35
177658	6.95
176503	6.52
171917	6.48
176385	6.14
172329	6.12
176439	6.05
178280	5.99
176287	5.89
178866	5.81
176359	5.69
172801	5.66
266830	5.60
179534	5.53
175976	5.44
172468	5.41
175813	5.36
177873	4.96
176358	4.94
3565921	4.91
175006	4.87
174333	4.32
174676	4.22
179502	4.19
176748	4.17
172251	4.16
179671	4.14
174458	3.89
178536	3.80
174603	3.20
172860	3.08
173744	3.02
179999	2.88
175549	2.57
172249	2.51
177753	2.42
266861	2.40
178074	2.26
175877	2.22
177190	2.03
179533	2.03
180522	2.02
178988	2.01
181044	1.81
186325	1.80
175716	1.68
174669	1.64
176373	1.63
172959	1.60
176509	1.51
175972	1.45
178049	1.43
186326	1.43
175096	1.37
181036	1.31
173334	1.29
176196	1.27
178943	1.27
174367	1.25
174318	1.15
172942	1.11
176437	1.08
178778	1.05
172074	1.02
179941	0.97
174346	0.92
177521	0.92
191677	0.86
266837	0.82
178507	0.82
171809	0.81
177481	0.79
175493	0.78
178066	0.70
176268	0.69
178279	0.67
188792	0.65
176161	0.62
180073	0.61
174371	0.61
178012	0.60
177342	0.60
180359	0.56
178121	0.55
180072	0.53
179267	0.52
181250	0.52
173858	0.49
172743	0.46
180357	0.43
191670	0.43
180767	0.41
181588	0.40
172893	0.39
179779	0.38
176071	0.38
174571	0.36
174330	0.34
174705	0.33
176083	0.33
175419	0.32
175879	0.31
180028	0.30
175819	0.25
180942	0.23
177583	0.19
174203	0.18
180535	0.17
173078	0.17
174421	0.16
175501	0.16
175462	0.12
191680	0.08
172981	0.05
180833	0.03
191667	0.02
181491	-0.03
172044	-0.03
178024	-0.10
178987	-0.15
179739	-0.16
175703	-0.20
171692	-0.22
175316	-0.24
172467	-0.25
172201	-0.25
174478	-0.27
172732	-0.28
172901	-0.29
176891	-0.31
179899	-0.32
171975	-0.33
173260	-0.33
175546	-0.34
178577	-0.34
177724	-0.35
181705	-0.37
177503	-0.38
179153	-0.40
172858	-0.41
176146	-0.48
181269	-0.48
171602	-0.50
174141	-0.55
176380	-0.57
176137	-0.58
191648	-0.62
180671	-0.63
178415	-0.66
174379	-0.66
174351	-0.70
172250	-0.73
176118	-0.82
173235	-0.86
178933	-0.90
174443	-0.91
177364	-0.95
24104262	-0.95
172243	-1.02
176807	-1.04
177985	-1.11
179472	-1.11
176718	-1.11
186085	-1.17
174423	-1.19
178089	-1.24
171750	-1.25
179936	-1.27
175993	-1.28
175492	-1.30
173873	-1.32
