179936	6.65
179779	6.18
174443	5.32
176718	5.27
177503	5.26
173873	5.13
171750	4.78
172942	4.74
174379	4.73
176891	4.34
179671	4.29
173858	4.29
172901	4.28
176071	4.23
178943	4.18
176161	4.16
174423	4.14
176146	4.04
175879	4.03
174141	4.02
176118	4.00
179739	4.00
171602	3.96
175501	3.85
171975	3.85
175819	3.64
179534	3.56
178279	3.53
174478	3.50
178012	3.32
177342	3.29
178089	3.29
174351	3.23
172201	3.05
177583	3.05
174421	2.98
171692	2.98
172743	2.97
179941	2.96
176503	2.93
172044	2.91
173235	2.86
178778	2.78
173334	2.76
174571	2.74
173260	2.72
179153	2.52
174603	2.51
177753	2.50
177481	2.48
172858	2.40
174333	2.38
176373	2.35
175716	2.30
174330	2.28
175525	2.27
172074	2.19
175703	2.17
175316	1.98
174371	1.95
174318	1.93
176196	1.85
176358	1.76
178507	1.68
175006	1.64
177521	1.63
172959	1.62
176437	1.61
179899	1.52
191677	1.45
177658	1.44
175972	1.41
178536	1.40
180535	1.33
175993	1.25
176268	1.23
186325	1.22
191670	1.20
172860	1.17
176359	1.13
178066	1.11
178933	1.09
173744	1.08
174367	1.07
186326	1.06
191667	1.04
181036	1.01
174203	0.98
175877	0.97
174346	0.92
172329	0.90
171809	0.90
188792	0.83
174841	0.78
176301	0.72
177161	0.71
172467	0.70
180073	0.69
191680	0.60
172801	0.60
179533	0.57
180942	0.56
175419	0.55
266861	0.53
172802	0.47
178866	0.47
175976	0.47
3565921	0.42
175492	0.41
178988	0.38
179999	0.35
179267	0.32
180040	0.30
178280	0.30
176385	0.29
172268	0.28
181491	0.26
180072	0.25
181044	0.25
172468	0.23
178415	0.22
181588	0.21
179502	0.16
176807	0.11
266859	0.09
177985	0.05
180359	0.04
176748	0.00
178074	-0.01
175493	-0.03
177724	-0.05
171917	-0.06
176439	-0.07
177190	-0.09
179472	-0.11
175813	-0.12
174669	-0.16
175549	-0.16
24104262	-0.18
175462	-0.19
178024	-0.21
178049	-0.21
266837	-0.25
186085	-0.28
172732	-0.34
172250	-0.43
172249	-0.48
172251	-0.50
180671	-0.51
180767	-0.55
176137	-0.59
178987	-0.59
177364	-0.67
176083	-0.69
177873	-0.72
181269	-0.81
174705	-0.83
178577	-0.86
176380	-0.86
175546	-0.95
172243	-0.99
180522	-0.99
173078	-1.04
180833	-1.13
174659	-1.18
266830	-1.19
172981	-1.24
178121	-1.36
174458	-1.52
181250	-1.54
176287	-1.61
175096	-1.62
172893	-1.64
174676	-1.67
180357	-1.87
191648	-1.91
176509	-1.94
181705	-2.01
