180072	18.44
177521	15.84
191667	15.54
179267	14.07
186326	12.70
186325	11.80
191680	11.19
172860	10.39
191677	10.28
178066	8.63
191670	8.49
178049	7.82
188792	6.91
174379	2.37
173235	2.13
179671	2.06
179739	2.03
180535	1.91
171917	1.86
176718	1.66
177161	1.65
172201	1.62
176146	1.61
172802	1.58
176301	1.57
175525	1.55
173744	1.50
178012	1.50
173334	1.49
171750	1.32
176268	1.30
178866	1.30
174346	1.29
171692	1.22
176385	1.20
174443	1.15
174367	1.12
176503	1.11
176161	1.06
176439	1.03
174203	1.02
177481	0.98
172074	0.97
179941	0.97
178943	0.96
172901	0.93
176358	0.92
171975	0.91
172468	0.91
178988	0.90
173858	0.88
173260	0.86
176118	0.84
172251	0.84
174841	0.77
173873	0.75
172743	0.75
174659	0.73
178987	0.73
179936	0.72
175976	0.69
180028	0.69
176071	0.69
174371	0.68
180522	0.68
174141	0.65
178279	0.65
175006	0.62
180040	0.61
175493	0.60
174318	0.58
180671	0.58
172959	0.56
171602	0.55
175419	0.54
175879	0.54
176891	0.49
179779	0.49
175813	0.48
176807	0.48
178024	0.44
266859	0.43
178778	0.43
172801	0.42
178415	0.42
178577	0.37
3565921	0.37
179533	0.36
174603	0.35
177753	0.32
172942	0.28
177583	0.27
176748	0.25
172268	0.22
174330	0.22
172329	0.20
175877	0.19
181036	0.19
176196	0.18
174458	0.18
176373	0.18
181250	0.16
177342	0.15
174571	0.14
171809	0.12
172249	0.12
175972	0.12
179899	0.09
176359	0.09
174333	0.08
172732	0.07
191648	0.03
175462	0.02
179153	-0.01
174669	-0.03
178536	-0.04
177503	-0.06
174423	-0.06
177658	-0.07
180942	-0.07
176437	-0.10
178280	-0.10
177724	-0.14
178933	-0.17
186085	-0.22
177873	-0.26
174705	-0.26
175703	-0.28
179502	-0.33
266830	-0.33
178507	-0.34
178121	-0.35
177190	-0.36
180357	-0.38
176137	-0.38
175819	-0.38
180767	-0.39
181044	-0.40
172044	-0.42
178089	-0.44
266837	-0.46
175316	-0.48
175096	-0.51
177364	-0.57
174676	-0.58
179472	-0.59
179534	-0.60
172467	-0.67
179999	-0.69
175716	-0.70
175501	-0.72
180359	-0.79
172243	-0.81
173078	-0.81
174351	-0.81
175549	-0.82
172893	-0.82
181269	-0.83
24104262	-0.84
181705	-0.88
172858	-0.89
172250	-0.92
177985	-0.99
176509	-0.99
172981	-0.99
174421	-1.00
181491	-1.03
180833	-1.04
176380	-1.05
175492	-1.05
181588	-1.06
174478	-1.09
175993	-1.09
175546	-1.17
178074	-1.20
266861	-1.42
176287	-1.53
176083	-1.62
