175462	4.79
178987	4.36
174705	3.69
181250	3.67
178024	3.61
172893	3.11
176137	3.03
176380	2.86
180359	2.53
180522	2.16
175492	1.93
172981	1.78
181044	1.73
266837	1.68
180833	1.64
181588	1.58
173260	1.54
180942	1.47
180767	1.45
172243	1.45
179267	1.36
181036	1.18
181269	1.12
174367	1.07
172074	1.06
177190	1.01
181491	1.00
181705	1.00
191648	0.98
176509	0.98
172732	0.93
174659	0.84
177481	0.82
178121	0.80
175501	0.78
178866	0.77
24104262	0.77
180671	0.74
180072	0.74
3565921	0.72
175419	0.68
180535	0.62
174458	0.61
172743	0.60
178577	0.56
177583	0.53
172201	0.52
178049	0.50
172901	0.50
176287	0.50
177985	0.48
180040	0.43
176083	0.38
174203	0.37
173078	0.35
172251	0.34
178074	0.32
174351	0.31
186326	0.29
266830	0.29
174371	0.27
179502	0.27
176301	0.27
171602	0.25
175877	0.23
177503	0.22
186325	0.21
175716	0.21
171692	0.20
174421	0.20
179153	0.20
176718	0.20
179999	0.19
178089	0.16
174676	0.15
177364	0.15
175549	0.15
175972	0.14
176891	0.11
176118	0.10
172802	0.10
174379	0.09
173235	0.09
179533	0.08
172249	0.08
191667	0.08
177521	0.05
175493	0.05
178012	0.03
178507	0.02
176146	0.01
176437	0.00
172468	0.00
175813	-0.04
178280	-0.05
176071	-0.07
266859	-0.10
175819	-0.10
176439	-0.12
178536	-0.12
175096	-0.13
175993	-0.15
175316	-0.16
174346	-0.17
172467	-0.19
177658	-0.19
177724	-0.20
179739	-0.22
172268	-0.23
175006	-0.27
171917	-0.27
175879	-0.27
191670	-0.27
174478	-0.29
176358	-0.29
172329	-0.30
171809	-0.33
175546	-0.33
171750	-0.33
172860	-0.34
174423	-0.35
172801	-0.37
179534	-0.37
180073	-0.38
174841	-0.41
178066	-0.42
176385	-0.44
178943	-0.45
176748	-0.46
176807	-0.46
177873	-0.46
179936	-0.47
174669	-0.49
177161	-0.51
179941	-0.52
172858	-0.55
174333	-0.55
172044	-0.56
186085	-0.58
175525	-0.60
172250	-0.63
178778	-0.64
174318	-0.64
178415	-0.65
174330	-0.69
174603	-0.69
175703	-0.70
178279	-0.71
176196	-0.72
177753	-0.72
179671	-0.73
176359	-0.82
178933	-0.82
191677	-0.86
176373	-0.88
172959	-0.90
173873	-0.90
191680	-0.92
176268	-0.94
174443	-0.94
175976	-0.99
174141	-1.02
188792	-1.04
173744	-1.08
172942	-1.27
173334	-1.28
178988	-1.29
174571	-1.30
176161	-1.34
179779	-1.34
266861	-1.41
173858	-1.45
176503	-1.50
179472	-1.55
171975	-1.68
179899	-1.68
177342	-1.77
180028	-1.87
