178987	4.20
172981	4.07
180833	3.74
176437	3.65
175419	3.30
175993	3.27
181044	3.20
174423	2.78
178074	2.74
178507	2.65
266837	2.62
181705	2.61
172732	2.55
181491	2.54
180357	2.53
180942	2.50
177190	2.36
174705	2.29
174367	2.29
172074	2.28
172743	2.14
175316	2.09
175716	1.99
175501	1.99
178577	1.96
175549	1.89
181036	1.88
177724	1.88
180767	1.85
175877	1.81
176509	1.78
172893	1.68
178933	1.65
173078	1.63
174458	1.60
176380	1.56
173260	1.53
175462	1.52
174371	1.47
174841	1.46
180671	1.43
174659	1.28
179472	1.26
175492	1.26
176137	1.25
181269	1.21
177583	1.19
179534	1.19
175546	1.19
171602	1.16
174421	1.15
177481	1.12
171809	1.08
178012	1.07
174141	1.07
176301	1.03
181250	1.00
175819	0.93
178121	0.90
180535	0.87
175879	0.83
176385	0.82
177985	0.76
173744	0.65
181588	0.65
174603	0.60
178280	0.57
180040	0.56
172201	0.51
186085	0.49
173235	0.48
178866	0.45
176083	0.42
176118	0.41
179899	0.38
172901	0.38
176891	0.37
174346	0.36
177364	0.35
177342	0.33
178536	0.32
172942	0.31
176807	0.24
171692	0.22
180522	0.18
174478	0.17
180072	0.15
176146	0.13
179999	0.10
175525	0.07
177658	0.06
180028	0.04
173334	0.03
175703	0.02
172251	0.02
179671	0.01
176071	0.01
175493	-0.01
177503	-0.03
175006	-0.07
174318	-0.10
177753	-0.10
176287	-0.15
172858	-0.20
172243	-0.20
188792	-0.20
178943	-0.26
179153	-0.26
175972	-0.28
179533	-0.30
179779	-0.30
178089	-0.32
174333	-0.32
176748	-0.33
179739	-0.33
172250	-0.37
191670	-0.37
177161	-0.38
3565921	-0.40
172860	-0.40
191648	-0.41
179941	-0.44
172329	-0.47
176439	-0.50
176268	-0.51
174351	-0.53
191667	-0.54
178279	-0.54
172044	-0.57
174676	-0.58
178049	-0.60
174669	-0.60
266861	-0.60
179502	-0.64
191680	-0.65
174330	-0.66
266830	-0.66
174571	-0.67
175096	-0.67
174379	-0.68
171975	-0.70
176358	-0.71
172801	-0.72
178024	-0.74
172959	-0.76
180073	-0.79
178415	-0.79
173873	-0.84
24104262	-0.84
179936	-0.85
176373	-0.85
178066	-0.87
173858	-0.87
176196	-0.89
186326	-0.89
172468	-0.98
179267	-1.00
171750	-1.01
174443	-1.02
178778	-1.06
186325	-1.07
172467	-1.08
176718	-1.08
172802	-1.11
175976	-1.20
176503	-1.31
191677	-1.37
177873	-1.38
266859	-1.38
174203	-1.40
172268	-1.44
175813	-1.63
171917	-1.72
176359	-1.74
176161	-1.76
177521	-1.88
172249	-2.08
178988	-2.08
