174367	16.72
175879	10.04
176891	10.01
172201	9.53
178012	9.13
174379	9.09
172901	8.81
171602	8.73
179739	8.42
176718	8.40
176071	8.38
174443	8.24
176146	8.08
173235	8.02
177503	7.91
171692	7.76
171750	7.56
173260	7.51
174371	7.47
172074	7.06
177481	7.06
173873	6.97
175501	6.60
177583	6.41
181044	6.02
179153	5.05
172743	4.60
178279	3.81
174346	2.94
171917	2.63
176503	2.63
181036	2.57
178778	2.27
179999	2.25
176268	2.20
180073	1.91
175419	1.84
174330	1.76
186325	1.73
177521	1.70
186326	1.69
180767	1.68
174705	1.66
181250	1.66
176748	1.52
172802	1.50
177161	1.43
179671	1.43
180028	1.33
191667	1.29
180942	1.27
172860	1.27
178507	1.27
174318	1.21
178987	1.19
180671	1.19
178866	1.19
172732	1.13
176437	1.12
179936	1.11
176359	1.10
175716	1.08
174333	1.02
178280	1.02
3565921	0.94
178415	0.94
179779	0.93
173334	0.92
180359	0.87
178024	0.84
179267	0.79
172329	0.75
174421	0.72
191680	0.68
176385	0.68
172893	0.67
175819	0.67
180072	0.63
180357	0.62
191670	0.61
177753	0.59
173744	0.57
178933	0.55
178049	0.53
181269	0.47
176137	0.46
175877	0.43
174351	0.42
176161	0.40
175976	0.38
178943	0.34
172801	0.32
181705	0.26
174203	0.25
172044	0.24
177342	0.23
180522	0.22
191648	0.20
179534	0.19
188792	0.18
180040	0.17
175525	0.14
178988	0.11
171809	0.11
178089	0.09
179899	0.07
177873	0.06
176118	0.06
176373	0.04
266837	0.01
178066	0.00
179533	-0.02
176439	-0.05
175813	-0.05
181491	-0.06
176196	-0.07
175462	-0.14
175993	-0.14
178074	-0.14
174141	-0.15
175006	-0.16
172467	-0.17
172942	-0.17
174423	-0.17
172959	-0.19
173858	-0.20
174571	-0.20
178121	-0.20
174841	-0.21
191677	-0.22
172243	-0.25
175316	-0.28
177724	-0.29
172858	-0.29
176358	-0.32
174478	-0.32
176083	-0.35
175492	-0.36
175703	-0.36
178577	-0.36
180833	-0.36
181588	-0.39
177190	-0.42
172251	-0.43
174659	-0.44
174676	-0.45
175546	-0.45
266859	-0.46
172268	-0.48
179941	-0.48
174458	-0.52
266861	-0.54
172249	-0.54
172468	-0.62
171975	-0.64
175493	-0.67
176807	-0.68
176380	-0.68
179472	-0.74
178536	-0.80
177364	-0.94
177658	-1.01
175972	-1.06
176287	-1.16
176301	-1.22
179502	-1.26
24104262	-1.31
175096	-1.31
174669	-1.35
186085	-1.37
176509	-1.38
266830	-1.48
175549	-1.56
174603	-1.66
177985	-1.86
172981	-2.14
173078	-2.20
172250	-2.29
