181491	4.27
175493	3.92
175492	3.65
176380	3.30
174421	2.94
172959	2.79
176287	2.77
173078	2.65
175546	2.62
174659	2.54
171809	2.31
180357	2.16
172802	2.15
174676	2.05
175972	2.05
180040	2.02
174318	1.94
176509	1.92
177190	1.74
177985	1.72
181588	1.66
174478	1.64
178415	1.64
181705	1.63
174330	1.56
180671	1.55
172981	1.55
171917	1.54
175549	1.46
173334	1.44
177161	1.40
176439	1.36
175993	1.33
179999	1.29
176301	1.29
179671	1.24
175716	1.23
172251	1.21
177364	1.20
178933	1.19
176748	1.18
181044	1.14
175703	1.14
172044	1.11
178536	1.05
176083	1.05
179533	1.02
191677	1.01
177658	1.00
174603	0.99
174351	0.97
181036	0.96
174333	0.96
179534	0.96
176807	0.89
180072	0.89
3565921	0.88
175006	0.88
266837	0.82
172743	0.81
174458	0.80
266830	0.74
174669	0.74
266859	0.74
179267	0.71
181250	0.70
174367	0.69
180833	0.69
180073	0.68
177481	0.68
174841	0.67
174346	0.66
176137	0.65
175462	0.63
175419	0.63
176385	0.61
172243	0.58
175819	0.57
191670	0.56
172732	0.56
172468	0.55
178988	0.54
178074	0.53
181269	0.49
175316	0.48
177583	0.47
172858	0.46
172249	0.45
186326	0.42
186325	0.36
178121	0.35
176118	0.35
180942	0.34
175096	0.34
178089	0.34
191648	0.31
176268	0.30
178024	0.27
177521	0.27
179779	0.24
180535	0.22
178577	0.19
174705	0.19
179936	0.18
180359	0.18
172893	0.17
178066	0.17
176437	0.16
174371	0.15
173744	0.15
172860	0.12
176071	0.10
175525	0.06
173260	0.03
172467	-0.03
180767	-0.07
191667	-0.11
176358	-0.15
176891	-0.19
171975	-0.20
174423	-0.21
173235	-0.23
179941	-0.25
178049	-0.26
172268	-0.32
266861	-0.35
191680	-0.38
176196	-0.39
172074	-0.41
178279	-0.43
176503	-0.45
172329	-0.47
178012	-0.48
174141	-0.49
172801	-0.51
176161	-0.52
24104262	-0.53
178507	-0.54
174379	-0.56
174571	-0.57
178987	-0.63
174203	-0.67
173858	-0.68
172201	-0.72
175501	-0.72
176718	-0.75
175877	-0.79
178866	-0.81
179472	-0.86
172942	-0.87
176359	-0.88
179153	-0.97
171750	-0.98
179502	-0.99
180028	-0.99
171692	-1.00
176146	-1.01
177724	-1.05
179739	-1.05
175879	-1.11
177753	-1.12
179899	-1.16
173873	-1.18
177342	-1.18
178943	-1.22
188792	-1.25
178280	-1.32
175813	-1.40
186085	-1.44
174443	-1.46
177503	-1.47
172901	-1.59
175976	-1.65
177873	-1.66
171602	-1.69
176373	-1.76
178778	-2.16
172250	-2.19
