175419	3.37
180833	3.31
181269	3.07
181705	2.12
180942	2.02
181036	1.87
178987	1.86
180522	1.55
172732	1.54
180359	1.43
172893	1.38
174367	1.35
180767	1.28
181491	1.27
172981	1.25
181044	1.24
180535	1.19
179533	1.01
172243	0.94
175716	0.87
172858	0.82
172959	0.81
191648	0.81
174318	0.80
180357	0.74
178121	0.70
176118	0.70
175316	0.69
181588	0.67
172901	0.66
174478	0.64
181250	0.61
173260	0.60
180073	0.58
176380	0.54
174141	0.54
176146	0.53
176071	0.48
179779	0.46
172044	0.46
174676	0.43
171809	0.41
175972	0.38
174443	0.38
171602	0.33
179999	0.31
176385	0.30
176287	0.29
177503	0.27
178943	0.26
173235	0.26
176137	0.26
177190	0.24
174351	0.24
177161	0.19
176161	0.16
171975	0.16
174379	0.15
172201	0.14
174421	0.14
171692	0.13
176891	0.11
172468	0.10
266861	0.10
177724	0.10
174603	0.09
177481	0.08
266837	0.08
178074	0.06
179899	0.06
176503	0.05
175993	0.05
176437	0.03
24104262	0.02
178024	-0.01
179941	-0.02
174330	-0.03
191670	-0.04
177985	-0.05
191680	-0.05
179739	-0.06
179671	-0.07
174371	-0.08
175546	-0.09
179936	-0.12
178049	-0.14
175819	-0.15
176301	-0.15
173873	-0.15
175096	-0.16
174423	-0.17
172329	-0.17
172860	-0.19
186326	-0.19
176083	-0.21
172074	-0.25
172743	-0.26
176807	-0.26
186325	-0.27
178012	-0.27
174346	-0.27
173334	-0.28
171750	-0.28
175549	-0.29
179534	-0.29
178933	-0.29
191667	-0.29
178988	-0.33
173078	-0.34
176718	-0.35
179502	-0.36
3565921	-0.36
174571	-0.37
177364	-0.37
175703	-0.39
172802	-0.42
191677	-0.43
175877	-0.44
175525	-0.46
175462	-0.46
178089	-0.46
177521	-0.48
174841	-0.50
178279	-0.50
173858	-0.51
180028	-0.51
175492	-0.52
178280	-0.52
172251	-0.53
176268	-0.55
178536	-0.56
266859	-0.56
186085	-0.57
178778	-0.58
174669	-0.59
180072	-0.59
176509	-0.62
175879	-0.63
173744	-0.63
180040	-0.63
176439	-0.64
172942	-0.65
177753	-0.67
174458	-0.67
177658	-0.70
179267	-0.70
179153	-0.70
188792	-0.70
172801	-0.70
176196	-0.78
175006	-0.83
176358	-0.85
176748	-0.85
178415	-0.89
266830	-0.89
175501	-0.92
172249	-0.96
174333	-1.01
178577	-1.01
174659	-1.12
178066	-1.14
172268	-1.16
177873	-1.16
171917	-1.23
177342	-1.26
176373	-1.30
174705	-1.31
177583	-1.38
178866	-1.39
172250	-1.40
175813	-1.48
176359	-1.55
179472	-1.58
172467	-1.70
175976	-1.76
178507	-1.94
175493	-1.95
174203	-2.09
