179533	9.62
181044	5.91
174367	3.31
179534	3.26
181036	3.10
172893	2.92
175419	2.84
180942	2.82
180833	2.32
266837	2.26
176071	2.23
175716	1.87
180359	1.85
174423	1.82
176380	1.80
178507	1.77
172074	1.71
180535	1.68
176509	1.65
176437	1.57
172981	1.54
176287	1.54
174478	1.53
172743	1.51
180357	1.45
172858	1.44
174333	1.43
178074	1.42
179153	1.37
175501	1.31
180671	1.28
178866	1.23
176083	1.13
178987	1.07
178279	1.04
181250	0.94
177658	0.86
172802	0.86
175993	0.83
177190	0.83
178121	0.83
174371	0.80
174676	0.75
175462	0.74
175492	0.73
173260	0.71
171692	0.68
3565921	0.55
176891	0.54
180072	0.49
172249	0.47
180040	0.41
173078	0.38
172732	0.38
175879	0.36
172901	0.36
176146	0.35
171602	0.35
176137	0.33
175819	0.32
178933	0.29
181588	0.28
175703	0.25
172959	0.24
174421	0.23
174705	0.18
174203	0.16
177583	0.12
178024	0.11
177503	0.10
178577	0.09
178049	0.06
266861	0.06
172201	0.05
174841	0.04
179779	0.04
191680	0.03
177481	0.03
178280	-0.00
179999	-0.04
173873	-0.06
172251	-0.07
180522	-0.07
179267	-0.09
174351	-0.09
178012	-0.10
172860	-0.11
191670	-0.11
181491	-0.16
176503	-0.17
179472	-0.18
171809	-0.18
191667	-0.21
172250	-0.21
174659	-0.24
177985	-0.26
174346	-0.26
174330	-0.26
178536	-0.27
177724	-0.31
176196	-0.32
181269	-0.34
175316	-0.34
174669	-0.36
172467	-0.37
174318	-0.37
175549	-0.38
179899	-0.38
180073	-0.39
178943	-0.40
173334	-0.44
266830	-0.46
178089	-0.46
175525	-0.47
174141	-0.48
172044	-0.51
172243	-0.52
180028	-0.55
177161	-0.56
176439	-0.58
176359	-0.59
181705	-0.64
175976	-0.66
186325	-0.67
179739	-0.68
176807	-0.68
186326	-0.70
172468	-0.71
173235	-0.71
176301	-0.74
175877	-0.74
172268	-0.76
176718	-0.77
175006	-0.81
177753	-0.82
179502	-0.83
176373	-0.84
179936	-0.87
266859	-0.87
177521	-0.90
176161	-0.90
175546	-0.91
176268	-0.93
24104262	-0.93
179941	-0.94
176385	-0.95
178415	-0.97
174443	-0.99
178988	-1.03
191648	-1.04
177873	-1.06
174379	-1.06
173858	-1.10
191677	-1.10
172942	-1.12
178778	-1.12
174603	-1.14
171917	-1.15
174458	-1.16
175813	-1.16
171750	-1.17
172801	-1.17
176358	-1.19
172329	-1.22
176118	-1.22
177342	-1.22
177364	-1.24
179671	-1.40
173744	-1.49
178066	-1.50
175972	-1.53
186085	-1.61
174571	-1.64
188792	-1.70
176748	-1.88
171975	-2.02
175096	-2.07
175493	-2.11
