180359	3.74
172981	3.43
180671	3.31
172893	3.15
181250	2.87
178987	2.54
175546	2.33
180767	2.32
180942	2.29
181588	2.13
266837	1.79
173078	1.68
180357	1.64
176137	1.34
176380	1.29
181044	1.28
175419	1.23
24104262	1.21
176287	1.19
181705	1.06
181491	1.00
175716	0.97
178121	0.77
178074	0.76
179472	0.75
175316	0.75
174367	0.71
177364	0.69
180522	0.69
175493	0.67
172732	0.64
181036	0.60
172243	0.60
181269	0.52
177985	0.48
173260	0.39
174458	0.23
174676	0.18
178933	0.18
177190	0.13
176509	0.12
179534	0.06
175462	0.04
180040	0.03
178049	-0.02
174478	-0.03
174141	-0.05
171602	-0.05
178280	-0.06
175972	-0.07
177481	-0.09
174659	-0.10
178024	-0.13
175993	-0.13
179533	-0.13
174705	-0.19
174423	-0.19
175492	-0.20
178507	-0.21
174371	-0.24
178577	-0.24
175501	-0.26
172044	-0.27
177503	-0.28
191670	-0.31
180535	-0.36
175813	-0.39
176437	-0.40
191648	-0.43
266861	-0.44
176439	-0.44
177161	-0.48
172743	-0.48
180072	-0.48
174841	-0.49
172074	-0.53
172250	-0.55
174203	-0.57
178943	-0.58
186085	-0.60
191667	-0.62
177724	-0.63
175525	-0.63
178866	-0.65
174346	-0.65
186326	-0.66
176301	-0.66
177873	-0.67
172249	-0.68
191680	-0.68
176807	-0.71
177583	-0.71
178279	-0.77
175549	-0.77
174669	-0.81
172329	-0.83
172901	-0.85
179671	-0.85
175703	-0.85
174603	-0.86
174421	-0.87
175877	-0.89
179502	-0.93
179899	-0.94
176118	-0.98
179999	-0.98
172467	-1.01
175819	-1.02
186325	-1.03
180073	-1.04
172201	-1.06
177658	-1.06
172801	-1.07
175976	-1.07
174351	-1.08
3565921	-1.08
171975	-1.09
174333	-1.09
173235	-1.11
178089	-1.12
176071	-1.12
180028	-1.13
173873	-1.13
188792	-1.15
179267	-1.17
176146	-1.17
171809	-1.18
176083	-1.18
179153	-1.18
172858	-1.18
172251	-1.19
174571	-1.21
179941	-1.21
176385	-1.23
174379	-1.24
174330	-1.25
176196	-1.25
177521	-1.25
176748	-1.27
179936	-1.28
171917	-1.30
176503	-1.31
171750	-1.31
171692	-1.33
175879	-1.34
174318	-1.36
177753	-1.37
175096	-1.38
177342	-1.39
173744	-1.40
172959	-1.40
176891	-1.40
174443	-1.41
172860	-1.43
178066	-1.45
175006	-1.51
191677	-1.55
178012	-1.55
179739	-1.57
173334	-1.60
172942	-1.60
178778	-1.61
176718	-1.65
266859	-1.68
172268	-1.72
173858	-1.72
178536	-1.73
176161	-1.77
176373	-1.78
179779	-1.78
266830	-1.78
176359	-2.01
178988	-2.04
172802	-2.08
176358	-2.15
172468	-2.20
178415	-2.40
176268	-2.73
