178121	5.98
172732	5.27
178987	4.17
174705	3.47
181044	2.85
180767	2.82
175462	2.78
266837	2.69
172981	2.50
180359	2.50
172893	2.44
177724	2.32
180833	2.29
181491	2.18
180671	2.02
175419	1.93
178577	1.83
174367	1.57
180357	1.47
176137	1.46
178024	1.45
175993	1.39
172074	1.31
180535	1.27
178933	1.26
178074	1.25
175492	1.21
181269	0.99
172243	0.99
179534	0.90
173260	0.85
181036	0.84
178507	0.82
176509	0.76
176301	0.56
180028	0.56
174421	0.53
177481	0.52
181705	0.52
174676	0.44
178866	0.41
171602	0.39
177364	0.39
179533	0.38
180522	0.34
191667	0.34
175493	0.31
176380	0.31
174371	0.31
178280	0.30
176437	0.30
176146	0.29
176071	0.26
179899	0.25
173078	0.23
180040	0.23
177161	0.20
174659	0.20
24104262	0.18
181588	0.17
174458	0.15
172329	0.15
175501	0.12
186325	0.11
175525	0.11
172743	0.11
173235	0.10
179999	0.10
179472	0.10
181250	0.09
176083	0.09
172251	0.08
177190	0.06
178943	0.05
174841	0.05
171809	0.02
178536	0.02
178012	0.00
186326	-0.02
179779	-0.04
174423	-0.06
180073	-0.07
174203	-0.10
176807	-0.11
176891	-0.12
179671	-0.12
180072	-0.14
176118	-0.16
175819	-0.19
174379	-0.19
186085	-0.20
172901	-0.20
173744	-0.22
177503	-0.22
191677	-0.23
191648	-0.25
191680	-0.26
177583	-0.30
174603	-0.32
175877	-0.37
178066	-0.38
175716	-0.40
172201	-0.40
174346	-0.46
174669	-0.49
173334	-0.50
179739	-0.51
174571	-0.51
177658	-0.52
171750	-0.53
175879	-0.53
175096	-0.55
179941	-0.58
176161	-0.64
175316	-0.65
175813	-0.65
175546	-0.65
176439	-0.65
176748	-0.69
177342	-0.70
176503	-0.71
172801	-0.72
174478	-0.74
174330	-0.77
172044	-0.79
176196	-0.79
177985	-0.80
171692	-0.82
176385	-0.84
177753	-0.84
174333	-0.86
179267	-0.86
176718	-0.86
178279	-0.88
177873	-0.91
178049	-0.91
173858	-0.93
266859	-0.93
179153	-0.94
174141	-0.94
174318	-0.95
176287	-0.95
172268	-0.96
172959	-0.99
172860	-1.01
174443	-1.02
266830	-1.02
175976	-1.03
188792	-1.03
171975	-1.04
179502	-1.05
177521	-1.06
172802	-1.08
175972	-1.08
176268	-1.10
171917	-1.10
191670	-1.14
178988	-1.17
179936	-1.17
175703	-1.17
175549	-1.19
174351	-1.20
173873	-1.25
172467	-1.28
175006	-1.37
172250	-1.38
172942	-1.49
3565921	-1.59
178089	-1.65
176373	-1.72
172249	-1.72
176358	-1.77
172858	-1.82
172468	-1.84
178415	-1.87
178778	-1.88
176359	-2.05
266861	-2.07
