174367	8.01
180535	6.02
180767	5.91
172074	4.36
266837	4.00
177190	3.59
172743	3.50
176071	3.48
178507	3.43
174371	3.27
180359	3.20
177583	2.97
180942	2.85
179999	2.75
178012	2.73
172858	2.58
176437	2.42
176268	2.36
174333	2.33
175501	2.31
177481	2.20
172893	2.11
175879	2.08
178279	2.07
179534	2.03
179533	2.02
176503	2.01
174478	2.01
176891	1.99
171602	1.95
173260	1.86
180040	1.81
180357	1.73
172732	1.64
181250	1.62
178074	1.59
178024	1.55
172201	1.55
177161	1.55
175716	1.55
177503	1.54
172959	1.52
176146	1.50
178866	1.37
178415	1.36
175492	1.32
176380	1.31
172901	1.31
180833	1.28
178987	1.26
180671	1.24
173235	1.23
174705	1.23
176509	1.20
175703	1.16
180522	1.14
171809	1.13
174346	1.13
179739	1.11
178280	1.10
173873	1.09
172802	1.04
175419	1.03
175462	1.03
172329	0.95
175819	0.95
171917	0.95
178089	0.93
174676	0.90
174659	0.89
175993	0.86
175525	0.82
179153	0.79
176301	0.73
178121	0.72
172044	0.71
171692	0.69
174379	0.68
174330	0.67
174318	0.67
174421	0.63
175316	0.63
178536	0.60
176718	0.55
3565921	0.53
172249	0.50
176083	0.47
175549	0.46
179779	0.44
266861	0.41
181036	0.40
172981	0.37
177724	0.35
176137	0.34
181491	0.34
181705	0.34
180028	0.25
176287	0.24
174841	0.22
174203	0.19
171750	0.19
174351	0.14
172467	0.12
177658	0.11
181269	0.11
266859	0.11
174423	0.08
176385	0.03
176748	0.03
177873	-0.01
174443	-0.02
175877	-0.18
181588	-0.22
176118	-0.22
172243	-0.22
179671	-0.24
177985	-0.25
173744	-0.27
172251	-0.34
191648	-0.39
180073	-0.40
176807	-0.41
180072	-0.42
172801	-0.43
179267	-0.43
178778	-0.45
178943	-0.48
178577	-0.51
178933	-0.52
174571	-0.55
176359	-0.57
178988	-0.59
172468	-0.64
191670	-0.65
178049	-0.65
175976	-0.66
172942	-0.68
266830	-0.68
173078	-0.73
173334	-0.76
177753	-0.77
179502	-0.80
179936	-0.80
172860	-0.80
176439	-0.81
176196	-0.84
179899	-0.90
191667	-0.90
186325	-0.91
174458	-0.93
174669	-0.93
176373	-0.95
175493	-0.98
172268	-1.02
177342	-1.06
176358	-1.12
175813	-1.17
186085	-1.19
179941	-1.22
179472	-1.25
186326	-1.26
176161	-1.27
173858	-1.28
175096	-1.30
191677	-1.32
175006	-1.33
191680	-1.46
177521	-1.55
188792	-1.71
24104262	-1.84
172250	-1.85
178066	-1.96
171975	-1.97
175546	-1.98
174603	-2.05
177364	-2.12
175972	-2.13
174141	-2.17
