175419	17.02
181588	3.54
180767	3.10
180535	2.57
172802	2.39
174421	2.19
172201	2.09
174367	2.00
176137	1.94
174318	1.93
172901	1.93
180359	1.88
180671	1.87
176359	1.78
176301	1.76
179533	1.74
174371	1.68
172893	1.66
175819	1.61
173334	1.59
179999	1.56
172743	1.52
174659	1.52
178866	1.51
175716	1.51
175501	1.48
174423	1.47
173260	1.40
172074	1.37
176196	1.36
180040	1.31
178012	1.30
175879	1.30
176385	1.30
174333	1.29
176146	1.27
177753	1.20
175972	1.20
180357	1.18
176071	1.18
177481	1.18
178507	1.18
174841	1.18
176268	1.14
176891	1.14
176380	1.14
176439	1.13
178074	1.12
174603	1.11
179671	1.11
178987	1.11
175877	1.09
176437	1.07
172468	1.05
175703	1.04
174351	1.03
179534	1.02
171692	1.02
180028	1.01
3565921	1.00
180522	0.96
174379	0.94
171602	0.93
174141	0.92
179779	0.90
172268	0.88
177161	0.87
179936	0.87
176083	0.87
178536	0.85
172959	0.85
180942	0.84
178988	0.84
171809	0.76
172801	0.74
179739	0.74
174669	0.74
174346	0.73
173744	0.73
176718	0.69
181269	0.68
176161	0.68
175006	0.67
178943	0.66
266830	0.66
175492	0.65
191667	0.64
175316	0.62
177503	0.61
180833	0.60
174330	0.60
174203	0.55
191680	0.51
176287	0.51
177724	0.51
181250	0.49
171917	0.49
178279	0.47
172044	0.43
177583	0.42
178089	0.41
172860	0.41
176509	0.41
181705	0.40
181044	0.40
172858	0.37
186325	0.36
177658	0.36
172329	0.35
172942	0.33
172251	0.29
181491	0.27
171975	0.26
172249	0.23
176503	0.23
179502	0.22
174676	0.21
180073	0.19
176358	0.18
266861	0.18
174443	0.12
175462	0.11
178121	0.11
176118	0.10
177342	0.10
188792	0.09
191677	0.09
266859	0.06
180072	0.06
175525	0.01
191670	-0.01
177521	-0.02
173078	-0.03
178577	-0.03
178933	-0.08
173235	-0.09
175813	-0.10
175549	-0.10
179941	-0.11
179153	-0.11
178280	-0.12
173858	-0.14
177985	-0.15
171750	-0.15
176807	-0.18
173873	-0.20
178066	-0.23
175976	-0.24
175546	-0.29
172467	-0.31
266837	-0.35
174458	-0.37
174705	-0.42
177364	-0.42
179472	-0.44
186326	-0.45
175096	-0.48
178049	-0.54
172732	-0.57
174478	-0.61
172243	-0.64
174571	-0.68
176748	-0.70
179267	-0.77
178024	-0.81
191648	-0.83
177190	-0.85
175993	-0.93
179899	-0.95
177873	-1.05
178778	-1.06
178415	-1.07
175493	-1.08
176373	-1.11
24104262	-1.27
172250	-1.57
172981	-1.58
186085	-1.61
