180671	3.07
172893	2.41
172732	1.96
181588	1.41
175419	1.36
180359	1.21
180357	1.12
191648	1.07
180942	0.99
181705	0.99
181491	0.95
174379	0.93
171602	0.86
24104262	0.79
173260	0.72
172074	0.68
181036	0.68
180833	0.52
173235	0.51
180522	0.49
180535	0.47
175096	0.44
178577	0.39
171692	0.38
172243	0.38
177481	0.37
177364	0.36
176437	0.34
172201	0.33
174371	0.31
181250	0.31
175493	0.29
179999	0.26
176891	0.24
174367	0.20
176137	0.18
171750	0.16
175492	0.12
181044	0.11
175462	0.11
179899	0.08
176071	0.06
178987	0.05
174669	0.04
179502	0.02
174705	0.02
178012	0.01
178279	-0.01
172981	-0.04
172901	-0.07
174351	-0.07
172329	-0.11
176146	-0.12
176118	-0.12
178943	-0.12
178280	-0.13
176083	-0.13
179153	-0.15
178089	-0.16
176718	-0.18
186085	-0.18
174443	-0.19
176301	-0.19
177342	-0.22
179739	-0.24
174421	-0.25
177583	-0.27
173078	-0.27
175716	-0.29
172858	-0.30
178866	-0.32
172467	-0.33
172044	-0.33
180767	-0.34
176268	-0.36
174330	-0.38
179671	-0.40
175879	-0.41
171809	-0.41
174458	-0.42
174423	-0.43
177503	-0.45
178074	-0.45
180040	-0.48
175549	-0.48
179533	-0.52
173873	-0.53
173744	-0.53
266861	-0.54
172801	-0.54
176380	-0.54
175546	-0.55
177873	-0.56
172251	-0.56
175877	-0.56
172250	-0.56
177161	-0.57
176161	-0.58
177985	-0.58
175525	-0.58
172942	-0.59
179534	-0.60
179472	-0.62
175501	-0.62
176807	-0.62
175813	-0.63
179936	-0.64
176373	-0.65
178536	-0.67
174571	-0.68
176385	-0.70
175976	-0.71
172743	-0.72
266830	-0.74
172268	-0.77
176748	-0.81
176287	-0.81
180028	-0.81
178933	-0.81
177658	-0.82
174478	-0.83
172802	-0.83
180073	-0.83
174318	-0.84
172249	-0.86
174659	-0.86
179779	-0.86
176439	-0.87
175006	-0.87
174841	-0.88
191680	-0.89
178415	-0.89
178024	-0.89
177753	-0.91
188792	-0.92
176503	-0.96
171917	-0.96
171975	-0.96
191670	-0.97
177724	-0.98
175972	-1.02
177190	-1.03
178778	-1.04
174141	-1.10
175316	-1.10
266859	-1.11
174346	-1.12
174333	-1.12
172468	-1.12
172959	-1.16
178121	-1.17
179941	-1.19
178507	-1.19
178988	-1.21
175703	-1.21
175993	-1.22
176358	-1.25
176509	-1.28
191667	-1.31
173858	-1.32
174676	-1.34
176196	-1.35
174603	-1.35
180072	-1.36
266837	-1.39
173334	-1.39
179267	-1.42
175819	-1.46
186325	-1.49
172860	-1.55
178049	-1.60
178066	-1.61
177521	-1.66
3565921	-1.83
176359	-1.87
191677	-1.91
186326	-2.03
174203	-2.36
