180357	3.67
180833	2.87
174705	2.76
181705	2.48
174367	2.22
172243	2.05
179472	1.79
172893	1.67
180535	1.66
181044	1.62
171917	1.32
178024	1.15
181588	1.15
175006	1.09
180359	1.00
3565921	0.99
180767	0.94
176137	0.92
174458	0.92
178536	0.82
172802	0.77
177161	0.72
176380	0.70
180522	0.70
179999	0.69
177583	0.68
175501	0.67
172981	0.65
172329	0.63
180671	0.61
174379	0.61
174371	0.57
172468	0.57
178121	0.55
172074	0.55
180040	0.52
180072	0.51
181036	0.49
176891	0.47
177481	0.47
175879	0.46
177342	0.45
176385	0.44
172743	0.44
173260	0.40
178089	0.33
175546	0.33
172268	0.33
172901	0.31
181269	0.31
176358	0.29
191667	0.27
172959	0.27
171602	0.26
176301	0.26
178280	0.24
176071	0.23
179671	0.20
177503	0.19
172201	0.17
180073	0.16
174669	0.15
172251	0.14
174603	0.13
176748	0.12
172858	0.12
176268	0.11
178012	0.11
173235	0.10
176146	0.10
171750	0.10
180942	0.09
171692	0.05
178577	0.05
174659	0.04
179502	0.03
172250	0.02
176718	0.02
179739	0.01
175462	-0.00
174346	-0.00
176287	-0.02
178866	-0.02
177190	-0.02
176118	-0.02
171809	-0.08
174141	-0.08
24104262	-0.10
174333	-0.12
178987	-0.12
191680	-0.13
175813	-0.13
174676	-0.16
174351	-0.19
177724	-0.20
177658	-0.20
176083	-0.24
177873	-0.24
178279	-0.25
172044	-0.28
173873	-0.29
174443	-0.30
174478	-0.33
266837	-0.38
174841	-0.39
176807	-0.41
266861	-0.41
176439	-0.42
172249	-0.44
172801	-0.45
179267	-0.47
266859	-0.48
178988	-0.48
175419	-0.51
177521	-0.51
179941	-0.52
181491	-0.54
175976	-0.55
179779	-0.55
186085	-0.56
176503	-0.57
178049	-0.59
175549	-0.60
178074	-0.62
186326	-0.66
175993	-0.66
175703	-0.66
178415	-0.66
191648	-0.66
176196	-0.70
179533	-0.70
179153	-0.72
173078	-0.73
266830	-0.74
178778	-0.75
175492	-0.76
177753	-0.76
175525	-0.78
173334	-0.79
188792	-0.82
173744	-0.83
178066	-0.88
176373	-0.88
179936	-0.89
178943	-0.90
186325	-0.92
175972	-0.93
175877	-0.94
172860	-0.96
191670	-0.97
175096	-1.00
176161	-1.05
191677	-1.05
172732	-1.08
179899	-1.09
174330	-1.11
174571	-1.12
179534	-1.14
172942	-1.23
178507	-1.23
175316	-1.24
173858	-1.28
175716	-1.30
177364	-1.31
172467	-1.39
176359	-1.39
174423	-1.41
171975	-1.41
175493	-1.41
177985	-1.43
176437	-1.44
174203	-1.46
174421	-1.52
180028	-1.54
175819	-1.59
176509	-1.88
174318	-1.97
178933	-2.05
