180522	4.27
175546	4.02
172981	3.78
176509	3.77
175493	2.63
180359	2.54
181705	2.54
174423	2.38
173078	2.38
178074	2.21
180942	2.18
176380	2.16
175819	2.02
172732	2.00
175462	1.87
175492	1.81
266837	1.75
175716	1.61
177364	1.47
174705	1.41
175993	1.36
180671	1.27
176301	1.26
174421	1.21
191648	1.16
176437	1.13
180357	1.00
180833	1.00
181269	0.95
191670	0.92
177190	0.84
178933	0.84
181588	0.80
174458	0.79
186325	0.73
176083	0.71
172893	0.68
174318	0.68
174841	0.67
177985	0.66
175316	0.65
174676	0.62
24104262	0.62
179153	0.59
178943	0.54
178507	0.50
177583	0.49
172743	0.42
172243	0.39
173334	0.39
178987	0.38
173873	0.38
173744	0.37
179267	0.36
179671	0.35
181044	0.34
173235	0.33
188792	0.31
173858	0.29
172074	0.29
176891	0.28
172251	0.27
171809	0.27
181036	0.27
180028	0.26
177161	0.23
178577	0.22
174603	0.18
175877	0.13
174141	0.10
173260	0.09
171975	0.09
172329	0.08
174203	0.06
176268	0.05
174330	0.01
176118	0.01
172942	0.01
175703	-0.03
179899	-0.03
180040	-0.03
174333	-0.04
179779	-0.04
175501	-0.04
179472	-0.05
180535	-0.06
174659	-0.07
178536	-0.08
176071	-0.08
178012	-0.09
177658	-0.09
171750	-0.10
3565921	-0.10
186085	-0.14
175096	-0.16
180767	-0.16
191677	-0.18
177481	-0.19
172959	-0.23
175419	-0.24
179941	-0.25
178049	-0.25
179999	-0.27
178089	-0.28
172802	-0.29
178866	-0.30
186326	-0.31
191667	-0.34
174379	-0.35
178121	-0.37
174351	-0.37
174669	-0.40
175525	-0.41
172468	-0.42
175879	-0.42
177753	-0.43
177521	-0.44
178988	-0.45
178279	-0.45
174371	-0.49
174367	-0.51
174478	-0.52
176718	-0.54
266830	-0.54
181250	-0.54
172860	-0.55
176137	-0.56
176503	-0.56
191680	-0.57
180072	-0.57
179534	-0.58
178066	-0.59
175972	-0.59
178415	-0.64
176807	-0.66
176385	-0.67
174571	-0.67
172801	-0.69
176161	-0.70
171917	-0.78
179739	-0.78
178024	-0.79
177503	-0.84
172044	-0.84
176146	-0.89
171602	-0.90
177724	-0.91
171692	-0.93
176748	-0.94
179533	-0.94
174443	-0.97
177342	-1.01
176287	-1.01
180073	-1.03
175549	-1.04
172901	-1.05
175006	-1.06
174346	-1.10
176196	-1.11
172467	-1.12
176439	-1.19
179502	-1.19
172858	-1.22
176359	-1.28
176358	-1.35
178280	-1.36
179936	-1.48
172250	-1.62
172201	-1.62
266861	-1.78
172249	-1.80
177873	-1.81
176373	-1.82
266859	-1.83
175976	-2.02
175813	-2.19
178778	-2.36
172268	-2.61
