176137	4.39
181036	3.54
175419	3.51
172243	2.59
180833	2.13
172893	2.07
180522	1.66
180357	1.58
181269	1.41
176380	1.32
181250	1.15
175972	1.07
176509	0.95
181491	0.80
176083	0.80
176287	0.76
175492	0.73
24104262	0.71
180671	0.67
180359	0.65
177364	0.64
177985	0.61
174379	0.55
173235	0.43
180040	0.40
175546	0.39
191648	0.39
266861	0.38
178024	0.36
175549	0.33
178121	0.33
177481	0.33
180767	0.28
175813	0.27
177658	0.26
179936	0.26
176118	0.23
171975	0.22
180028	0.21
180942	0.17
172044	0.15
179472	0.15
178933	0.12
178074	0.11
178012	0.08
173260	0.07
172901	0.06
174458	0.05
174676	0.03
178943	0.01
176718	0.00
266830	-0.01
175462	-0.01
176891	-0.02
176358	-0.03
174371	-0.05
178987	-0.05
176161	-0.06
172074	-0.06
173078	-0.07
179999	-0.08
174603	-0.08
186325	-0.08
178536	-0.09
3565921	-0.10
179739	-0.14
176146	-0.16
177521	-0.18
174669	-0.19
176385	-0.20
171750	-0.20
177190	-0.21
191670	-0.22
181044	-0.22
176071	-0.23
175525	-0.24
177161	-0.25
176301	-0.26
174423	-0.27
174659	-0.27
181705	-0.29
179671	-0.30
175976	-0.30
174346	-0.33
178280	-0.33
178577	-0.34
174351	-0.35
172201	-0.35
174367	-0.36
177873	-0.38
266859	-0.39
180535	-0.39
174705	-0.40
172249	-0.41
177342	-0.42
186326	-0.42
266837	-0.43
172942	-0.45
172468	-0.45
172802	-0.45
177724	-0.46
174841	-0.46
172743	-0.46
179267	-0.48
174571	-0.49
172732	-0.49
172251	-0.51
175703	-0.51
191677	-0.52
178279	-0.52
175501	-0.52
176437	-0.53
172268	-0.54
174141	-0.55
175006	-0.55
175877	-0.56
175879	-0.56
188792	-0.56
179153	-0.57
176373	-0.58
171602	-0.58
175316	-0.59
178049	-0.59
176359	-0.59
173873	-0.59
175493	-0.60
174421	-0.63
179941	-0.64
179502	-0.65
177583	-0.66
172329	-0.67
172981	-0.68
175716	-0.70
186085	-0.71
177753	-0.71
176439	-0.71
172959	-0.71
174478	-0.72
171917	-0.74
176268	-0.74
178415	-0.80
175096	-0.82
173744	-0.83
172250	-0.84
174443	-0.84
176503	-0.85
179534	-0.86
179533	-0.86
172860	-0.86
177503	-0.87
178866	-0.87
173858	-0.88
179899	-0.89
174333	-0.92
174330	-0.97
171809	-0.98
191667	-1.00
179779	-1.01
180072	-1.05
178778	-1.06
180073	-1.06
171692	-1.07
176807	-1.08
178066	-1.09
172801	-1.11
176748	-1.19
175993	-1.22
178089	-1.29
191680	-1.30
173334	-1.33
172858	-1.33
178988	-1.36
174318	-1.41
175819	-1.48
172467	-1.49
174203	-1.77
176196	-1.79
178507	-1.98
