175993	3.42
178577	3.08
177724	2.74
180359	2.61
175546	2.60
181491	2.54
178121	2.54
181250	2.48
180671	2.12
180522	1.63
172732	1.62
172243	1.53
178933	1.40
176437	1.23
172893	1.21
178987	1.20
173078	1.13
176807	1.08
180833	1.06
179472	1.04
172251	1.00
180357	1.00
181269	0.99
172981	0.88
174141	0.85
175462	0.70
175493	0.69
176118	0.66
176137	0.55
24104262	0.52
180942	0.52
174705	0.51
175492	0.42
181036	0.40
176287	0.38
172959	0.34
181044	0.34
180535	0.26
175819	0.26
176268	0.25
191680	0.24
172858	0.24
174458	0.22
171809	0.18
175972	0.18
172802	0.16
171917	0.13
179533	0.10
191667	0.05
179779	0.05
174423	0.04
178280	0.00
175316	-0.03
175096	-0.04
171602	-0.05
172044	-0.06
172468	-0.06
179999	-0.09
191648	-0.10
177503	-0.17
173858	-0.21
177364	-0.22
175716	-0.25
171692	-0.25
266859	-0.26
176748	-0.26
178988	-0.28
177342	-0.29
181588	-0.29
178536	-0.29
174367	-0.31
179267	-0.32
180072	-0.32
177583	-0.35
188792	-0.35
172743	-0.35
173334	-0.36
180040	-0.37
177521	-0.37
174603	-0.37
176146	-0.40
174659	-0.40
172801	-0.41
179936	-0.41
172249	-0.43
191670	-0.43
174371	-0.44
172201	-0.44
177753	-0.46
176718	-0.46
178024	-0.48
179941	-0.48
178066	-0.49
178049	-0.50
175879	-0.51
175006	-0.52
177985	-0.52
178089	-0.52
176359	-0.53
179502	-0.53
174443	-0.57
179899	-0.60
266837	-0.61
175501	-0.61
174318	-0.62
179739	-0.63
180767	-0.64
266830	-0.64
176385	-0.66
179153	-0.66
176071	-0.66
172074	-0.67
174676	-0.67
173235	-0.68
3565921	-0.68
179671	-0.68
176891	-0.69
176509	-0.71
174346	-0.71
177658	-0.73
174379	-0.73
174333	-0.74
191677	-0.77
174669	-0.77
174571	-0.80
172329	-0.80
178074	-0.81
173260	-0.83
176380	-0.85
172250	-0.85
173873	-0.86
177481	-0.87
178866	-0.87
180073	-0.88
175549	-0.88
172467	-0.94
176196	-0.96
175419	-0.96
175703	-0.97
172860	-0.98
172268	-0.99
177161	-0.99
186326	-0.99
174841	-1.02
174478	-1.02
186085	-1.04
178778	-1.07
174421	-1.08
175813	-1.09
171975	-1.12
176439	-1.16
174351	-1.17
176161	-1.17
172901	-1.20
177873	-1.21
178507	-1.21
186325	-1.22
175877	-1.22
178943	-1.22
178415	-1.24
179534	-1.26
174330	-1.28
171750	-1.29
173744	-1.31
178012	-1.38
178279	-1.40
176083	-1.40
172942	-1.41
174203	-1.46
176503	-1.61
176301	-1.65
177190	-1.68
266861	-1.69
176373	-1.71
176358	-1.71
175525	-1.79
180028	-2.01
175976	-2.05
