172250	2.03
178778	1.97
188792	1.74
178066	1.42
177364	1.37
191677	1.37
178049	1.31
175976	1.31
176373	1.29
266861	1.28
172860	1.23
186325	1.22
175006	1.15
172942	1.14
177342	1.09
24104262	1.05
179936	1.03
171975	0.86
179267	0.85
173873	0.83
191667	0.74
174603	0.73
178987	0.63
177583	0.61
191648	0.59
191670	0.57
175993	0.56
176358	0.51
171750	0.49
186326	0.49
180359	0.49
178536	0.47
177521	0.46
172044	0.43
172243	0.42
191680	0.40
172074	0.39
178089	0.37
177190	0.37
172893	0.33
175096	0.33
176287	0.32
177481	0.31
172959	0.29
173260	0.28
178577	0.27
174443	0.27
172981	0.27
172201	0.26
174371	0.25
178866	0.23
174478	0.23
266830	0.22
179999	0.21
174705	0.20
174458	0.17
178415	0.10
179899	0.10
177724	0.07
171602	0.06
178012	0.04
178507	-0.00
174379	-0.01
171809	-0.01
177873	-0.02
175462	-0.06
179472	-0.06
172468	-0.09
177658	-0.12
176891	-0.13
179502	-0.14
181491	-0.14
175316	-0.17
181269	-0.18
176301	-0.18
180942	-0.20
175877	-0.20
174421	-0.21
176748	-0.21
180072	-0.22
180073	-0.22
172743	-0.23
174351	-0.25
177503	-0.25
175492	-0.25
175703	-0.27
175819	-0.27
180028	-0.28
175493	-0.29
176268	-0.29
176071	-0.30
171692	-0.31
178279	-0.31
177985	-0.31
172268	-0.32
173334	-0.33
179534	-0.34
173235	-0.34
266859	-0.37
174423	-0.38
176146	-0.39
175549	-0.40
176380	-0.41
173858	-0.42
179153	-0.42
172732	-0.42
176509	-0.43
175879	-0.48
176359	-0.48
179739	-0.51
179671	-0.51
178943	-0.52
175972	-0.53
172801	-0.53
3565921	-0.55
176137	-0.55
181250	-0.56
174669	-0.56
180671	-0.57
173078	-0.58
180357	-0.58
180833	-0.60
175501	-0.61
176083	-0.61
178074	-0.62
175716	-0.63
176807	-0.66
174571	-0.67
172901	-0.67
174203	-0.67
174346	-0.68
174330	-0.69
181588	-0.71
175546	-0.72
174659	-0.72
175813	-0.75
178121	-0.76
179779	-0.76
176385	-0.83
176718	-0.85
176161	-0.91
172858	-0.91
174141	-0.91
174841	-0.92
176437	-0.93
172249	-0.94
172251	-0.96
176118	-0.98
179941	-1.03
181705	-1.04
171917	-1.06
175525	-1.06
266837	-1.11
180040	-1.17
173744	-1.18
181044	-1.19
178280	-1.21
178024	-1.23
175419	-1.31
176196	-1.33
180535	-1.37
177161	-1.39
176439	-1.44
180522	-1.44
172802	-1.47
177753	-1.49
178933	-1.49
179533	-1.51
172329	-1.54
178988	-1.57
174333	-1.59
181036	-1.61
180767	-1.61
174367	-1.73
176503	-1.89
174318	-1.96
172467	-2.06
174676	-2.07
