177521	23.14
186325	21.64
178049	18.07
172860	16.17
180072	15.38
178066	15.37
180073	12.70
191667	12.23
188792	12.00
191677	9.74
191680	8.89
179267	8.85
191670	7.51
176718	2.92
174379	2.67
176146	2.62
178012	2.42
179739	2.31
178943	2.23
173235	2.23
173744	2.21
178866	2.21
179671	2.07
171917	2.06
176161	2.03
178778	1.92
176891	1.91
176071	1.86
172201	1.85
173334	1.80
175525	1.80
176359	1.79
174203	1.77
177161	1.76
180535	1.69
173260	1.67
172074	1.61
175879	1.59
172901	1.55
177753	1.50
176301	1.49
171692	1.47
178279	1.45
180040	1.43
179941	1.41
174371	1.39
177481	1.31
172468	1.30
173858	1.19
172802	1.18
174367	1.18
174443	1.16
176503	1.16
172251	1.15
3565921	1.15
176118	1.13
177503	1.13
171602	1.08
176373	1.07
180028	1.06
174346	1.05
175006	1.05
171750	1.03
177658	0.97
179936	0.93
176439	0.90
174603	0.89
172268	0.84
172743	0.83
176196	0.83
176358	0.82
266859	0.81
173873	0.80
174571	0.80
176748	0.79
175877	0.76
174841	0.72
174659	0.71
178988	0.67
178536	0.66
176385	0.63
172329	0.62
177583	0.59
174318	0.57
179779	0.53
175976	0.52
176807	0.50
174141	0.50
177873	0.50
172044	0.49
266837	0.49
186085	0.49
175813	0.49
178987	0.48
177364	0.47
176268	0.43
180522	0.42
175493	0.40
177190	0.34
178280	0.32
171975	0.29
180357	0.29
171809	0.28
179153	0.27
172959	0.25
175703	0.22
172981	0.21
172732	0.18
175972	0.18
179899	0.17
174458	0.15
178507	0.13
191648	0.12
179534	0.11
172250	0.09
174351	0.06
177342	0.06
178024	-0.02
180942	-0.02
176380	-0.03
175501	-0.08
178415	-0.09
175316	-0.09
174423	-0.10
177985	-0.12
174676	-0.13
175462	-0.13
175819	-0.13
172942	-0.15
175546	-0.18
172243	-0.18
173078	-0.19
180671	-0.19
175716	-0.22
172801	-0.24
174421	-0.30
181491	-0.31
266830	-0.33
176287	-0.34
176509	-0.35
178933	-0.40
172858	-0.41
174330	-0.42
181588	-0.42
181036	-0.45
172249	-0.45
174705	-0.46
175419	-0.47
174333	-0.48
176437	-0.49
179999	-0.54
179502	-0.55
177724	-0.57
266861	-0.60
178089	-0.62
178074	-0.65
181250	-0.66
180833	-0.66
178121	-0.67
24104262	-0.67
176137	-0.67
176083	-0.69
175492	-0.70
180767	-0.70
179472	-0.73
172893	-0.75
174669	-0.79
179533	-0.83
175096	-0.88
180359	-0.89
174478	-0.91
181705	-0.99
178577	-0.99
172467	-1.06
175549	-1.15
181044	-1.26
175993	-1.48
181269	-2.03
