186326	21.64
177521	19.37
178049	17.46
172860	13.10
178066	13.08
180072	12.14
180073	11.80
191667	11.31
188792	10.64
191677	9.88
179267	9.26
191680	9.11
191670	7.90
179671	3.24
178012	3.18
178866	3.00
175525	2.55
175006	2.48
177161	2.47
176301	2.44
173744	2.33
176891	2.20
176358	2.15
172802	2.15
179739	2.11
176146	2.04
173334	2.04
178943	1.98
174379	1.98
172201	1.96
175879	1.94
173260	1.94
176359	1.92
172468	1.92
176161	1.85
176718	1.84
180040	1.80
174203	1.79
174603	1.74
180535	1.73
172074	1.72
177481	1.71
171917	1.70
176503	1.70
172901	1.68
173235	1.67
172251	1.67
174371	1.60
172743	1.58
176385	1.52
266859	1.49
176071	1.47
177753	1.41
172268	1.40
171692	1.37
177583	1.37
174367	1.37
175493	1.34
175976	1.32
176439	1.30
174458	1.29
174659	1.27
266830	1.25
180028	1.22
186085	1.22
174669	1.21
177873	1.16
178988	1.15
175813	1.15
178279	1.13
3565921	1.08
176748	1.08
171602	1.06
175877	1.06
174841	1.05
174443	1.00
177503	0.99
174141	0.96
175703	0.90
178536	0.88
178778	0.87
171750	0.84
179779	0.84
174333	0.83
177658	0.82
175972	0.81
179941	0.79
174346	0.75
171809	0.74
181491	0.73
177364	0.70
173873	0.68
174423	0.64
176268	0.56
171975	0.56
176118	0.54
176196	0.53
177190	0.47
175501	0.38
181036	0.36
180522	0.36
172959	0.34
177342	0.34
172329	0.33
174351	0.32
176380	0.32
175419	0.30
172250	0.29
173858	0.27
180357	0.21
191648	0.20
176807	0.19
175492	0.19
178415	0.18
176287	0.18
178933	0.14
176083	0.14
176437	0.11
180942	0.11
172942	0.10
178280	0.09
179936	0.08
172044	0.08
172249	0.07
178024	0.04
174318	0.03
176373	-0.01
175316	-0.02
178507	-0.02
174676	-0.02
179153	-0.04
175096	-0.04
175716	-0.05
176509	-0.07
179534	-0.07
172801	-0.08
181588	-0.08
177724	-0.12
177985	-0.13
175546	-0.13
178074	-0.15
174705	-0.16
172858	-0.21
266837	-0.24
174330	-0.25
180671	-0.27
174571	-0.29
178987	-0.29
175549	-0.42
176137	-0.47
179533	-0.47
172981	-0.50
174421	-0.55
172467	-0.57
175819	-0.64
179999	-0.64
180767	-0.67
173078	-0.69
179502	-0.73
175462	-0.79
179899	-0.83
178577	-0.89
266861	-0.89
181044	-0.91
181250	-0.92
172893	-1.03
180833	-1.03
179472	-1.05
178089	-1.06
180359	-1.07
24104262	-1.13
172243	-1.18
172732	-1.18
181705	-1.22
178121	-1.27
175993	-1.33
174478	-1.37
181269	-1.49
