178066	12.00
186326	12.00
172860	11.61
177521	11.49
178049	11.16
186325	10.64
191677	8.88
191667	8.72
180072	7.35
180073	6.91
191670	6.40
179267	6.23
191680	5.92
178778	2.35
176373	2.19
178279	2.09
176718	2.02
173873	1.99
177658	1.79
186085	1.74
179671	1.73
179739	1.70
172251	1.69
174443	1.66
177342	1.52
174318	1.48
175006	1.45
175976	1.36
174379	1.35
174603	1.34
176358	1.29
179153	1.27
173235	1.26
175493	1.22
176359	1.20
171692	1.18
176807	1.18
173858	1.17
171750	1.17
172942	1.14
172250	1.13
176146	1.12
175525	1.09
172468	1.02
172201	1.00
176301	0.93
172802	0.92
172743	0.90
175877	0.85
180028	0.83
171975	0.81
176385	0.81
176439	0.80
176161	0.79
176891	0.78
177481	0.75
176503	0.75
175879	0.73
176268	0.71
172901	0.70
177503	0.68
174330	0.68
171602	0.66
180040	0.65
173334	0.65
179936	0.65
178943	0.65
175972	0.62
179779	0.62
173260	0.61
173744	0.54
178012	0.52
174346	0.51
179899	0.51
172044	0.49
178866	0.47
179534	0.47
174333	0.45
172801	0.45
177753	0.43
176137	0.41
178536	0.40
179472	0.37
266861	0.36
266859	0.36
178280	0.35
178988	0.33
174841	0.31
181491	0.31
24104262	0.28
177583	0.25
172959	0.23
172467	0.19
180535	0.18
176196	0.17
179502	0.13
175419	0.13
177190	0.12
175819	0.12
174458	0.12
178415	0.11
175096	0.10
181036	0.09
174141	0.09
178074	0.09
178507	0.08
174571	0.07
175703	0.06
266830	0.06
172249	0.05
174367	0.03
171917	0.01
174371	-0.02
176071	-0.03
176748	-0.05
172732	-0.07
3565921	-0.09
174669	-0.10
174351	-0.11
177724	-0.12
177161	-0.13
175716	-0.14
176380	-0.19
174421	-0.20
180359	-0.20
178024	-0.21
171809	-0.22
173078	-0.24
191648	-0.25
174203	-0.26
175813	-0.28
176083	-0.30
181705	-0.35
176509	-0.35
176118	-0.36
178933	-0.37
172858	-0.43
179941	-0.44
175549	-0.46
175501	-0.46
177873	-0.48
172329	-0.50
174659	-0.51
172074	-0.55
181588	-0.56
178089	-0.57
178577	-0.57
172981	-0.66
266837	-0.66
180671	-0.70
179999	-0.71
172268	-0.73
172243	-0.77
179533	-0.78
178987	-0.79
174478	-0.80
181250	-0.82
175546	-0.88
181269	-0.92
176287	-0.94
177364	-0.96
174423	-1.03
180942	-1.03
180357	-1.04
175316	-1.05
175993	-1.07
176437	-1.10
180833	-1.15
175462	-1.16
175492	-1.21
180522	-1.25
174676	-1.32
177985	-1.39
178121	-1.46
174705	-1.55
172893	-1.57
180767	-1.70
181044	-1.71
