180072	10.53
180073	8.49
177521	8.20
191667	8.09
186325	7.90
179267	7.56
186326	7.51
178049	7.41
188792	6.40
191680	6.19
191677	6.05
178066	5.03
172860	4.32
175493	1.22
172250	1.21
180028	1.20
179533	1.18
172251	1.17
176301	0.96
181491	0.92
178089	0.87
174841	0.87
175492	0.84
174379	0.83
174318	0.82
177658	0.81
174659	0.77
172802	0.74
175813	0.74
178933	0.71
176718	0.68
176358	0.67
179671	0.66
171602	0.65
174371	0.64
174603	0.63
179502	0.63
180535	0.61
176146	0.61
171750	0.60
177481	0.60
177342	0.60
173260	0.58
173235	0.57
266830	0.57
186085	0.57
180522	0.56
175976	0.55
172074	0.55
174351	0.54
178866	0.54
172901	0.53
171692	0.51
172468	0.50
172959	0.50
175879	0.49
175703	0.49
176385	0.48
175819	0.48
175993	0.46
179534	0.45
174423	0.45
178577	0.44
176807	0.44
174421	0.44
176268	0.43
180040	0.43
171809	0.43
176373	0.41
174669	0.41
172044	0.39
178279	0.36
174330	0.36
179739	0.36
176071	0.36
177583	0.36
172249	0.34
172743	0.33
177873	0.33
266859	0.33
172801	0.31
173873	0.28
175501	0.28
178415	0.27
174443	0.24
175525	0.23
176503	0.22
174333	0.22
179936	0.22
173858	0.21
176439	0.21
24104262	0.21
172243	0.19
178012	0.19
178778	0.19
172268	0.17
179779	0.17
175316	0.17
176891	0.16
177753	0.13
176196	0.13
173334	0.13
172467	0.10
178943	0.09
171975	0.09
174367	0.09
175716	0.07
171917	0.05
178988	0.05
172201	0.05
178536	0.05
174346	0.04
178074	0.00
181036	-0.01
176748	-0.02
174571	-0.03
173744	-0.04
180671	-0.04
175006	-0.05
177190	-0.06
177161	-0.07
175972	-0.08
177503	-0.10
180767	-0.11
175546	-0.11
179941	-0.11
176437	-0.11
174458	-0.12
172329	-0.15
178280	-0.15
177724	-0.17
3565921	-0.19
191648	-0.19
181588	-0.22
178507	-0.22
175877	-0.23
176380	-0.24
179999	-0.24
179153	-0.24
176161	-0.25
175096	-0.25
172942	-0.27
180357	-0.27
266837	-0.29
176118	-0.30
180833	-0.31
178121	-0.33
172732	-0.35
176287	-0.37
179472	-0.37
180359	-0.37
179899	-0.40
181705	-0.43
174705	-0.44
174203	-0.44
178024	-0.48
172858	-0.48
177364	-0.50
175549	-0.52
174141	-0.55
175462	-0.56
174478	-0.57
266861	-0.57
176137	-0.65
181044	-0.65
176509	-0.66
176359	-0.68
172981	-0.70
174676	-0.72
177985	-0.74
172893	-0.79
181250	-0.97
175419	-0.97
181269	-0.97
180942	-1.14
176083	-1.24
178987	-1.27
173078	-1.60
