178066	17.13
191667	13.39
177521	10.64
180073	10.28
191680	10.07
186325	9.88
186326	9.74
180072	9.66
188792	8.88
172860	8.76
179267	7.04
191670	6.05
178049	4.87
172802	2.12
178778	1.93
175493	1.87
176373	1.82
176358	1.75
172468	1.70
175976	1.68
179936	1.65
176439	1.59
172251	1.50
175006	1.46
180028	1.45
186085	1.37
177658	1.36
179671	1.35
176359	1.34
171975	1.34
266859	1.33
266830	1.32
172959	1.30
176301	1.23
174333	1.12
175525	1.11
174841	1.11
177342	1.10
175492	1.02
172044	1.01
180522	1.01
178024	0.98
176503	0.94
177161	0.94
178866	0.92
3565921	0.92
179739	0.90
180040	0.86
174318	0.81
174351	0.76
176718	0.76
175813	0.75
172268	0.75
176385	0.72
172201	0.67
176118	0.66
174443	0.64
177724	0.64
178933	0.64
178279	0.62
172249	0.61
176748	0.57
173873	0.54
173334	0.54
178415	0.53
174669	0.53
172743	0.52
176807	0.50
172801	0.50
176268	0.50
171750	0.48
174659	0.47
179779	0.47
178988	0.46
175549	0.45
175096	0.45
171809	0.42
176161	0.41
177481	0.38
173858	0.37
176146	0.34
175972	0.34
177873	0.33
176287	0.32
172732	0.32
174571	0.32
171917	0.32
178943	0.32
178536	0.32
175462	0.29
178987	0.28
174421	0.28
175819	0.27
175419	0.26
177985	0.24
173744	0.21
179153	0.20
173260	0.19
173235	0.19
174478	0.17
174330	0.16
172243	0.15
176137	0.14
171692	0.13
174203	0.12
181036	0.09
174379	0.09
177190	0.07
174346	0.07
179899	0.05
174367	0.05
178012	0.02
175993	0.02
176380	0.02
179941	0.01
174458	0.00
178074	-0.01
175716	-0.01
175703	-0.01
175877	-0.03
174371	-0.03
176196	-0.04
266861	-0.04
174705	-0.04
172942	-0.04
172858	-0.07
179502	-0.07
177583	-0.09
174603	-0.09
171602	-0.12
172901	-0.14
172467	-0.14
191648	-0.14
177753	-0.14
175316	-0.15
176891	-0.15
177503	-0.15
178089	-0.16
175879	-0.16
181491	-0.18
24104262	-0.19
179533	-0.20
175546	-0.21
180535	-0.22
180942	-0.23
174141	-0.24
176071	-0.25
176509	-0.26
178121	-0.29
173078	-0.32
172250	-0.34
266837	-0.34
176083	-0.36
172074	-0.40
180671	-0.43
178280	-0.50
181588	-0.52
179534	-0.53
178577	-0.55
172981	-0.59
174423	-0.65
177364	-0.68
175501	-0.71
181705	-0.77
180357	-0.86
179999	-0.90
172329	-0.90
179472	-1.00
176437	-1.00
178507	-1.03
181250	-1.05
180767	-1.10
174676	-1.11
172893	-1.29
181044	-1.32
180359	-1.37
180833	-1.55
181269	-1.91
