181491	1.16
181269	1.07
180357	0.98
180671	0.81
175462	0.78
179267	0.76
177364	0.69
177190	0.67
175492	0.65
173260	0.62
176509	0.61
186085	0.59
172074	0.59
174443	0.54
176718	0.43
172732	0.42
178012	0.40
177481	0.39
181588	0.39
178415	0.38
178987	0.37
171692	0.37
171750	0.34
176891	0.34
174371	0.32
180522	0.31
177583	0.30
177985	0.29
173235	0.24
171602	0.23
172243	0.23
186325	0.20
180535	0.20
174841	0.20
174676	0.20
186326	0.12
175879	0.11
173873	0.11
174379	0.11
178049	0.11
175546	0.10
171917	0.08
172201	0.08
180073	0.03
172743	0.02
174603	0.00
175716	-0.03
175493	-0.04
176071	-0.06
174367	-0.07
176146	-0.08
176137	-0.10
174705	-0.10
181705	-0.10
176807	-0.11
191677	-0.14
172893	-0.16
191670	-0.19
178933	-0.19
172981	-0.20
178577	-0.21
188792	-0.25
180942	-0.25
176437	-0.26
172860	-0.26
176380	-0.27
176268	-0.28
178279	-0.29
177503	-0.29
179999	-0.31
180072	-0.32
178066	-0.33
173744	-0.34
181044	-0.39
174458	-0.40
176083	-0.40
191680	-0.41
180359	-0.41
180833	-0.43
179472	-0.43
174423	-0.44
177521	-0.44
266861	-0.44
178121	-0.44
175501	-0.45
175993	-0.45
174346	-0.45
171809	-0.45
178866	-0.46
179899	-0.47
179739	-0.50
174571	-0.51
178074	-0.52
174318	-0.54
191667	-0.55
175419	-0.55
3565921	-0.56
179936	-0.57
176118	-0.58
177161	-0.59
179533	-0.62
180040	-0.62
181250	-0.66
178988	-0.67
176385	-0.67
178943	-0.68
24104262	-0.69
176748	-0.69
171975	-0.69
177873	-0.70
177753	-0.71
173334	-0.71
266837	-0.72
172942	-0.73
174330	-0.74
172901	-0.75
172268	-0.75
176287	-0.75
174141	-0.78
179153	-0.78
175096	-0.79
177724	-0.80
178536	-0.80
174351	-0.81
181036	-0.83
174421	-0.83
266830	-0.83
174659	-0.84
172044	-0.85
172467	-0.86
176439	-0.87
178280	-0.87
178089	-0.90
175316	-0.92
178778	-0.92
173078	-0.92
172329	-0.93
175703	-0.93
176301	-0.93
173858	-0.96
176161	-0.96
176359	-0.99
266859	-0.99
175006	-1.01
172801	-1.02
175877	-1.02
179941	-1.03
180767	-1.04
172250	-1.07
179671	-1.09
172959	-1.09
175813	-1.09
178507	-1.10
176503	-1.10
176358	-1.12
172251	-1.16
179534	-1.17
174333	-1.17
179779	-1.18
175972	-1.18
175525	-1.21
179502	-1.24
174669	-1.30
175976	-1.31
172468	-1.34
172802	-1.38
178024	-1.44
174478	-1.46
177342	-1.52
174203	-1.57
177658	-1.59
172249	-1.60
176373	-1.64
175819	-1.64
176196	-1.68
172858	-1.84
180028	-1.91
175549	-2.00
