191680	17.49
180073	15.54
178066	13.97
191677	13.39
180072	12.98
179267	12.96
177521	12.28
186326	12.23
186325	11.31
188792	8.72
178049	8.39
191670	8.09
172860	7.90
172802	1.51
176439	1.49
172468	1.34
180535	1.29
178866	1.22
173873	1.15
179671	1.11
175525	1.10
175976	1.08
180028	1.04
175493	1.02
174203	1.01
172251	0.98
177724	0.96
171750	0.95
179739	0.91
171917	0.87
186085	0.74
173334	0.74
174443	0.70
178987	0.70
176359	0.66
174379	0.65
181036	0.64
171975	0.64
176373	0.64
176718	0.62
173235	0.62
173858	0.60
172201	0.59
175993	0.59
177161	0.58
176301	0.58
176503	0.52
172249	0.51
175006	0.48
176358	0.48
177658	0.47
175813	0.47
174841	0.43
3565921	0.42
179153	0.40
176146	0.39
175492	0.39
174659	0.38
179936	0.38
172743	0.37
178933	0.35
178577	0.34
178024	0.34
177873	0.34
180942	0.34
175419	0.33
172467	0.33
174346	0.32
176385	0.32
176196	0.29
176807	0.28
178778	0.28
176748	0.28
181250	0.27
172801	0.21
173744	0.20
266830	0.20
266859	0.20
176118	0.20
178279	0.19
176437	0.17
174367	0.17
176161	0.16
172942	0.14
179502	0.11
174458	0.11
180357	0.08
179472	0.06
181705	0.05
178988	0.04
180040	0.02
176380	0.01
175877	-0.03
178280	-0.08
174141	-0.09
180522	-0.11
177342	-0.11
174705	-0.12
174333	-0.13
176137	-0.13
172268	-0.14
179899	-0.17
266837	-0.18
172901	-0.18
175462	-0.20
177503	-0.20
172732	-0.20
177753	-0.20
180767	-0.21
176071	-0.21
173260	-0.21
171692	-0.22
175972	-0.23
179533	-0.23
176268	-0.24
178012	-0.27
178074	-0.27
174318	-0.28
175096	-0.28
180671	-0.29
178943	-0.30
175879	-0.30
174603	-0.30
181491	-0.34
178415	-0.35
178121	-0.37
179941	-0.38
179534	-0.39
175703	-0.40
179779	-0.41
174669	-0.43
171602	-0.43
177190	-0.44
174571	-0.46
174423	-0.46
176083	-0.46
176287	-0.50
174676	-0.51
174330	-0.51
172893	-0.52
172959	-0.54
180359	-0.54
177985	-0.54
266861	-0.55
175316	-0.55
191648	-0.55
175546	-0.55
176891	-0.60
178507	-0.61
180833	-0.62
177481	-0.63
178089	-0.65
177583	-0.67
172250	-0.69
176509	-0.70
172044	-0.70
174371	-0.71
174351	-0.72
174478	-0.72
172329	-0.78
172981	-0.79
175716	-0.79
172243	-0.82
24104262	-0.83
171809	-0.86
172858	-0.86
173078	-0.88
175819	-0.89
181044	-0.90
181588	-1.00
172074	-1.00
174421	-1.02
178536	-1.07
177364	-1.07
175501	-1.17
175549	-1.22
181269	-1.31
179999	-1.77
