191667	17.49
180073	11.19
178066	10.17
191677	10.07
180072	9.90
177521	9.12
186325	9.11
186326	8.89
179267	6.89
172860	6.89
191670	6.19
188792	5.92
178049	4.87
171975	1.83
175976	1.77
172802	1.34
178866	1.31
175525	1.31
175006	1.31
173858	1.29
173334	1.28
172942	1.27
176161	1.26
176373	1.24
3565921	1.24
179671	1.20
176439	1.16
178778	1.14
173873	1.06
176503	1.00
174603	0.99
174203	0.99
177161	0.98
179534	0.95
266859	0.94
176359	0.94
176807	0.88
176196	0.86
175493	0.84
176301	0.83
176385	0.82
173744	0.79
171750	0.78
176718	0.78
179739	0.78
174141	0.73
172468	0.73
174379	0.70
176748	0.69
180535	0.68
179472	0.68
177658	0.67
171917	0.66
179936	0.64
174841	0.63
178988	0.61
180028	0.60
178943	0.57
177724	0.56
181036	0.51
172251	0.51
177342	0.49
174443	0.47
175993	0.44
175877	0.43
172201	0.42
266830	0.41
186085	0.40
175419	0.39
172268	0.39
177753	0.39
266861	0.37
176358	0.36
174659	0.36
174333	0.30
174571	0.28
181705	0.24
175492	0.22
174351	0.21
172801	0.21
175703	0.20
178024	0.20
178279	0.16
178280	0.14
176146	0.14
176118	0.13
175813	0.13
179779	0.10
175316	0.09
175972	0.08
178415	0.08
180040	0.08
172250	0.07
177873	0.06
180767	0.03
174346	0.01
172467	-0.01
176071	-0.02
173235	-0.03
179941	-0.04
180671	-0.05
179533	-0.06
175879	-0.08
172858	-0.09
178987	-0.09
175549	-0.10
181250	-0.13
178577	-0.15
172249	-0.15
179153	-0.16
174478	-0.16
174458	-0.17
174318	-0.18
171692	-0.19
177190	-0.20
176380	-0.20
178012	-0.21
180942	-0.26
178536	-0.28
172901	-0.30
176083	-0.31
176287	-0.31
172743	-0.32
174423	-0.34
178074	-0.34
179899	-0.38
180522	-0.38
177985	-0.40
191648	-0.41
178933	-0.41
174676	-0.42
172044	-0.45
177503	-0.45
178121	-0.45
174669	-0.50
178089	-0.51
176891	-0.52
173260	-0.56
181491	-0.57
173078	-0.58
172329	-0.58
174371	-0.58
174421	-0.59
171602	-0.59
175819	-0.60
174367	-0.62
176268	-0.65
180359	-0.65
180833	-0.68
174705	-0.68
177583	-0.70
174330	-0.71
175546	-0.71
176137	-0.74
176437	-0.78
178507	-0.79
175096	-0.80
175716	-0.85
176509	-0.89
181269	-0.89
179502	-0.91
180357	-0.92
24104262	-0.97
172732	-0.97
177481	-1.05
172959	-1.08
266837	-1.20
172893	-1.23
179999	-1.23
181588	-1.30
172074	-1.30
171809	-1.32
175501	-1.37
172243	-1.41
181044	-1.46
172981	-1.51
177364	-1.70
175462	-1.98
