176083	2.20
174669	2.14
266830	1.92
176380	1.57
179936	1.48
172893	1.47
174351	1.44
176509	1.43
172959	1.42
177985	1.37
173078	1.26
179779	1.23
180833	1.21
172801	1.09
172467	1.07
186085	1.05
175549	1.05
178933	1.02
175096	1.00
172249	0.98
175819	0.98
176268	0.95
176437	0.93
181269	0.79
176137	0.78
177503	0.77
180357	0.77
172468	0.76
178279	0.72
181588	0.71
172243	0.71
177190	0.69
266861	0.68
178074	0.66
176718	0.66
175462	0.64
181491	0.62
178507	0.61
172743	0.58
171750	0.54
179941	0.53
171602	0.53
181705	0.52
175501	0.47
172044	0.46
175316	0.45
179502	0.45
175879	0.44
171809	0.44
172901	0.43
176301	0.43
174478	0.42
174421	0.42
177342	0.42
178024	0.40
175703	0.40
174379	0.39
175492	0.38
179899	0.37
172732	0.32
188792	0.28
177481	0.24
175716	0.24
191670	0.21
178089	0.20
175813	0.19
180942	0.18
178121	0.16
178536	0.16
179472	0.15
176071	0.13
177873	0.12
179153	0.11
172858	0.11
176287	0.09
173873	0.09
176196	0.05
180671	0.02
172074	0.01
174443	-0.01
178778	-0.02
172329	-0.03
174318	-0.04
175493	-0.06
176439	-0.07
176146	-0.09
181250	-0.10
178943	-0.12
172268	-0.14
175546	-0.15
174676	-0.15
178280	-0.16
172201	-0.18
180028	-0.18
191677	-0.19
171692	-0.19
174330	-0.19
173235	-0.20
174333	-0.21
174203	-0.21
3565921	-0.21
266859	-0.23
177583	-0.26
178415	-0.26
177521	-0.26
173260	-0.26
179999	-0.28
266837	-0.31
174458	-0.31
176118	-0.32
172981	-0.32
179739	-0.34
172860	-0.38
174841	-0.38
178049	-0.47
174423	-0.48
179267	-0.49
178987	-0.49
172250	-0.52
178577	-0.53
180522	-0.53
175877	-0.55
175972	-0.58
176891	-0.59
174659	-0.59
176385	-0.59
172802	-0.61
174346	-0.62
174371	-0.62
172942	-0.62
178066	-0.64
178012	-0.65
186326	-0.67
191648	-0.69
173858	-0.71
177658	-0.72
179534	-0.73
177753	-0.77
176161	-0.77
176373	-0.77
174571	-0.79
172251	-0.80
173334	-0.80
171917	-0.81
177364	-0.82
191667	-0.83
176807	-0.83
180073	-0.84
180359	-0.84
180072	-0.86
180767	-0.93
180040	-0.95
179671	-0.96
191680	-0.97
175976	-1.00
171975	-1.01
176748	-1.04
176358	-1.11
186325	-1.13
175993	-1.15
175006	-1.16
174367	-1.17
175419	-1.21
181036	-1.27
175525	-1.28
180535	-1.31
177724	-1.31
176503	-1.43
177161	-1.47
174141	-1.49
174705	-1.58
178988	-1.66
181044	-1.84
179533	-1.89
174603	-2.05
178866	-2.08
176359	-2.16
173744	-2.18
