172981	7.10
174203	5.47
177985	4.81
178507	4.69
178074	4.63
181044	4.00
176380	3.89
173078	3.46
176083	3.27
175492	2.97
177190	2.81
176509	2.74
180942	2.69
180359	2.62
178987	2.58
178933	2.54
179534	2.37
180767	2.26
175819	2.14
174676	2.13
175462	2.00
174330	1.94
172074	1.84
172732	1.83
176196	1.83
172743	1.81
180833	1.79
172249	1.78
176287	1.77
181491	1.75
177364	1.74
174421	1.71
175877	1.70
175316	1.68
180357	1.68
174458	1.64
172893	1.54
174659	1.41
174705	1.23
172251	1.19
177481	1.09
174318	1.03
174478	1.02
174669	1.00
175546	0.94
176071	0.90
173260	0.88
174367	0.83
180522	0.82
175549	0.82
180040	0.82
174371	0.81
175993	0.78
178943	0.78
173235	0.64
175716	0.59
173744	0.58
175501	0.54
175419	0.51
178121	0.51
186326	0.49
179533	0.48
178280	0.39
179941	0.33
176146	0.27
178024	0.26
174423	0.26
175493	0.25
176503	0.25
178012	0.17
177658	0.16
176891	0.10
179899	0.09
180671	0.08
179739	0.06
3565921	0.04
172858	0.04
180072	0.03
180535	0.01
176118	-0.01
176137	-0.03
171809	-0.04
175879	-0.05
172243	-0.05
177521	-0.06
171602	-0.06
177503	-0.08
177161	-0.15
179153	-0.15
177724	-0.16
176437	-0.16
191667	-0.18
175972	-0.19
178866	-0.22
176301	-0.22
179671	-0.22
172329	-0.24
186325	-0.24
180028	-0.25
176359	-0.26
191670	-0.29
178049	-0.29
172901	-0.30
24104262	-0.31
178066	-0.33
178988	-0.34
191677	-0.34
181036	-0.35
175703	-0.36
179267	-0.37
176268	-0.38
176161	-0.38
181250	-0.38
172802	-0.41
179472	-0.41
181588	-0.43
266830	-0.43
176718	-0.43
177583	-0.46
174571	-0.46
180073	-0.46
171692	-0.47
172201	-0.47
178279	-0.51
177753	-0.51
174841	-0.54
178577	-0.56
179502	-0.56
176439	-0.57
181705	-0.61
173858	-0.62
172959	-0.63
174333	-0.64
188792	-0.66
175813	-0.67
178415	-0.67
172860	-0.70
266859	-0.71
191648	-0.72
174379	-0.76
177873	-0.77
171917	-0.79
178536	-0.80
172467	-0.81
173334	-0.91
172801	-0.93
179936	-1.02
175096	-1.04
176373	-1.05
176807	-1.08
186085	-1.11
172268	-1.12
172250	-1.18
191680	-1.20
174351	-1.20
174141	-1.21
179999	-1.22
172942	-1.25
173873	-1.26
171975	-1.28
174443	-1.28
171750	-1.31
172044	-1.35
178089	-1.36
181269	-1.39
175525	-1.45
179779	-1.49
176358	-1.49
178778	-1.50
266861	-1.57
172468	-1.64
176385	-1.68
174346	-1.75
175976	-1.85
176748	-1.94
177342	-2.43
175006	-2.43
174603	-2.66
