175976	6.71
172802	4.22
172268	4.16
177658	4.05
179502	3.91
172801	3.72
176358	3.65
175525	3.52
3565921	3.52
172249	3.50
176385	3.45
177873	3.43
178280	3.38
172467	3.34
176748	3.33
174333	3.23
174676	3.10
176373	3.03
175813	2.97
176503	2.90
266859	2.82
176359	2.71
172942	2.55
180040	2.40
176287	2.36
178778	2.36
175006	2.30
174478	2.23
177161	2.16
178536	2.11
171975	2.03
178074	1.89
172468	1.87
171917	1.72
176268	1.70
172858	1.64
176083	1.54
176196	1.51
177342	1.37
266830	1.30
174841	1.28
186085	1.28
174603	1.26
177753	1.14
176439	1.13
179999	1.11
173873	1.11
174458	1.10
172044	1.10
174571	1.09
173858	1.05
179671	1.04
172329	0.98
179472	0.88
179534	0.87
179153	0.83
178988	0.82
176301	0.78
174330	0.76
174318	0.72
172959	0.69
24104262	0.68
175549	0.63
172250	0.62
180028	0.53
178866	0.53
174659	0.46
175993	0.44
181044	0.41
175096	0.40
179899	0.39
181588	0.38
191680	0.37
188792	0.36
174351	0.31
174346	0.30
179779	0.30
176071	0.27
171809	0.26
178066	0.20
181036	0.18
176161	0.17
174669	0.16
179533	0.15
175972	0.14
180671	0.10
175877	0.09
172893	0.07
180767	0.06
178121	0.06
191677	-0.04
178415	-0.04
177583	-0.08
177985	-0.10
178943	-0.13
174443	-0.13
179936	-0.16
178049	-0.17
179941	-0.17
174421	-0.18
179267	-0.18
175419	-0.18
175501	-0.24
177724	-0.24
174367	-0.25
171750	-0.34
180522	-0.35
172201	-0.35
175703	-0.36
179739	-0.40
178933	-0.41
181250	-0.41
177503	-0.43
191648	-0.44
180833	-0.44
172251	-0.44
176380	-0.45
172732	-0.45
173334	-0.48
176891	-0.49
177521	-0.50
178279	-0.53
177481	-0.54
181269	-0.54
180535	-0.54
191667	-0.55
173744	-0.56
172860	-0.56
174371	-0.56
191670	-0.57
186326	-0.60
180359	-0.60
178507	-0.60
178012	-0.64
178024	-0.68
175879	-0.69
172743	-0.71
172901	-0.72
175819	-0.76
174141	-0.80
171692	-0.84
174379	-0.86
177190	-0.87
176718	-0.87
186325	-0.89
176137	-0.94
176509	-0.94
174203	-0.95
172243	-0.96
176118	-1.05
172074	-1.07
175546	-1.07
180072	-1.09
173078	-1.09
176437	-1.14
173235	-1.14
175493	-1.20
178577	-1.20
171602	-1.22
176807	-1.23
176146	-1.25
178089	-1.25
175316	-1.28
173260	-1.30
174705	-1.41
180357	-1.41
180073	-1.42
266837	-1.57
175716	-1.64
175462	-1.65
181705	-1.69
175492	-1.76
181491	-1.78
178987	-2.02
180942	-2.07
174423	-2.10
177364	-2.13
172981	-2.20
