172468	12.23
174669	9.68
175813	9.52
266859	8.45
177873	7.99
176301	7.46
174841	7.18
179502	6.93
176439	6.86
172268	6.81
176083	6.55
172802	6.19
176385	6.17
174659	6.05
175549	5.73
180040	5.60
176358	5.24
175006	5.07
177161	4.85
172249	4.80
174458	4.63
175096	4.61
172801	4.55
3565921	4.52
171917	4.38
176359	3.97
177658	3.78
177190	3.60
175976	3.58
175525	3.31
176287	3.22
176380	3.13
176509	3.09
172250	3.03
172251	3.00
178074	2.98
175492	2.88
178280	2.77
172467	2.76
175877	2.74
172329	2.56
178988	2.08
174333	2.02
24104262	1.92
179999	1.90
175493	1.89
178536	1.82
174676	1.74
178415	1.68
179534	1.66
175703	1.55
177985	1.41
172959	1.39
191677	1.32
266861	1.30
174203	1.27
186325	1.25
174346	1.22
176268	1.14
178049	1.11
171809	1.06
178507	1.06
172858	1.04
174421	1.03
172860	1.02
178866	1.02
179533	1.01
174603	0.98
176373	0.96
175972	0.93
178933	0.89
179267	0.86
178089	0.83
174351	0.80
174318	0.77
180522	0.74
174330	0.73
175819	0.70
181036	0.66
175462	0.65
176503	0.63
191670	0.57
176196	0.55
175716	0.47
173334	0.46
172044	0.44
172942	0.44
178121	0.43
191680	0.41
176748	0.41
178943	0.41
178066	0.32
180357	0.29
177342	0.26
186085	0.22
191667	0.20
179671	0.18
177521	0.16
174371	0.15
171975	0.14
175316	0.14
177364	0.09
177724	0.08
177753	0.07
188792	0.06
178577	0.03
173744	0.01
174705	-0.00
181588	-0.01
176437	-0.08
179899	-0.12
176161	-0.16
174423	-0.17
180072	-0.19
178279	-0.26
176807	-0.27
186326	-0.33
180073	-0.33
176137	-0.34
178024	-0.36
175419	-0.42
266837	-0.43
180767	-0.46
177583	-0.53
181491	-0.54
178778	-0.56
174141	-0.56
172981	-0.59
172243	-0.59
181705	-0.64
179936	-0.65
180359	-0.66
181044	-0.68
178987	-0.70
175501	-0.70
177481	-0.71
172743	-0.72
181269	-0.74
181250	-0.74
173858	-0.75
172074	-0.78
179739	-0.80
172732	-0.83
191648	-0.83
174571	-0.85
179472	-0.87
180671	-0.89
172201	-0.90
179779	-0.92
171692	-0.93
175546	-0.93
178012	-0.94
172893	-0.97
180942	-1.02
175993	-1.15
180028	-1.19
174478	-1.23
176118	-1.26
179941	-1.35
176071	-1.35
173078	-1.35
176891	-1.38
173260	-1.39
175879	-1.44
172901	-1.46
174367	-1.47
173235	-1.48
180535	-1.48
174443	-1.51
179153	-1.53
171602	-1.66
173873	-1.70
176146	-1.74
180833	-1.78
176718	-1.80
171750	-1.86
174379	-1.87
177503	-2.51
