172268	14.15
180040	12.47
174659	11.56
177161	9.93
176439	9.57
175525	9.37
172468	9.05
175813	8.97
266830	8.45
176385	8.39
172802	8.26
176359	7.38
177873	7.33
176358	7.15
178280	7.09
175976	6.97
177658	6.77
176287	6.69
171917	6.66
176301	6.63
174841	6.53
172329	6.33
172801	6.27
174458	5.56
175006	5.44
3565921	5.34
174333	5.14
179502	5.00
176503	4.90
174676	3.82
176748	3.66
175549	3.48
172251	3.48
172249	3.42
172467	3.29
178866	2.91
266861	2.82
174669	2.75
175096	2.71
179534	2.50
179999	2.49
174603	2.33
176196	2.30
175972	2.30
178988	2.29
177753	2.25
179671	2.16
172044	2.13
175877	2.07
173744	1.87
178536	1.79
178074	1.76
176373	1.66
172860	1.58
174203	1.53
186325	1.49
174346	1.34
191677	1.33
176268	1.33
173334	1.29
172942	1.21
176118	1.03
174571	0.98
173858	0.97
178049	0.95
191680	0.94
174318	0.93
172959	0.92
176083	0.88
177342	0.87
177521	0.86
174330	0.84
186326	0.81
175316	0.80
178943	0.75
180522	0.74
178066	0.72
177190	0.69
177724	0.64
175493	0.63
172250	0.63
176509	0.59
175703	0.59
174351	0.58
178778	0.57
175819	0.52
179267	0.52
176161	0.45
180073	0.43
178415	0.42
179941	0.38
188792	0.36
178089	0.33
191670	0.33
178121	0.32
179779	0.24
174705	0.22
180072	0.22
191667	0.20
175546	0.20
171809	0.18
181044	0.11
179899	0.10
178933	0.09
180028	0.09
181036	0.06
172858	0.03
176437	-0.02
171975	-0.04
174367	-0.05
180357	-0.10
172201	-0.13
175716	-0.22
24104262	-0.23
179533	-0.25
181705	-0.26
178024	-0.32
178279	-0.33
179936	-0.34
186085	-0.37
174421	-0.38
181588	-0.39
174478	-0.39
173078	-0.40
175462	-0.41
178987	-0.44
180535	-0.46
181250	-0.48
172732	-0.48
176807	-0.51
180671	-0.56
175501	-0.58
177364	-0.64
266837	-0.71
172981	-0.80
179472	-0.80
171750	-0.81
172901	-0.82
176137	-0.82
178577	-0.83
171602	-0.84
176380	-0.85
180767	-0.87
176718	-0.89
175879	-0.90
172243	-0.92
175419	-0.92
180942	-0.93
175993	-0.95
191648	-0.99
178507	-1.03
174443	-1.05
178012	-1.06
179153	-1.07
174423	-1.09
176891	-1.10
181269	-1.11
171692	-1.11
172743	-1.21
172074	-1.23
177503	-1.26
174371	-1.31
179739	-1.34
177583	-1.34
174141	-1.36
180359	-1.38
177985	-1.43
173873	-1.44
177481	-1.44
174379	-1.52
176146	-1.53
175492	-1.55
180833	-1.68
176071	-1.68
181491	-1.83
173235	-1.86
172893	-1.92
173260	-2.02
