175006	9.04
176358	6.68
176439	6.34
176359	5.96
174841	5.92
172329	5.91
172268	5.86
172468	5.65
177161	5.52
176385	5.41
266859	5.34
174659	5.17
171917	5.14
175813	5.07
180040	4.91
176301	4.65
266830	4.52
179502	4.51
172802	4.49
176748	4.38
177873	4.37
177658	4.09
178280	4.02
175976	4.01
178866	3.92
266861	3.52
176287	3.43
175525	3.22
178536	3.06
172801	2.77
179999	2.70
174333	2.53
175819	2.31
178415	2.25
173744	2.21
175879	2.18
171809	2.14
174676	2.07
174458	2.01
176503	1.94
172250	1.76
175096	1.67
172249	1.58
177583	1.55
174318	1.51
179936	1.51
178988	1.51
179671	1.47
176196	1.47
174203	1.43
174603	1.41
176373	1.36
175549	1.33
176509	1.33
172860	1.29
178089	1.28
177342	1.28
178066	1.27
176071	1.27
191680	1.24
176268	1.23
177521	1.21
172467	1.19
172074	1.19
174669	1.18
186326	1.15
174571	1.09
186325	1.08
177190	1.06
179941	1.03
181036	1.00
174421	1.00
181250	0.99
180535	0.94
180072	0.93
178012	0.92
191677	0.92
179739	0.89
180522	0.88
177753	0.87
176083	0.87
173334	0.86
176891	0.85
178074	0.83
174346	0.81
174367	0.75
180357	0.72
174379	0.70
179534	0.68
171692	0.68
173260	0.68
172942	0.67
175316	0.64
178778	0.63
174141	0.63
174423	0.61
178943	0.58
177481	0.57
176380	0.56
180767	0.55
172959	0.54
181044	0.53
179533	0.52
176161	0.48
179267	0.47
174330	0.45
191667	0.42
180028	0.42
175972	0.40
174443	0.40
180073	0.37
173858	0.37
175546	0.36
171975	0.35
175877	0.34
176718	0.30
177503	0.28
171602	0.27
176118	0.26
172201	0.23
173873	0.15
174371	0.14
179899	0.12
178577	0.09
175703	0.09
172981	0.07
266837	0.04
175501	-0.00
176146	-0.00
172044	-0.05
174478	-0.06
188792	-0.09
181588	-0.10
181491	-0.10
174351	-0.11
173235	-0.14
172901	-0.17
178049	-0.17
191670	-0.19
24104262	-0.21
178121	-0.21
179779	-0.22
175492	-0.24
178024	-0.24
171750	-0.25
175462	-0.27
175716	-0.29
180671	-0.36
174705	-0.39
180359	-0.40
176437	-0.42
177724	-0.43
172858	-0.48
178507	-0.52
172743	-0.52
173078	-0.54
186085	-0.55
191648	-0.56
177985	-0.57
175493	-0.60
172251	-0.60
178987	-0.62
179153	-0.66
172893	-0.67
181705	-0.68
177364	-0.72
175993	-0.96
178279	-1.00
172243	-1.02
180833	-1.08
179472	-1.13
178933	-1.15
172732	-1.22
175419	-1.27
176137	-1.33
180942	-1.59
181269	-1.83
176807	-1.98
