39088	19.30
37292	18.13
37235	17.34
37628	17.23
43573	15.40
37430	14.52
38983	14.30
33629	14.26
34420	14.11
33487	14.04
47219	13.52
44150	13.27
31700	13.26
32635	13.00
42464	12.60
31588	12.30
34352	11.92
37849	11.58
47218	11.57
34329	11.08
32700	10.90
34070	10.84
39484	10.49
38208	10.14
43864	9.66
34309	9.58
34419	9.37
31106	9.32
40451	8.83
31022	6.70
33835	6.54
33710	6.53
41347	5.81
43768	5.80
43739	5.66
45827	5.45
39251	4.91
48312	4.58
35422	4.47
37798	4.21
33118	3.71
37662	3.21
37922	3.16
31176	2.93
46069	2.80
31228	2.79
45269	2.72
32595	2.59
41432	2.54
42291	2.28
32789	2.22
41965	2.21
46058	2.11
44087	2.06
36018	2.02
37397	1.77
44072	1.64
37841	1.61
31521	1.56
33986	1.54
33269	1.26
37804	1.24
32045	1.24
31701	1.21
43229	1.20
41845	1.18
35288	1.18
33112	1.17
41840	1.07
42649	1.07
31838	1.05
36288	1.03
37355	0.97
32100	0.96
44326	0.91
40848	0.91
3354994	0.90
35970	0.79
41844	0.79
41860	0.71
38447	0.68
39396	0.63
43736	0.62
32133	0.60
32007	0.60
36308	0.59
39433	0.58
33373	0.54
35796	0.53
33105	0.51
42029	0.51
35305	0.49
31150	0.40
32545	0.39
31760	0.34
36617	0.33
31185	0.30
31215	0.29
34726	0.27
36017	0.20
35728	0.15
34794	0.14
34256	0.12
39014	0.11
38669	0.11
39879	0.11
44291	0.09
34504	0.01
31139	-0.04
41183	-0.09
33351	-0.13
39871	-0.15
42828	-0.15
38456	-0.16
37618	-0.19
32221	-0.21
43577	-0.21
39429	-0.27
43183	-0.29
43829	-0.33
37290	-0.35
42832	-0.37
33202	-0.39
42502	-0.40
34250	-0.42
37356	-0.44
41942	-0.44
46201	-0.46
36887	-0.48
42971	-0.48
33386	-0.50
36390	-0.52
34411	-0.59
31166	-0.59
40232	-0.60
43447	-0.60
43466	-0.60
43517	-0.62
36583	-0.63
33499	-0.64
43709	-0.66
44261	-0.73
41550	-0.75
43278	-0.75
37587	-0.76
36508	-0.83
31564	-0.83
35886	-0.86
40973	-0.87
35340	-0.89
34842	-0.92
39340	-0.93
37894	-0.95
40972	-0.97
42946	-1.02
33235	-1.05
47121	-1.06
35001	-1.06
35287	-1.09
35119	-1.12
32008	-1.19
41703	-1.19
31052	-1.22
38515	-1.24
42453	-1.29
34392	-1.32
42126	-1.41
34595	-1.42
34885	-1.43
40388	-1.51
34924	-1.51
44637	-1.54
35679	-1.59
31144	-1.60
41181	-1.65
46326	-1.69
40607	-1.73
37476	-2.12
