38208	15.97
39484	14.38
31588	13.38
34329	13.35
34070	12.67
31106	11.93
31700	11.34
34352	11.26
32635	11.25
32700	10.87
40451	10.67
34309	10.17
42464	10.03
37235	9.44
33629	9.41
35422	9.31
38983	9.27
43573	8.96
41347	8.59
34419	8.46
34420	8.44
43768	8.14
39088	8.01
47219	7.74
37292	7.65
47218	7.49
44150	7.44
33835	7.43
33487	7.08
43864	7.04
37628	6.96
31009	6.70
37430	6.54
33710	6.51
37849	5.81
33118	5.45
37798	4.07
45827	3.97
41840	3.50
42832	3.47
37397	3.38
32595	3.38
39433	3.28
43739	3.06
42291	2.79
3354994	2.72
32100	2.69
32133	2.56
31760	2.51
37662	2.45
43183	2.42
33202	2.25
40848	2.17
44072	2.14
31215	2.10
37922	1.95
39251	1.90
32789	1.87
41550	1.86
41845	1.76
35970	1.69
33986	1.61
36390	1.53
41860	1.51
43709	1.50
31521	1.48
44326	1.45
46058	1.43
36583	1.39
37587	1.39
35886	1.35
43829	1.35
33351	1.34
41844	1.30
44291	1.29
36288	1.26
32045	1.26
37804	1.24
35728	1.23
43736	1.22
31838	1.19
42946	1.18
43229	1.16
42029	1.11
38447	1.09
33373	1.06
46201	1.05
34885	1.02
36308	1.02
31166	0.99
33235	0.99
42971	0.97
31176	0.97
35288	0.86
37355	0.86
42649	0.86
32007	0.85
33112	0.84
46069	0.84
40388	0.77
37618	0.74
32545	0.72
37841	0.71
36617	0.70
39871	0.68
31701	0.65
37894	0.59
34411	0.59
37476	0.58
39429	0.58
44261	0.56
32008	0.56
34256	0.52
44087	0.51
31150	0.51
35287	0.50
41942	0.49
38669	0.48
33386	0.46
31139	0.44
41181	0.38
39014	0.36
31228	0.35
41432	0.34
42502	0.29
40232	0.27
34250	0.25
43447	0.24
40973	0.23
38515	0.23
43466	0.08
37356	0.00
32221	-0.05
31144	-0.05
31185	-0.06
39340	-0.07
35305	-0.15
36018	-0.17
35001	-0.18
41965	-0.20
42126	-0.21
43517	-0.34
35340	-0.35
34924	-0.36
39396	-0.39
45269	-0.41
47121	-0.42
41183	-0.42
33105	-0.48
34726	-0.48
42828	-0.49
34504	-0.53
48312	-0.61
37290	-0.63
34842	-0.69
44637	-0.80
46326	-0.81
43577	-0.83
41703	-0.85
39879	-0.86
36508	-0.86
31052	-0.88
35119	-1.01
34392	-1.02
33269	-1.09
36887	-1.11
40607	-1.18
34595	-1.26
43278	-1.26
40972	-1.32
36017	-1.35
38456	-1.44
42453	-1.47
35796	-1.49
35679	-1.60
34794	-1.63
31564	-1.66
33499	-1.68
