43278	9.18
35679	9.11
42453	8.03
40973	8.03
46326	7.00
35119	6.95
35796	6.87
44637	6.80
41703	6.62
34392	6.48
36887	6.28
36017	6.23
47121	6.16
33499	5.71
34794	5.46
40607	5.25
37290	5.10
34595	5.04
39014	4.69
40972	4.39
43229	4.26
36617	4.10
38669	4.08
34924	3.91
35305	3.59
35288	3.47
31139	3.40
31701	3.39
37476	3.34
34842	3.10
31838	2.83
37798	2.77
35001	2.73
41860	2.57
43517	2.47
42126	2.13
32045	2.12
42649	2.07
37397	2.00
43466	1.97
37662	1.96
42946	1.95
34250	1.85
44326	1.79
39340	1.75
41844	1.74
41942	1.70
44087	1.64
42502	1.58
36288	1.58
37618	1.49
33112	1.46
42971	1.44
40388	1.44
37587	1.40
32595	1.36
31176	1.29
33269	1.18
34885	1.12
33118	1.12
38515	1.09
31228	1.08
43739	1.08
44261	1.04
37894	1.04
42029	1.02
44072	1.01
37922	0.96
39433	0.95
31166	0.95
36583	0.95
46201	0.94
33105	0.94
45827	0.94
39871	0.91
34256	0.86
33986	0.84
43577	0.81
35287	0.80
43829	0.77
39429	0.76
34309	0.70
36508	0.70
36308	0.64
33710	0.62
33202	0.61
33373	0.61
41840	0.56
34504	0.51
36390	0.50
42828	0.49
35886	0.49
40232	0.36
46069	0.36
32008	0.28
34411	0.20
39396	0.14
3354994	0.13
32007	0.01
31150	0.01
41845	-0.03
42832	-0.08
44291	-0.09
37356	-0.10
31106	-0.11
32545	-0.13
43447	-0.14
31185	-0.14
34070	-0.16
34726	-0.16
43736	-0.16
31760	-0.17
34352	-0.17
31215	-0.21
40451	-0.24
31588	-0.26
41432	-0.27
32789	-0.28
34419	-0.30
42291	-0.32
43864	-0.34
41347	-0.36
32635	-0.37
33835	-0.39
35422	-0.42
37804	-0.43
31700	-0.46
39879	-0.46
48312	-0.47
41965	-0.48
41550	-0.55
43768	-0.55
37355	-0.57
39484	-0.58
33629	-0.60
33386	-0.62
43709	-0.66
32133	-0.67
33235	-0.68
31144	-0.69
42464	-0.71
33351	-0.71
41183	-0.72
35728	-0.74
43183	-0.74
38208	-0.75
34329	-0.77
32100	-0.79
38456	-0.80
31564	-0.81
38983	-0.82
35340	-0.83
45269	-0.87
31022	-0.88
43573	-0.90
47218	-0.91
37235	-0.94
37628	-0.94
46058	-0.97
33487	-0.99
37430	-0.99
32700	-1.00
34420	-1.01
39088	-1.08
47219	-1.10
44150	-1.12
37292	-1.19
41181	-1.20
36018	-1.21
31009	-1.22
37849	-1.24
38447	-1.31
31521	-1.62
39251	-1.64
40848	-1.79
35970	-1.79
37841	-1.87
32221	-1.95
