40451	18.59
34309	18.39
34070	17.11
31700	15.54
34329	15.22
31588	15.16
34352	14.18
32635	14.05
38208	13.77
39484	13.15
38983	13.02
43573	12.93
32700	12.85
37628	12.29
31022	11.93
42464	11.92
37235	11.59
34420	11.48
39088	11.31
33629	11.13
33487	11.10
47218	10.26
44150	10.01
33710	9.41
31009	9.32
47219	9.26
37292	8.96
37430	8.71
41347	8.53
43864	8.23
34419	8.07
33835	7.47
37849	7.39
43768	7.17
35422	7.13
43739	5.89
45827	5.84
37798	5.30
37662	5.05
33118	4.62
31176	4.00
32595	3.84
37397	3.78
36308	3.57
41860	3.44
37922	3.35
42029	3.29
31760	2.96
39433	2.93
32789	2.93
42291	2.61
44326	2.58
41840	2.58
42649	2.44
45269	2.42
40848	2.36
46058	2.35
39251	2.33
32045	2.30
33986	2.28
36288	2.18
31228	2.15
31701	2.11
31838	2.06
38447	2.01
44072	2.00
41432	1.93
43229	1.90
33112	1.85
31521	1.85
31150	1.79
46069	1.77
32133	1.61
36018	1.56
34504	1.51
41845	1.51
48312	1.47
43183	1.46
43736	1.46
43447	1.39
37841	1.39
44087	1.33
35288	1.32
37804	1.32
33351	1.25
3354994	1.24
35728	1.20
39396	1.13
38669	1.12
32100	1.05
33373	1.01
42832	0.97
44291	0.93
33269	0.90
31185	0.87
33202	0.87
37618	0.85
32007	0.82
40232	0.81
37290	0.79
33105	0.79
33235	0.79
40388	0.77
41844	0.73
46326	0.71
36617	0.69
37476	0.66
37587	0.66
43577	0.65
41183	0.63
42971	0.61
36583	0.50
34411	0.49
31215	0.45
43829	0.44
41942	0.44
41965	0.41
39879	0.39
35970	0.39
34256	0.37
43517	0.32
40973	0.32
33386	0.32
32545	0.32
43709	0.29
35305	0.28
31166	0.27
34250	0.26
35886	0.25
37355	0.22
36390	0.20
38515	0.18
42502	0.14
34726	0.13
37894	0.11
44261	0.10
32008	0.09
41550	0.05
31139	0.05
46201	0.03
34885	-0.02
42828	-0.05
31052	-0.11
39340	-0.21
37356	-0.21
39014	-0.27
35796	-0.35
43466	-0.39
33499	-0.42
34794	-0.43
42126	-0.61
35287	-0.63
38456	-0.69
36887	-0.70
31144	-0.73
39429	-0.75
35001	-0.77
35119	-0.82
36508	-0.86
35340	-0.86
42946	-0.87
31564	-0.89
34924	-0.90
32221	-0.92
39871	-0.93
34595	-0.99
35679	-0.99
36017	-1.02
47121	-1.16
43278	-1.21
34842	-1.25
34392	-1.25
40607	-1.33
44637	-1.34
41181	-1.44
42453	-1.65
41703	-1.82
40972	-2.28
