42126	7.15
42946	6.91
42971	6.29
37618	6.01
38515	5.52
35288	5.36
35119	5.17
35001	4.95
43517	4.79
34250	4.79
39429	4.54
40232	4.51
42453	4.29
35287	4.16
35679	3.95
40607	3.93
43466	3.92
39340	3.86
47121	3.72
46326	3.70
43278	3.54
31052	3.40
34794	3.34
40973	3.20
35796	3.10
34842	3.00
41703	2.96
34924	2.85
34392	2.80
34411	2.77
44637	2.70
34595	2.68
36017	2.29
36390	2.23
37290	2.19
34504	2.15
37476	2.02
31166	2.00
43229	1.82
33499	1.75
38669	1.46
41942	1.38
39014	1.23
40972	1.19
36887	1.15
41844	1.00
38456	0.97
33202	0.93
37356	0.93
39396	0.91
31838	0.90
44261	0.89
44326	0.85
37894	0.77
37922	0.68
37798	0.66
33386	0.60
42291	0.50
35970	0.48
42828	0.47
31022	0.44
35886	0.40
32045	0.39
46201	0.36
37804	0.36
43736	0.35
31564	0.29
38208	0.28
31760	0.27
43709	0.24
32100	0.20
32789	0.20
31701	0.19
31185	0.17
33351	0.17
42029	0.15
41432	0.14
33373	0.11
35340	0.06
31106	0.05
43577	0.01
33118	0.00
40388	0.00
31521	-0.01
31009	-0.04
35728	-0.07
42832	-0.08
41845	-0.08
36308	-0.10
34726	-0.10
46069	-0.11
36617	-0.14
42502	-0.15
34256	-0.15
34419	-0.16
43183	-0.16
37587	-0.17
41550	-0.19
34329	-0.19
41860	-0.19
37430	-0.24
33105	-0.25
44291	-0.26
34070	-0.27
33986	-0.27
31215	-0.30
33629	-0.31
37397	-0.32
43573	-0.33
31144	-0.35
31150	-0.37
43447	-0.40
47219	-0.45
43829	-0.46
37355	-0.46
39871	-0.48
32133	-0.50
34352	-0.52
42649	-0.52
41840	-0.53
37628	-0.54
47218	-0.55
45827	-0.55
32007	-0.56
40848	-0.57
36018	-0.57
38447	-0.58
37662	-0.59
43739	-0.60
39484	-0.60
32545	-0.62
36288	-0.62
34309	-0.63
33487	-0.67
41347	-0.68
36583	-0.69
31588	-0.69
37292	-0.72
37849	-0.74
39251	-0.74
3354994	-0.75
41183	-0.75
37235	-0.75
32635	-0.77
34885	-0.78
35305	-0.79
38983	-0.79
31176	-0.79
31700	-0.80
32221	-0.81
40451	-0.81
36508	-0.82
44072	-0.84
42464	-0.85
39088	-0.85
45269	-0.89
32700	-0.89
46058	-0.99
39879	-1.02
33269	-1.04
48312	-1.04
41965	-1.13
32595	-1.14
31228	-1.16
39433	-1.20
33112	-1.28
44150	-1.30
34420	-1.37
33235	-1.43
32008	-1.44
44087	-1.52
43768	-1.59
43864	-1.63
33710	-1.75
41181	-1.77
33835	-1.81
35422	-1.82
37841	-1.90
