31521	3.53
41942	3.22
32221	3.19
33235	2.75
41844	2.75
43709	2.72
32100	2.72
32133	2.67
44072	2.66
37894	2.26
42828	2.15
31215	2.09
40848	2.07
41550	1.97
41181	1.96
33202	1.71
47121	1.64
37841	1.63
35001	1.58
41840	1.56
36018	1.51
33105	1.41
40388	1.37
34885	1.30
37356	1.29
32007	1.22
46201	1.22
36390	1.21
42502	1.19
33118	1.15
35970	1.11
35340	1.10
38447	1.08
31150	1.08
43229	1.06
42832	1.04
37618	1.00
39871	0.94
44261	0.93
35287	0.93
43517	0.92
42649	0.91
45269	0.82
35422	0.81
31166	0.75
38669	0.75
39340	0.73
32545	0.69
3354994	0.69
32595	0.67
37587	0.66
40972	0.60
34726	0.57
38515	0.53
42029	0.51
45827	0.50
42291	0.48
36583	0.46
39014	0.44
41860	0.43
31760	0.41
42946	0.36
43768	0.36
43829	0.34
43447	0.33
44087	0.32
36308	0.32
33112	0.29
43466	0.28
33386	0.28
40232	0.28
46058	0.22
37476	0.22
33269	0.22
42971	0.21
43183	0.20
41347	0.19
33835	0.18
39433	0.18
39429	0.18
39251	0.14
31176	0.13
31701	0.12
43736	0.11
32008	0.07
34924	0.04
41432	0.03
34411	0.03
34392	0.00
31022	-0.05
34070	-0.06
31838	-0.08
38456	-0.12
36288	-0.17
44326	-0.20
34504	-0.25
44291	-0.30
41183	-0.31
34329	-0.32
31139	-0.35
41845	-0.35
39396	-0.35
31228	-0.35
33351	-0.40
37397	-0.42
35728	-0.42
39879	-0.46
43864	-0.50
42126	-0.52
35679	-0.53
38208	-0.54
43739	-0.62
31588	-0.65
35119	-0.66
31700	-0.69
36017	-0.69
31052	-0.69
32789	-0.70
37662	-0.70
31564	-0.72
31106	-0.73
40451	-0.76
40973	-0.77
31185	-0.78
40607	-0.80
34420	-0.81
41965	-0.85
37922	-0.85
34256	-0.87
37355	-0.88
37290	-0.89
36508	-0.92
33986	-0.93
32045	-0.93
44150	-0.99
34419	-0.99
34842	-1.05
39484	-1.13
35886	-1.16
47218	-1.16
36617	-1.16
47219	-1.17
35288	-1.23
46069	-1.26
37628	-1.27
43577	-1.27
33710	-1.28
33499	-1.28
33373	-1.30
35305	-1.37
34352	-1.40
42453	-1.44
48312	-1.46
32635	-1.48
37804	-1.56
44637	-1.60
31009	-1.60
33629	-1.62
39088	-1.63
42464	-1.64
46326	-1.66
32700	-1.72
37798	-1.74
37849	-1.79
43278	-1.79
33487	-1.81
34250	-1.88
34595	-1.94
36887	-1.96
41703	-2.05
34309	-2.12
43573	-2.12
37292	-2.20
38983	-2.42
37430	-2.63
34794	-2.64
35796	-2.71
37235	-2.93
