44326	9.23
31228	8.90
41845	5.74
42291	5.60
41432	5.42
32045	5.29
38447	5.21
37587	4.77
36508	4.28
37922	3.81
48312	3.75
46058	3.59
43739	3.52
46069	3.47
36583	3.34
33269	2.88
41965	2.87
31176	2.81
31760	2.68
36018	2.67
42029	2.62
39251	2.60
32789	2.52
40848	2.50
37662	2.47
35305	2.45
43447	2.45
33373	2.40
42649	2.38
31838	2.34
39879	2.10
33105	2.08
42828	2.07
41860	2.06
36308	2.04
34309	2.00
37628	1.99
45269	1.96
42832	1.91
40451	1.91
33499	1.83
31106	1.79
36288	1.77
31701	1.75
44072	1.72
34329	1.72
38983	1.62
32007	1.60
33710	1.59
37894	1.59
35728	1.59
43229	1.57
34885	1.55
44087	1.53
37235	1.51
36887	1.50
37804	1.50
33487	1.47
34504	1.44
32595	1.44
45827	1.42
32635	1.30
43736	1.24
31700	1.24
40388	1.20
43183	1.17
38208	1.10
31144	1.08
41844	1.03
33351	1.00
38669	0.94
41840	0.94
32700	0.90
39433	0.90
31185	0.89
33202	0.87
43829	0.87
37476	0.87
34070	0.79
37290	0.79
31166	0.78
41942	0.76
37841	0.74
32545	0.74
34411	0.73
37430	0.73
43573	0.67
33112	0.63
41550	0.63
34794	0.61
39396	0.60
31588	0.60
42464	0.58
43517	0.57
41181	0.54
42502	0.54
31022	0.51
37292	0.51
46326	0.47
31009	0.40
36390	0.37
38515	0.35
43278	0.32
34352	0.28
44261	0.28
39429	0.28
33986	0.26
34595	0.25
33629	0.22
35796	0.20
41703	0.17
39088	0.16
34924	0.13
35886	0.13
35679	0.11
43466	0.09
44291	0.08
43864	0.06
42453	0.06
40607	0.05
37397	0.04
43577	0.03
31052	0.01
36017	-0.00
31564	-0.00
39484	-0.02
47219	-0.03
33835	-0.07
40232	-0.11
31215	-0.12
37355	-0.12
47218	-0.17
3354994	-0.18
42946	-0.18
35287	-0.19
35001	-0.22
31521	-0.23
32008	-0.23
41183	-0.24
37798	-0.30
39014	-0.32
37618	-0.35
37849	-0.35
41347	-0.37
31139	-0.37
43709	-0.38
33386	-0.38
37356	-0.40
34726	-0.43
46201	-0.46
47121	-0.46
39871	-0.47
42971	-0.48
34256	-0.51
33235	-0.55
40973	-0.58
36617	-0.58
40972	-0.65
34392	-0.68
34250	-0.77
32133	-0.78
35970	-0.78
39340	-0.79
34420	-0.79
44637	-0.80
32221	-0.86
32100	-0.93
35119	-0.99
43768	-1.06
35340	-1.14
34419	-1.32
42126	-1.39
44150	-1.39
38456	-1.41
35288	-1.61
35422	-1.77
34842	-2.21
33118	-2.37
