35728	6.52
33386	6.27
42291	4.97
32007	4.94
41845	4.81
33351	4.45
43829	4.40
41432	4.19
43447	3.92
42832	3.74
43183	3.63
46069	3.60
35886	3.43
39396	3.35
38447	3.23
32545	3.19
34885	2.64
32221	2.37
44291	2.02
31139	2.00
34256	1.76
38515	1.66
37894	1.66
41942	1.64
43736	1.58
31838	1.58
42971	1.57
41550	1.50
34924	1.49
40973	1.48
47121	1.48
43229	1.47
42029	1.42
40232	1.42
32789	1.35
31185	1.34
34392	1.31
35679	1.31
35970	1.30
32100	1.27
42828	1.25
40607	1.20
46326	1.18
38456	1.18
37618	1.17
37922	1.17
40388	1.16
32008	1.12
38208	1.09
40848	1.08
42946	1.05
37804	1.03
33373	1.01
43517	1.00
31022	0.99
39340	0.98
36308	0.98
31052	0.95
35287	0.95
43466	0.94
41840	0.91
31760	0.91
33105	0.88
44637	0.88
34842	0.85
35001	0.81
33835	0.78
31150	0.78
40451	0.78
42126	0.77
33986	0.76
31144	0.75
36390	0.74
31700	0.68
41844	0.68
39014	0.67
41183	0.67
34504	0.62
32133	0.61
31215	0.59
42453	0.57
34309	0.56
32635	0.54
39429	0.54
33499	0.52
3354994	0.47
32700	0.43
33235	0.39
38669	0.38
31588	0.37
32595	0.37
44261	0.32
41347	0.31
43739	0.31
33202	0.31
44072	0.30
31106	0.27
31521	0.26
35422	0.25
34070	0.22
37798	0.21
36583	0.20
37587	0.19
42464	0.13
40972	0.12
41703	0.11
43278	0.07
35288	0.05
34352	0.04
37290	0.04
42649	0.04
39484	-0.02
33118	-0.02
44326	-0.06
34726	-0.07
37235	-0.09
34329	-0.11
37476	-0.12
43768	-0.15
39088	-0.18
37841	-0.20
34595	-0.20
34420	-0.25
34411	-0.30
39251	-0.33
35796	-0.35
36017	-0.38
43864	-0.38
45269	-0.39
37397	-0.40
35119	-0.42
31228	-0.44
44150	-0.45
31176	-0.45
41860	-0.47
39433	-0.48
36508	-0.48
34250	-0.49
43577	-0.52
39879	-0.52
37356	-0.55
47218	-0.55
35305	-0.57
48312	-0.58
45827	-0.58
38983	-0.59
31009	-0.59
36887	-0.60
46058	-0.63
35340	-0.63
36018	-0.65
43709	-0.66
37292	-0.66
37355	-0.69
43573	-0.73
33112	-0.73
37628	-0.74
33629	-0.76
34794	-0.78
31701	-0.81
41181	-0.84
47219	-0.85
36288	-0.87
42502	-0.89
33710	-0.90
31564	-0.91
37662	-0.98
33487	-0.99
37430	-1.01
44087	-1.05
33269	-1.17
37849	-1.20
39871	-1.37
36617	-1.46
41965	-1.49
32045	-1.55
46201	-1.78
34419	-1.92
