33112	6.45
31701	6.34
33269	6.19
42502	5.62
37662	5.14
37397	5.07
44087	5.05
37798	4.25
41860	4.11
31106	4.00
34309	3.99
48312	3.92
36288	3.63
37235	3.30
46201	3.26
3354994	3.18
36617	3.16
33710	3.03
33487	3.00
31588	2.98
31009	2.93
35305	2.90
32700	2.89
32635	2.86
44150	2.86
33118	2.83
31700	2.82
39871	2.82
31150	2.81
43739	2.80
34070	2.79
42029	2.76
34352	2.75
43573	2.72
39088	2.67
37628	2.59
42464	2.52
33629	2.44
44326	2.43
39484	2.43
38983	2.36
45827	2.35
41347	2.34
40451	2.31
36308	2.26
42649	2.25
38208	2.19
34420	2.14
34419	2.09
33986	2.09
37430	2.04
37922	2.04
38669	1.98
47219	1.96
34329	1.94
41965	1.87
32595	1.86
37292	1.86
36887	1.83
44072	1.82
43229	1.79
37849	1.78
47218	1.72
41844	1.67
36508	1.66
32045	1.59
31228	1.50
32008	1.42
31760	1.36
31052	1.29
43864	1.18
34595	1.16
45269	1.16
37476	1.14
39879	1.08
41942	1.01
32100	0.97
31022	0.97
43768	0.93
44261	0.91
33373	0.88
33235	0.86
31838	0.84
31185	0.83
38447	0.68
43577	0.67
42453	0.65
41183	0.63
34504	0.61
37804	0.56
35288	0.55
37356	0.53
36018	0.49
34885	0.48
41840	0.44
31564	0.43
46069	0.41
37841	0.40
36017	0.35
39433	0.34
35001	0.30
39396	0.29
43517	0.22
36583	0.22
33835	0.22
42832	0.21
46326	0.20
34392	0.17
35422	0.17
31144	0.13
41845	0.06
34411	0.06
32007	0.06
39014	0.02
37587	0.02
35970	0.00
35679	-0.03
46058	-0.05
35796	-0.06
32789	-0.09
33499	-0.15
39251	-0.20
41181	-0.20
37618	-0.24
34256	-0.28
37290	-0.30
43183	-0.31
40973	-0.33
41432	-0.34
37355	-0.36
40232	-0.37
32221	-0.40
43709	-0.42
43736	-0.43
40848	-0.45
31166	-0.45
44637	-0.51
43447	-0.53
34726	-0.55
33202	-0.56
34250	-0.58
38515	-0.59
42291	-0.64
31521	-0.71
31139	-0.79
47121	-0.80
34794	-0.80
36390	-0.80
42971	-1.08
44291	-1.09
41550	-1.12
40607	-1.14
35886	-1.14
33105	-1.17
43466	-1.22
33351	-1.23
39429	-1.26
37894	-1.28
42828	-1.33
41703	-1.42
43278	-1.46
32545	-1.46
39340	-1.49
42946	-1.57
40388	-1.59
43829	-1.64
33386	-1.70
42126	-1.71
35340	-1.74
35119	-1.81
34842	-1.82
32133	-1.96
35728	-2.04
34924	-2.10
40972	-2.22
31215	-2.23
35287	-2.28
38456	-3.22
