37804	13.49
33373	6.08
35886	5.70
39251	5.13
44291	4.96
33351	4.89
31760	4.41
32545	4.39
37922	4.14
35728	4.14
42828	3.90
33386	3.87
34256	3.85
43739	3.65
32789	3.53
32045	3.23
42029	2.99
43183	2.92
33105	2.72
45269	2.66
33986	2.66
38447	2.51
36308	2.45
46058	2.39
43447	2.34
32595	2.33
41432	2.16
43577	2.13
36018	2.09
40388	2.08
40451	2.01
42649	1.95
37894	1.94
36583	1.90
31838	1.83
37356	1.75
42291	1.72
31228	1.70
31521	1.64
36508	1.62
34885	1.55
41840	1.46
43829	1.44
31166	1.34
36288	1.27
44326	1.22
39396	1.20
33202	1.15
33499	1.10
31564	1.05
38208	1.05
32635	1.04
32133	1.02
37628	0.97
41845	0.90
31150	0.89
31106	0.87
31176	0.83
35288	0.77
31215	0.77
34309	0.77
46069	0.76
37618	0.76
34070	0.75
34794	0.74
34726	0.74
35305	0.72
38456	0.70
43278	0.67
39879	0.66
37662	0.58
41347	0.56
32007	0.53
33487	0.45
32700	0.44
48312	0.43
41550	0.41
46326	0.35
40973	0.33
41703	0.30
31700	0.30
31009	0.30
33269	0.24
45827	0.24
37476	0.23
37235	0.22
39433	0.19
31139	0.17
37290	0.17
42946	0.15
36887	0.15
44087	0.10
37587	0.10
44637	0.10
37292	0.09
33112	0.08
31701	0.07
39340	0.06
40848	0.05
34392	0.01
37841	-0.05
31022	-0.06
35970	-0.07
39429	-0.08
37397	-0.10
37798	-0.10
41860	-0.11
41183	-0.13
31052	-0.14
37849	-0.15
34329	-0.16
43466	-0.16
47219	-0.20
38983	-0.23
35679	-0.25
44150	-0.25
33835	-0.29
36017	-0.32
47218	-0.36
39014	-0.36
42971	-0.37
37355	-0.40
40607	-0.42
34595	-0.44
35119	-0.46
32008	-0.47
40972	-0.50
34504	-0.54
34924	-0.54
34420	-0.54
42464	-0.55
34250	-0.57
42832	-0.58
42126	-0.59
44072	-0.60
35340	-0.61
38515	-0.62
41942	-0.62
36617	-0.63
39088	-0.63
34411	-0.64
47121	-0.64
31588	-0.68
35287	-0.69
35422	-0.72
43573	-0.73
34352	-0.78
31144	-0.78
40232	-0.80
35796	-0.84
41844	-0.92
37430	-0.95
43768	-0.99
39871	-0.99
43864	-1.04
43517	-1.05
32221	-1.07
42502	-1.07
44261	-1.11
39484	-1.11
42453	-1.14
32100	-1.32
33629	-1.32
33235	-1.35
38669	-1.40
41181	-1.54
35001	-1.59
43736	-1.64
46201	-1.68
34842	-1.68
33710	-1.78
43229	-1.85
41965	-1.96
33118	-2.04
3354994	-2.17
43709	-2.28
36390	-2.54
34419	-2.88
