32133	17.42
33202	4.84
44261	4.49
39433	4.44
37894	4.08
42029	3.28
36583	3.27
40388	3.27
42828	2.97
36288	2.91
42649	2.65
31521	2.59
37804	2.44
33105	2.39
44072	2.37
36308	2.34
44291	2.33
41840	2.25
37922	2.20
38208	2.18
31022	2.10
31144	2.09
37587	2.05
40848	2.01
39879	1.94
31838	1.89
41844	1.88
32595	1.83
34885	1.82
44326	1.77
41347	1.50
32045	1.47
34070	1.34
35422	1.33
36390	1.24
34392	1.16
36018	1.16
32221	1.15
34329	1.08
43183	1.08
31760	1.08
36617	1.05
33386	1.03
38456	1.01
47121	0.95
32100	0.94
35305	0.83
33835	0.83
35970	0.83
39484	0.83
37397	0.82
33629	0.82
42126	0.81
34924	0.80
31564	0.80
35886	0.80
37841	0.79
43709	0.78
31185	0.77
33351	0.77
45269	0.77
43829	0.75
42291	0.71
43736	0.69
31166	0.59
40607	0.59
31588	0.58
37476	0.57
35287	0.56
41860	0.55
3354994	0.52
32008	0.51
43768	0.49
41181	0.48
36508	0.47
40451	0.46
31106	0.45
44637	0.44
36887	0.43
43739	0.41
40972	0.39
41550	0.39
39088	0.37
43466	0.36
42946	0.34
48312	0.32
34352	0.30
32700	0.30
31009	0.29
34419	0.29
33112	0.27
40973	0.26
35728	0.20
37356	0.19
43573	0.17
46058	0.16
45827	0.13
33373	0.13
39340	0.11
33710	0.10
35679	0.10
35340	0.10
34309	0.09
32545	0.07
37290	0.07
37292	0.03
34726	0.03
44150	0.01
33487	-0.01
43229	-0.01
37628	-0.02
32007	-0.07
35119	-0.11
31150	-0.12
37849	-0.16
33235	-0.18
47219	-0.21
31052	-0.21
39014	-0.30
41942	-0.30
31139	-0.30
33269	-0.36
41183	-0.37
36017	-0.41
34420	-0.42
37430	-0.42
37235	-0.43
42453	-0.44
42502	-0.45
41965	-0.45
34256	-0.46
46201	-0.48
34794	-0.49
38447	-0.50
31700	-0.52
43447	-0.52
42464	-0.56
44087	-0.57
42832	-0.57
32789	-0.59
41703	-0.59
33499	-0.60
38515	-0.61
32635	-0.61
31228	-0.62
39871	-0.62
37662	-0.63
37355	-0.63
43278	-0.65
38983	-0.65
39429	-0.66
35001	-0.67
42971	-0.68
41432	-0.69
43864	-0.70
41845	-0.76
47218	-0.79
39251	-0.81
34504	-0.83
33986	-0.90
40232	-0.94
37618	-1.06
38669	-1.08
46326	-1.12
35288	-1.18
37798	-1.21
46069	-1.23
34411	-1.25
34250	-1.34
43577	-1.40
31701	-1.67
43517	-1.72
39396	-1.81
33118	-1.95
35796	-1.95
34842	-2.08
31176	-2.23
34595	-2.46
