31150	8.90
44326	7.94
43739	6.75
41432	5.48
37587	4.98
42291	4.89
41845	4.83
46069	4.72
32789	4.25
32045	3.75
38447	3.66
37922	3.64
32595	3.61
37628	3.46
38983	3.44
41965	3.14
39251	3.04
31009	2.79
37235	2.76
48312	2.73
37430	2.59
43573	2.58
43447	2.54
33487	2.53
34309	2.53
37292	2.51
40451	2.48
45269	2.37
36288	2.35
36308	2.34
42029	2.30
32635	2.20
36508	2.19
39088	2.19
46058	2.16
31106	2.15
34329	2.13
47218	2.08
31700	2.03
35305	2.02
37662	2.01
42649	2.00
32007	1.99
43829	1.98
45827	1.96
33629	1.93
33105	1.93
31838	1.87
41860	1.81
31760	1.80
34420	1.79
32545	1.78
37841	1.77
34352	1.75
47219	1.73
33373	1.72
34070	1.71
31185	1.70
42464	1.68
35728	1.63
31701	1.60
43864	1.57
33269	1.57
44087	1.57
38208	1.51
31176	1.50
37849	1.49
33351	1.47
37804	1.38
33499	1.33
39879	1.33
36018	1.33
33710	1.28
42832	1.27
43466	1.23
41840	1.19
32700	1.17
37397	1.14
37798	1.14
31588	1.11
31052	1.08
33112	1.07
34595	1.06
43278	1.06
42828	0.96
44072	0.92
36887	0.89
33986	0.88
46326	0.84
43229	0.82
44150	0.80
34411	0.76
39433	0.65
43183	0.61
43768	0.58
34504	0.58
39484	0.57
35796	0.56
37618	0.55
33202	0.53
36583	0.44
31022	0.35
41183	0.33
42453	0.29
41703	0.28
36017	0.28
36617	0.27
43736	0.26
35119	0.26
34885	0.26
40848	0.22
46201	0.22
41550	0.19
34794	0.19
40388	0.15
44637	0.15
32008	0.07
43517	0.05
41347	0.04
37355	0.03
41844	-0.01
33835	-0.04
42502	-0.07
32100	-0.11
40973	-0.15
39871	-0.17
41942	-0.20
35679	-0.21
37290	-0.22
44291	-0.22
37894	-0.22
33386	-0.23
38515	-0.26
43577	-0.27
39429	-0.28
34924	-0.28
38669	-0.28
39014	-0.29
34256	-0.29
34419	-0.30
44261	-0.32
35287	-0.32
31144	-0.35
35340	-0.38
31521	-0.41
37476	-0.44
31166	-0.44
39340	-0.50
40972	-0.56
47121	-0.56
37356	-0.57
31215	-0.62
34842	-0.65
41181	-0.66
35288	-0.66
42971	-0.72
34726	-0.72
39396	-0.74
35001	-0.78
31564	-0.80
35886	-0.83
34392	-0.86
42946	-0.89
40607	-0.91
43709	-0.97
32221	-1.12
31139	-1.16
35970	-1.16
40232	-1.17
35422	-1.21
34250	-1.28
33118	-1.34
33235	-1.44
42126	-1.51
3354994	-1.68
36390	-1.79
38456	-1.92
32133	-2.07
