40848	6.54
37841	6.37
32133	4.76
42828	4.21
36308	3.96
41844	3.88
31760	3.86
33105	3.70
31144	3.53
41840	3.51
41550	3.40
44072	3.36
40388	3.32
35422	3.28
45269	3.20
33835	3.04
42029	2.95
38208	2.91
42649	2.78
34070	2.70
42971	2.64
32595	2.60
31215	2.59
43739	2.55
39484	2.44
37894	2.31
37356	2.31
31838	2.30
36018	2.21
41347	2.20
43229	2.14
37355	2.05
37235	2.04
31588	2.04
33202	2.03
34309	1.91
31700	1.91
43768	1.88
34352	1.85
47218	1.85
31106	1.85
32635	1.76
40451	1.74
46058	1.70
38983	1.67
32700	1.67
40232	1.66
41860	1.66
31185	1.64
37290	1.64
31009	1.56
34504	1.54
41942	1.54
39340	1.52
31022	1.48
32545	1.46
42832	1.45
35340	1.41
32221	1.38
43864	1.35
39433	1.31
32007	1.29
33112	1.26
39014	1.25
42291	1.24
32100	1.23
39429	1.19
38456	1.19
34885	1.15
37618	1.13
37292	1.12
43573	1.07
43829	1.06
42464	1.03
36390	1.00
47121	1.00
33235	0.95
34329	0.93
44291	0.93
47219	0.92
37798	0.91
37849	0.89
41183	0.84
39251	0.83
34392	0.81
38515	0.79
32045	0.78
33351	0.78
44150	0.78
33629	0.76
43517	0.76
39088	0.71
37922	0.69
38669	0.69
34420	0.67
32789	0.64
37628	0.62
37587	0.60
34411	0.58
43466	0.54
33269	0.50
44637	0.49
36583	0.46
34726	0.43
40972	0.39
35287	0.37
43736	0.34
37397	0.32
33373	0.29
31701	0.27
31166	0.26
33386	0.25
39879	0.24
36288	0.23
46201	0.22
40973	0.20
43183	0.18
35970	0.18
38447	0.13
3354994	0.11
43278	0.10
34924	0.08
33710	0.08
42502	0.04
42126	0.03
31139	-0.01
37476	-0.04
33499	-0.04
37804	-0.05
36887	-0.07
34794	-0.15
40607	-0.16
41181	-0.21
35305	-0.23
35679	-0.23
31150	-0.23
44087	-0.23
37662	-0.24
43577	-0.25
41965	-0.26
39871	-0.27
35728	-0.31
33487	-0.34
42946	-0.36
36017	-0.38
34250	-0.41
31228	-0.41
44326	-0.42
41432	-0.43
37430	-0.44
34595	-0.47
41845	-0.50
31564	-0.50
34419	-0.51
32008	-0.51
45827	-0.56
41703	-0.56
33118	-0.62
35001	-0.67
46069	-0.69
31176	-0.71
35119	-0.79
48312	-0.84
34842	-0.94
35886	-0.94
33986	-0.99
43709	-1.03
39396	-1.06
43447	-1.09
35288	-1.12
35796	-1.13
46326	-1.18
44261	-1.20
36508	-1.26
42453	-1.37
34256	-1.39
31052	-1.62
36617	-2.04
