39879	2.57
33202	1.70
38456	1.67
42029	1.54
32133	1.51
42649	1.50
36288	1.24
36308	1.14
31185	1.05
36018	0.98
31838	0.94
43577	0.92
33986	0.91
44637	0.85
31215	0.80
37894	0.80
40388	0.71
32008	0.69
39429	0.59
33112	0.57
45269	0.53
33105	0.52
39433	0.50
42828	0.48
35970	0.46
31176	0.43
39340	0.35
32595	0.34
43736	0.32
37922	0.30
37804	0.29
31139	0.29
42126	0.28
44261	0.28
43229	0.27
35340	0.25
41181	0.25
40607	0.24
34726	0.22
36508	0.21
46058	0.16
36390	0.12
34250	0.12
32045	0.10
36583	0.05
37841	0.03
36617	0.03
37397	0.02
41840	0.02
31150	-0.00
44326	-0.03
41965	-0.04
41183	-0.04
41942	-0.11
45827	-0.11
34504	-0.12
38515	-0.13
35287	-0.15
46201	-0.15
39871	-0.16
34924	-0.17
34392	-0.17
41844	-0.19
34885	-0.20
34794	-0.20
47121	-0.20
40232	-0.20
37356	-0.21
37587	-0.21
43517	-0.22
48312	-0.22
33373	-0.27
35288	-0.28
44087	-0.29
37476	-0.32
37292	-0.33
37849	-0.33
37355	-0.35
37290	-0.35
46326	-0.35
40848	-0.35
43739	-0.37
35001	-0.39
35305	-0.40
38669	-0.40
43466	-0.41
44150	-0.44
32221	-0.45
41703	-0.45
42502	-0.48
43864	-0.49
33499	-0.49
36887	-0.50
37430	-0.50
31521	-0.50
33235	-0.51
40972	-0.52
33487	-0.52
39251	-0.52
37662	-0.53
35886	-0.54
34411	-0.55
35679	-0.57
31760	-0.58
41347	-0.61
33269	-0.63
31701	-0.66
44072	-0.66
37798	-0.67
34419	-0.69
33835	-0.69
43709	-0.71
37628	-0.72
31144	-0.72
40451	-0.75
33118	-0.77
47219	-0.78
32789	-0.78
43573	-0.78
34309	-0.79
32635	-0.80
31228	-0.80
46069	-0.80
31052	-0.81
34842	-0.82
47218	-0.82
39396	-0.82
41860	-0.83
39088	-0.83
31009	-0.83
33629	-0.85
35728	-0.86
43768	-0.88
42453	-0.89
31106	-0.89
37235	-0.90
35119	-0.91
31166	-0.91
34256	-0.91
42946	-0.95
34420	-0.96
37618	-0.97
32100	-0.98
33710	-0.98
43278	-0.98
43183	-1.00
38983	-1.03
32700	-1.04
42291	-1.06
31588	-1.06
31700	-1.06
44291	-1.08
34595	-1.09
35796	-1.10
41432	-1.15
34352	-1.15
36017	-1.16
40973	-1.17
39014	-1.17
38208	-1.18
42464	-1.22
3354994	-1.23
35422	-1.33
41845	-1.33
38447	-1.38
33386	-1.42
43447	-1.42
34329	-1.45
33351	-1.49
43829	-1.52
42971	-1.53
34070	-1.54
31022	-1.66
39484	-1.70
42832	-1.76
32545	-1.81
41550	-1.95
32007	-2.08
