39484	18.84
34329	17.62
31700	17.51
34070	16.96
34352	16.55
31106	15.16
38208	15.01
32635	14.75
38983	14.75
32700	14.63
37235	14.19
43573	14.09
34309	13.76
31022	13.38
37292	13.20
37628	13.00
40451	12.98
39088	12.92
34420	12.64
44150	12.38
31009	12.30
33629	12.05
47218	12.05
42464	11.91
33710	11.33
43864	11.21
47219	11.08
35422	11.00
33487	10.99
34419	10.93
43768	9.91
41347	9.50
37430	9.09
33835	8.51
37849	7.68
33118	6.09
45827	5.57
37798	5.23
43739	4.80
37662	4.12
37397	3.95
32595	3.54
37922	3.18
31176	2.98
41860	2.93
33986	2.85
39251	2.73
39433	2.63
42291	2.61
45269	2.59
31701	2.44
33112	2.43
36308	2.41
46058	2.38
3354994	2.30
31760	2.19
32789	2.16
36288	2.14
31521	2.04
42649	2.03
41840	1.98
41845	1.97
40848	1.95
36018	1.89
44072	1.87
46069	1.83
33235	1.78
38447	1.77
44087	1.75
32133	1.72
37841	1.54
42832	1.53
33105	1.43
42029	1.42
35288	1.35
44326	1.19
33373	1.18
34504	1.17
35970	1.15
32100	1.12
36617	1.11
31228	1.11
43229	1.08
44291	1.05
31838	1.05
33351	1.03
37804	1.01
44261	1.01
32007	1.00
43829	0.97
41844	0.95
43183	0.95
38669	0.90
32545	0.87
35728	0.86
40388	0.85
41432	0.79
37587	0.74
41965	0.67
37355	0.67
37894	0.62
43709	0.61
40232	0.60
31150	0.60
35886	0.58
31215	0.58
41550	0.58
37290	0.58
32008	0.55
46201	0.51
34256	0.50
39014	0.48
43736	0.47
48312	0.45
37618	0.44
33202	0.42
42828	0.41
39396	0.40
38515	0.39
31166	0.37
42971	0.35
36583	0.35
42502	0.30
33386	0.29
41183	0.29
35305	0.29
39340	0.27
32045	0.23
33269	0.22
39879	0.19
34726	0.11
40973	0.09
43577	0.09
37476	0.03
43447	0.00
34411	-0.12
39871	-0.14
37356	-0.22
41942	-0.24
31052	-0.26
34842	-0.29
34250	-0.29
39429	-0.30
43517	-0.36
36390	-0.41
43466	-0.42
35001	-0.47
34794	-0.54
42946	-0.57
31144	-0.65
41181	-0.68
36887	-0.68
31185	-0.68
35119	-0.68
31139	-0.69
38456	-0.73
46326	-0.80
44637	-0.81
35340	-0.84
33499	-0.87
40972	-0.91
47121	-0.94
35796	-0.96
34392	-1.01
34885	-1.02
35287	-1.04
31564	-1.06
43278	-1.06
34595	-1.07
40607	-1.15
32221	-1.18
36017	-1.28
34924	-1.46
35679	-1.72
42453	-1.80
42126	-1.87
36508	-1.99
41703	-2.10
