34352	18.65
32635	18.54
31588	17.51
34070	16.88
34329	16.36
39484	16.15
38983	15.93
32700	15.66
31106	15.54
40451	15.22
43573	15.10
37235	14.85
38208	14.60
34309	14.12
47218	14.12
42464	13.96
47219	13.96
39088	13.91
37628	13.90
34420	13.74
33629	13.44
37292	13.30
31009	13.26
44150	12.55
33487	12.24
31022	11.34
43864	11.23
33835	11.04
34419	10.95
37430	10.84
41347	10.16
43768	9.68
45827	9.39
33710	8.94
35422	8.52
37849	8.08
43739	5.89
37798	5.54
33118	5.32
37662	4.57
41840	4.39
32595	3.93
41860	3.39
37922	3.39
37397	3.32
39251	3.24
32789	3.10
41432	2.87
46069	2.84
31176	2.82
41845	2.62
42291	2.58
44072	2.51
44087	2.51
37841	2.46
48312	2.42
46058	2.27
40848	2.21
38447	2.17
33112	2.16
31228	2.03
36308	2.00
33986	1.96
31521	1.91
32007	1.88
43229	1.87
31760	1.69
33269	1.69
42029	1.67
31838	1.61
39433	1.56
31701	1.49
36018	1.48
3354994	1.48
41844	1.45
42649	1.44
44326	1.39
42832	1.38
41965	1.35
31150	1.24
35728	1.13
43736	1.12
32545	1.06
44291	1.02
45269	0.90
37804	0.85
42502	0.84
36288	0.84
33351	0.82
39396	0.81
32100	0.79
43447	0.78
35288	0.77
43183	0.75
43829	0.72
32133	0.71
31166	0.68
38669	0.64
34504	0.60
37355	0.53
33373	0.51
46201	0.48
36617	0.47
32221	0.38
33235	0.32
32045	0.32
31185	0.30
35305	0.28
41550	0.26
40232	0.23
32008	0.19
35970	0.18
37618	0.18
39871	0.17
34411	0.16
41942	0.12
34256	0.10
34726	0.08
37290	0.07
39014	0.05
39879	-0.00
41183	-0.00
33202	-0.01
37356	-0.04
33499	-0.04
35886	-0.06
37587	-0.14
42828	-0.20
44261	-0.25
40973	-0.29
42971	-0.38
33386	-0.40
39429	-0.41
38515	-0.41
36583	-0.42
35796	-0.43
37894	-0.45
31052	-0.46
43709	-0.48
38456	-0.49
31215	-0.52
43466	-0.52
40388	-0.56
39340	-0.57
34885	-0.61
36017	-0.61
36390	-0.65
31144	-0.69
33105	-0.69
37476	-0.70
43278	-0.75
31139	-0.80
34250	-0.82
35001	-0.84
43517	-0.92
47121	-0.95
46326	-0.95
31564	-1.06
35340	-1.13
34595	-1.20
41181	-1.22
35287	-1.26
34794	-1.30
43577	-1.39
42946	-1.40
35679	-1.45
36887	-1.47
36508	-1.49
34924	-1.50
34392	-1.54
44637	-1.57
40972	-1.63
35119	-1.65
42453	-1.76
34842	-1.77
41703	-2.08
40607	-2.80
42126	-2.87
