42502	9.94
33112	8.94
33269	8.69
39871	8.13
37662	7.33
37798	7.21
44087	7.21
46201	7.17
36617	6.99
31176	6.34
41860	6.20
36288	6.15
37397	6.08
35305	5.52
33710	3.58
31052	3.39
32045	3.25
33118	3.12
42649	3.02
34309	2.94
39879	2.80
33105	2.77
36887	2.63
48312	2.60
36308	2.54
41347	2.50
31588	2.44
39433	2.43
42029	2.39
37476	2.30
43864	2.30
39484	2.23
34419	2.17
31106	2.11
44326	2.08
31838	2.04
34352	2.01
36583	2.01
40451	1.98
40973	1.94
37587	1.82
31150	1.75
42453	1.68
38669	1.67
34070	1.67
45827	1.66
33986	1.61
31228	1.60
35422	1.58
33835	1.51
31700	1.49
3354994	1.48
39088	1.47
47218	1.45
34595	1.45
33235	1.44
43577	1.40
43768	1.40
41844	1.36
44072	1.33
38983	1.30
42464	1.29
37292	1.29
47121	1.27
44150	1.26
37628	1.24
33629	1.23
34329	1.22
31009	1.21
44261	1.17
34885	1.17
43573	1.16
34420	1.14
34392	1.13
31760	1.12
41840	1.12
37235	1.11
37922	1.10
37849	1.06
42828	1.02
37430	1.01
38208	0.95
43739	0.88
41942	0.86
34726	0.85
43229	0.84
33487	0.82
45269	0.81
32700	0.81
35288	0.81
40388	0.80
36508	0.76
32595	0.75
32008	0.74
32100	0.73
41965	0.68
31022	0.65
43829	0.65
32221	0.64
34842	0.63
41181	0.62
38515	0.60
32635	0.56
37290	0.55
39014	0.54
43466	0.52
33202	0.52
35119	0.44
41183	0.41
40972	0.36
38447	0.35
40607	0.30
33373	0.28
31521	0.27
37618	0.26
43278	0.25
32007	0.24
37894	0.23
46326	0.23
41550	0.23
39396	0.23
39340	0.22
33499	0.19
31139	0.19
34411	0.17
34794	0.17
31144	0.12
37841	0.08
35679	0.07
31185	0.07
41703	0.04
41845	0.04
34504	0.03
46069	0.01
35001	-0.03
42291	-0.03
35796	-0.10
35340	-0.13
43517	-0.16
42832	-0.17
43183	-0.26
36018	-0.26
34256	-0.36
47219	-0.46
35970	-0.49
36017	-0.53
36390	-0.55
41432	-0.64
31564	-0.66
37804	-0.76
46058	-0.76
44291	-0.76
43709	-0.77
31166	-0.81
32789	-0.87
38456	-0.89
44637	-0.91
37355	-0.93
35728	-0.99
40232	-1.00
43736	-1.03
39251	-1.04
32545	-1.05
35287	-1.07
33351	-1.21
39429	-1.22
33386	-1.22
43447	-1.26
32133	-1.34
40848	-1.34
42126	-1.47
42971	-1.51
42946	-1.60
37356	-1.62
31215	-1.67
34924	-1.67
34250	-1.80
35886	-2.34
