42029	7.14
36308	7.00
32045	6.30
42649	5.90
33351	5.45
44291	5.18
31838	5.10
36583	5.03
43739	4.77
31185	4.41
31521	3.86
33373	3.70
42291	3.67
35728	3.65
37922	3.52
40848	3.39
37804	3.34
41840	3.28
42832	3.21
39433	3.21
34070	3.18
38208	3.06
42828	3.03
35886	2.98
32545	2.97
31106	2.96
32133	2.92
41550	2.92
32595	2.87
33202	2.86
46058	2.80
36508	2.78
44072	2.77
36288	2.74
44326	2.71
39251	2.70
35422	2.69
31150	2.68
38456	2.64
34256	2.62
45269	2.61
34309	2.53
31022	2.51
40388	2.49
32789	2.43
33105	2.43
39879	2.43
43447	2.42
40451	2.38
31588	2.19
40972	2.10
39484	2.09
36018	2.09
33386	2.03
32007	2.03
43183	2.00
34392	1.85
37235	1.83
41845	1.82
31228	1.80
32635	1.76
37587	1.74
37356	1.73
43829	1.72
37894	1.70
37798	1.70
33235	1.69
31700	1.69
38447	1.64
35305	1.54
44261	1.53
39396	1.49
37841	1.47
33986	1.47
47218	1.43
45827	1.42
32700	1.40
41347	1.37
31176	1.36
33487	1.35
43736	1.30
34352	1.29
38983	1.18
47219	1.17
31701	1.12
35970	1.12
37662	1.11
31215	1.08
46069	1.07
43577	1.06
37476	1.03
37628	0.99
38669	0.93
40607	0.93
32008	0.91
31166	0.91
37430	0.91
34329	0.90
42971	0.88
33629	0.87
43573	0.86
32100	0.83
41432	0.82
40232	0.82
33835	0.81
37849	0.80
37292	0.79
33118	0.78
37618	0.73
46326	0.73
41942	0.73
37290	0.72
43864	0.65
3354994	0.62
41860	0.62
39088	0.56
33112	0.56
40973	0.53
43709	0.45
42126	0.42
38515	0.42
31144	0.41
34411	0.40
42464	0.39
42946	0.38
34794	0.37
31009	0.34
43517	0.28
31139	0.27
33710	0.27
41844	0.25
37397	0.21
41965	0.21
35679	0.19
34504	0.16
43768	0.07
44087	0.01
34726	-0.01
37355	-0.03
39340	-0.06
34885	-0.11
48312	-0.11
34250	-0.16
31052	-0.17
39429	-0.19
34595	-0.20
36390	-0.20
33269	-0.23
41183	-0.27
34420	-0.28
41181	-0.29
34924	-0.31
42502	-0.33
34419	-0.34
39014	-0.35
35340	-0.39
43278	-0.40
44150	-0.40
43229	-0.42
33499	-0.43
44637	-0.44
41703	-0.48
36617	-0.51
43466	-0.54
36887	-0.54
31564	-0.58
35796	-0.64
35288	-0.67
35001	-0.70
46201	-0.79
35287	-0.81
47121	-0.82
34842	-1.05
32221	-1.20
39871	-1.22
35119	-1.39
36017	-1.77
42453	-1.90
