36308	15.44
42649	15.40
42029	14.81
33202	10.35
32045	7.39
35305	6.06
39879	5.57
32595	5.16
31760	5.10
44072	5.10
36583	4.91
41840	4.89
36288	4.84
37662	4.26
34392	3.65
38669	3.59
35679	3.48
43229	3.48
32133	3.47
40972	3.18
44637	3.17
40973	3.17
43278	3.13
37397	3.12
39433	3.08
40451	3.01
41860	2.99
31052	2.83
37922	2.82
33112	2.80
36617	2.77
43739	2.77
34309	2.77
37841	2.73
37798	2.72
41844	2.61
36887	2.56
45827	2.43
36508	2.39
31150	2.34
35288	2.33
41703	2.32
37894	2.31
31521	2.30
43466	2.27
35796	2.22
41942	2.12
38456	2.12
31106	2.06
43864	2.05
31701	2.04
46326	2.04
44087	2.02
40848	2.00
43736	1.99
39340	1.96
34885	1.91
31215	1.89
37290	1.88
32789	1.88
31228	1.87
32635	1.87
33835	1.86
32100	1.84
31185	1.83
44326	1.83
34924	1.80
33487	1.73
37235	1.72
33105	1.66
46058	1.66
36017	1.62
32700	1.62
31700	1.61
42828	1.60
37355	1.60
40388	1.59
37628	1.58
31166	1.58
38515	1.56
45269	1.53
42502	1.50
33269	1.50
40607	1.46
43829	1.46
34411	1.44
37587	1.38
41181	1.38
47218	1.37
34794	1.31
41965	1.27
34329	1.27
37292	1.27
39088	1.22
31022	1.19
34352	1.18
37804	1.17
38208	1.11
34070	1.10
32008	1.08
38983	1.08
43768	1.08
31009	1.05
31588	1.05
39014	1.05
33499	1.04
41347	1.03
34595	1.01
36018	0.99
44261	0.99
35422	0.99
35287	0.99
46201	0.96
33351	0.95
42946	0.95
48312	0.94
31564	0.94
33373	0.94
32545	0.91
31139	0.90
40232	0.89
37430	0.89
33710	0.87
47121	0.87
44291	0.85
37618	0.84
31176	0.84
44150	0.79
38447	0.72
34250	0.70
39251	0.69
42464	0.68
42453	0.67
37476	0.66
37849	0.66
39429	0.58
32007	0.56
41550	0.54
39484	0.54
35728	0.51
35886	0.50
35119	0.48
37356	0.46
42971	0.44
33986	0.43
34420	0.42
36390	0.39
39396	0.38
47219	0.36
41845	0.33
42832	0.28
34256	0.28
41432	0.26
41183	0.23
43573	0.17
42126	0.11
43517	-0.07
31144	-0.08
34726	-0.09
34504	-0.14
39871	-0.14
43577	-0.14
33118	-0.16
33235	-0.20
42291	-0.29
33629	-0.33
43447	-0.33
43183	-0.39
34419	-0.40
33386	-0.53
32221	-0.67
46069	-0.69
35970	-0.78
43709	-0.86
35340	-1.04
35001	-1.27
3354994	-1.51
34842	-1.54
