42649	2.42
44261	2.32
32007	1.97
39433	1.95
36308	1.94
44326	1.86
36288	1.77
42029	1.58
46069	1.56
33202	1.55
36583	1.55
39340	1.46
37662	1.46
41845	1.45
31176	1.42
42832	1.42
32045	1.39
35305	1.37
42291	1.33
38456	1.31
44072	1.28
38515	1.27
39879	1.25
35287	1.24
47121	1.23
32595	1.23
37355	1.17
43739	1.16
34885	1.16
44637	1.14
36508	1.13
31166	1.12
37618	1.12
41432	1.10
31838	1.08
37894	1.05
34411	1.05
40388	1.01
33235	0.98
40848	0.94
37290	0.94
31760	0.91
37587	0.90
37841	0.89
43829	0.85
32133	0.83
46201	0.82
32700	0.82
45827	0.81
41860	0.78
31701	0.74
43447	0.74
34392	0.72
33112	0.71
31564	0.69
39484	0.66
43229	0.63
36617	0.62
35422	0.60
34504	0.60
35728	0.60
41347	0.58
31022	0.56
31588	0.55
42502	0.55
42971	0.55
40232	0.54
36390	0.54
34250	0.54
41703	0.53
31215	0.51
34595	0.48
41550	0.47
42126	0.46
40607	0.46
48312	0.45
39429	0.45
34924	0.45
37397	0.41
32635	0.40
43517	0.36
40973	0.33
41965	0.33
34329	0.32
41183	0.31
36018	0.30
33105	0.29
31052	0.28
46058	0.26
36887	0.25
38669	0.24
37922	0.20
34309	0.20
31700	0.19
34352	0.18
39014	0.18
45269	0.16
33986	0.14
33351	0.14
3354994	0.11
42453	0.10
31106	0.09
31228	0.07
31144	0.07
39871	0.05
41181	0.05
42828	0.05
43864	0.04
33710	0.03
47218	0.03
40451	0.02
43768	0.01
42464	0.01
37476	0.01
33118	-0.04
42946	-0.05
35679	-0.06
43736	-0.07
32100	-0.09
44291	-0.11
39088	-0.11
37804	-0.12
33629	-0.18
41840	-0.18
34420	-0.20
41844	-0.21
43573	-0.21
31150	-0.23
43466	-0.26
37235	-0.29
39396	-0.32
35119	-0.32
32545	-0.33
43278	-0.35
44150	-0.35
35886	-0.36
38447	-0.36
38208	-0.37
44087	-0.39
46326	-0.40
37356	-0.40
40972	-0.41
33487	-0.41
43183	-0.45
35001	-0.45
34070	-0.47
31185	-0.47
34256	-0.48
35796	-0.50
32789	-0.50
31521	-0.51
33499	-0.51
33386	-0.54
41942	-0.54
33269	-0.57
33373	-0.58
37849	-0.59
37628	-0.60
34842	-0.61
37798	-0.66
47219	-0.67
39251	-0.68
34726	-0.82
43577	-0.86
37430	-0.88
35288	-0.91
38983	-0.91
43709	-0.94
35340	-1.19
31009	-1.19
37292	-1.21
34794	-1.24
34419	-1.34
36017	-1.42
31139	-1.44
35970	-1.55
33835	-2.08
32221	-2.16
