43829	12.26
41845	11.01
42291	10.29
46069	9.53
41432	8.94
35728	7.32
38447	6.64
33351	6.30
42832	5.86
31166	4.94
33386	4.94
43447	4.52
32545	4.20
43183	4.01
40848	3.94
43768	3.54
35422	3.40
41550	3.32
44072	3.14
43739	3.10
37587	2.81
37922	2.70
32221	2.47
45827	2.39
35886	2.37
33373	2.29
36508	2.20
40451	2.20
36583	2.19
33118	2.18
33835	2.15
39396	2.13
34420	2.04
44291	2.04
31760	2.03
31228	1.99
32008	1.97
37798	1.96
43864	1.92
31700	1.88
44150	1.88
39251	1.87
38669	1.86
32595	1.78
41860	1.74
34309	1.74
41840	1.70
34256	1.66
32045	1.64
32635	1.63
31150	1.60
43736	1.55
47121	1.50
37849	1.47
39340	1.45
34885	1.36
31521	1.29
47218	1.26
41844	1.26
31144	1.22
45269	1.21
39484	1.15
34924	1.11
32789	1.11
34070	1.10
32700	1.09
34352	1.09
38983	1.07
37235	1.06
44087	1.03
40232	1.02
31588	1.00
42464	0.99
38208	0.94
34329	0.93
33499	0.91
33710	0.90
31022	0.85
39088	0.85
35970	0.84
41183	0.84
31106	0.82
44261	0.81
44326	0.81
37628	0.79
34250	0.77
36308	0.70
33986	0.70
46058	0.63
43229	0.62
37290	0.61
31009	0.60
36018	0.57
31838	0.56
42971	0.55
31185	0.53
34419	0.53
37430	0.50
33487	0.48
37618	0.45
42502	0.40
42649	0.39
33112	0.39
39014	0.39
37841	0.38
34504	0.32
34794	0.25
31701	0.24
34411	0.22
39871	0.22
42946	0.21
42029	0.20
32100	0.20
43278	0.20
35305	0.18
33235	0.17
40388	0.15
37292	0.14
43573	0.12
42828	0.10
37662	0.07
43517	0.06
31176	0.06
40607	0.05
34842	0.04
31052	0.01
33105	0.00
36017	-0.01
42453	-0.01
36887	-0.03
37804	-0.04
36288	-0.06
33269	-0.07
31215	-0.07
35796	-0.09
32133	-0.10
41181	-0.11
38456	-0.11
33629	-0.11
37894	-0.13
48312	-0.17
41703	-0.18
34595	-0.20
3354994	-0.20
35001	-0.20
33202	-0.22
41942	-0.24
39879	-0.25
46201	-0.28
43466	-0.30
35679	-0.34
34726	-0.36
34392	-0.40
39429	-0.40
37397	-0.42
36617	-0.47
41347	-0.47
35119	-0.49
31139	-0.56
40973	-0.59
35288	-0.62
44637	-0.63
38515	-0.71
37476	-0.79
42126	-0.84
47219	-0.93
46326	-0.93
40972	-1.02
36390	-1.11
39433	-1.24
37356	-1.24
41965	-1.27
37355	-1.53
35287	-1.69
35340	-1.71
31564	-2.08
43709	-2.19
43577	-2.67
