36583	11.25
44326	7.58
31838	7.39
42649	7.13
42029	6.59
36308	6.54
31760	6.30
36508	6.16
35305	5.41
31150	5.29
36288	4.72
34885	4.72
33373	4.56
33202	4.54
37662	4.24
39879	4.16
37587	3.90
31228	3.75
37922	3.40
36617	3.30
39433	3.29
31701	3.25
31185	3.23
41840	3.14
32595	3.05
32545	3.05
37804	3.01
38447	2.97
43739	2.94
34256	2.74
40451	2.63
44087	2.53
42832	2.52
45827	2.52
33986	2.33
38669	2.32
31106	2.30
43829	2.19
33351	2.16
33112	2.15
31052	2.12
32789	2.07
44072	2.01
44261	2.00
34309	1.90
44291	1.89
43183	1.87
40607	1.84
42291	1.83
41432	1.82
36887	1.82
41860	1.79
37628	1.76
33499	1.73
41550	1.73
32133	1.71
37798	1.67
32007	1.64
48312	1.63
40972	1.61
31176	1.59
34595	1.48
31215	1.47
33269	1.41
32008	1.39
35728	1.35
34392	1.30
38208	1.29
43447	1.28
39251	1.27
31022	1.26
31009	1.24
41965	1.22
33487	1.22
37397	1.21
41703	1.20
32700	1.16
34794	1.16
37894	1.16
35886	1.15
41844	1.13
40973	1.10
43229	1.06
35796	1.06
35422	1.02
37235	0.98
43278	0.94
40388	0.92
33386	0.91
42502	0.88
40848	0.84
41845	0.79
31521	0.78
37292	0.76
43577	0.75
43736	0.75
36390	0.74
46201	0.73
46326	0.73
38983	0.71
39088	0.70
35679	0.69
42828	0.68
34329	0.66
38456	0.66
46058	0.66
39429	0.65
34070	0.65
35288	0.63
39871	0.53
45269	0.46
33835	0.42
33118	0.42
36018	0.40
31139	0.39
44637	0.36
32635	0.35
47218	0.33
31700	0.32
43864	0.29
39340	0.28
41347	0.26
47121	0.25
39014	0.24
37849	0.23
31588	0.23
37290	0.22
37430	0.22
34250	0.21
41181	0.21
33105	0.20
41942	0.19
43709	0.18
40232	0.18
38515	0.18
39484	0.17
39396	0.16
34352	0.16
42946	0.11
31564	0.10
43466	0.03
42126	-0.04
33710	-0.06
43573	-0.09
33629	-0.12
36017	-0.21
46069	-0.22
34726	-0.23
37618	-0.24
34924	-0.26
32100	-0.42
47219	-0.54
35119	-0.56
35001	-0.56
43517	-0.57
34419	-0.60
35287	-0.62
37355	-0.65
42453	-0.69
35970	-0.74
37476	-0.75
43768	-0.76
44150	-0.77
34504	-0.82
34411	-0.82
41183	-0.86
31144	-0.93
34842	-1.03
3354994	-1.09
35340	-1.20
42464	-1.24
42971	-1.24
34420	-1.34
37841	-1.35
33235	-1.39
31166	-1.55
37356	-1.62
32221	-1.76
