41942	5.82
43709	4.43
41181	3.87
33235	3.38
31144	2.72
31022	2.69
35422	2.69
34924	2.52
44072	2.37
38208	2.36
35001	2.16
37849	2.16
37355	2.11
42029	2.09
39433	2.08
37430	2.02
31838	1.84
34352	1.75
39088	1.75
37356	1.75
41965	1.73
39484	1.69
36390	1.67
33835	1.66
37397	1.64
35340	1.63
42971	1.62
41347	1.61
46201	1.60
32221	1.60
37798	1.60
34842	1.57
33118	1.53
39429	1.52
46326	1.52
34070	1.48
35679	1.47
40972	1.47
34329	1.45
43573	1.44
41840	1.41
32133	1.40
33112	1.37
33202	1.36
36308	1.31
38669	1.29
31166	1.27
44150	1.26
31521	1.23
41844	1.19
34392	1.18
33629	1.18
43768	1.15
31588	1.12
47218	1.11
43466	1.06
40848	1.06
31106	1.05
44261	1.04
38983	1.02
31176	0.97
31009	0.96
31215	0.94
43229	0.94
37476	0.93
40973	0.92
42464	0.90
41550	0.89
37292	0.88
32635	0.86
31760	0.83
43577	0.82
31700	0.79
33487	0.79
37235	0.77
33351	0.77
43864	0.75
44637	0.75
31701	0.73
37841	0.72
36617	0.72
47219	0.70
43736	0.69
35970	0.63
43183	0.61
39871	0.52
40451	0.51
3354994	0.50
32700	0.49
47121	0.49
43739	0.48
46058	0.46
34309	0.43
37662	0.43
34504	0.38
37618	0.35
32545	0.34
35287	0.31
42828	0.30
33386	0.29
43517	0.22
45269	0.22
33710	0.21
32595	0.20
31139	0.20
32007	0.20
41860	0.17
48312	0.16
39014	0.15
35305	0.14
33269	0.14
42502	0.13
46069	0.12
34419	0.11
42649	0.06
42832	0.06
38456	0.05
34595	-0.03
37894	-0.09
42126	-0.09
32008	-0.09
31228	-0.11
36583	-0.12
37628	-0.13
40232	-0.15
34420	-0.16
38515	-0.17
42946	-0.18
34726	-0.22
40607	-0.22
37290	-0.24
35728	-0.27
41703	-0.28
33105	-0.34
42291	-0.36
41845	-0.36
43447	-0.37
36508	-0.40
32045	-0.42
45827	-0.45
44087	-0.45
33986	-0.46
34794	-0.49
42453	-0.50
37922	-0.51
35886	-0.54
34411	-0.57
39879	-0.58
35288	-0.58
41183	-0.61
34250	-0.67
36288	-0.69
34885	-0.72
33373	-0.74
39251	-0.76
31052	-0.79
36017	-0.79
37804	-0.88
35119	-0.91
31150	-0.93
43278	-0.94
36018	-0.96
31564	-0.98
39340	-1.04
43829	-1.11
32789	-1.13
38447	-1.14
44291	-1.17
40388	-1.32
31185	-1.32
34256	-1.43
44326	-1.56
35796	-1.61
37587	-1.68
41432	-1.69
36887	-1.71
39396	-1.86
33499	-1.86
