31215	17.42
33202	5.26
31521	4.76
39433	4.61
36583	3.49
36308	3.47
31838	3.47
37894	3.40
42029	3.39
40388	3.38
44072	3.31
40848	3.29
36288	3.29
42649	3.15
33105	3.10
42828	3.03
44291	3.03
31760	2.92
44261	2.72
32595	2.68
31144	2.67
41840	2.61
38456	2.59
31022	2.56
39879	2.45
37804	2.43
34070	2.40
36018	2.26
39484	2.20
35422	2.15
43739	2.11
41550	2.04
38208	2.02
45269	1.96
43768	1.74
31588	1.72
32045	1.71
40451	1.70
34392	1.69
33835	1.68
33386	1.61
31106	1.61
41347	1.59
33351	1.54
43183	1.51
31564	1.51
34924	1.49
34329	1.48
39088	1.47
46058	1.47
41844	1.46
32700	1.45
35970	1.45
32100	1.40
33629	1.37
47218	1.32
34309	1.22
37849	1.18
37841	1.13
32221	1.09
43864	1.09
37430	1.03
43736	1.03
31185	1.02
37628	1.01
33487	1.01
34352	0.99
35886	0.99
33373	0.98
37922	0.93
43466	0.91
32545	0.88
37292	0.87
44150	0.87
47219	0.84
32008	0.83
32635	0.82
42291	0.81
41181	0.78
38983	0.74
37290	0.71
31700	0.71
44326	0.71
37587	0.69
34885	0.66
42126	0.65
37235	0.62
31166	0.61
31009	0.60
35287	0.59
43447	0.55
36508	0.53
43573	0.50
34420	0.48
45827	0.48
37397	0.48
40232	0.47
40973	0.47
42464	0.46
35728	0.40
37476	0.38
39340	0.33
33710	0.31
41183	0.21
41860	0.20
37356	0.20
43829	0.18
47121	0.16
42946	0.15
44637	0.14
40607	0.14
36617	0.11
42832	0.11
36390	0.10
33986	0.06
38515	0.01
41942	0.01
40972	-0.06
37618	-0.08
43229	-0.09
35305	-0.09
32007	-0.10
39014	-0.14
42971	-0.16
39251	-0.17
37355	-0.26
37798	-0.26
34419	-0.28
43709	-0.29
34726	-0.34
35340	-0.41
32789	-0.43
34256	-0.49
31139	-0.50
39871	-0.54
35001	-0.58
35119	-0.60
48312	-0.62
33269	-0.64
42502	-0.64
39429	-0.65
35679	-0.67
31052	-0.67
34504	-0.69
34250	-0.76
31150	-0.78
41703	-0.79
33112	-0.80
38447	-0.81
38669	-0.84
43577	-0.93
41845	-0.95
36887	-0.96
33499	-0.99
3354994	-1.01
44087	-1.06
34411	-1.09
35288	-1.10
46201	-1.10
33235	-1.11
37662	-1.14
41965	-1.15
42453	-1.18
33118	-1.22
36017	-1.25
46069	-1.27
31701	-1.34
43517	-1.35
39396	-1.42
34794	-1.43
41432	-1.50
46326	-1.54
43278	-1.76
31176	-1.96
34595	-2.06
31228	-2.07
34842	-2.64
35796	-2.97
