33835	3.38
34885	3.22
31144	3.19
44072	3.12
41844	2.56
40848	2.50
32007	2.47
31166	2.37
42502	2.01
32100	1.60
31521	1.38
37894	1.32
43768	1.28
34924	1.24
39871	1.19
35970	1.16
31215	1.15
43229	1.15
35340	1.14
43183	1.12
38447	1.11
32133	1.09
36390	1.09
32545	1.06
45269	1.03
37397	0.99
41840	0.98
33235	0.96
43864	0.95
41942	0.92
43736	0.91
41550	0.91
44087	0.90
33112	0.90
41432	0.89
33105	0.87
33118	0.78
41181	0.71
41860	0.70
31701	0.64
37841	0.64
46201	0.64
37798	0.62
48312	0.57
40388	0.56
34726	0.48
42291	0.47
35422	0.47
42828	0.45
35305	0.44
36018	0.43
47218	0.43
35001	0.42
38456	0.39
31700	0.38
34420	0.36
32595	0.36
43829	0.36
38669	0.34
3354994	0.32
40232	0.29
42946	0.27
44150	0.27
33386	0.23
45827	0.21
42832	0.16
42464	0.16
33710	0.13
33351	0.12
43517	0.11
43466	0.11
35679	0.10
34504	0.09
37292	0.08
34419	0.08
46069	0.07
37849	-0.01
33269	-0.02
41845	-0.02
37430	-0.02
31022	-0.05
37356	-0.06
43447	-0.07
33202	-0.09
39088	-0.09
40972	-0.12
35886	-0.12
46058	-0.12
42971	-0.13
33629	-0.13
31009	-0.21
34352	-0.22
37618	-0.22
39014	-0.23
44261	-0.26
34250	-0.26
36617	-0.28
41965	-0.32
34070	-0.34
33373	-0.37
31176	-0.40
37922	-0.42
33986	-0.44
34411	-0.45
31564	-0.45
39429	-0.47
39251	-0.50
36583	-0.54
37355	-0.57
35728	-0.58
43709	-0.58
39396	-0.62
44291	-0.62
39484	-0.66
31838	-0.67
32635	-0.69
38515	-0.70
40451	-0.71
34842	-0.71
38208	-0.73
35287	-0.74
34256	-0.76
34309	-0.80
31139	-0.81
37628	-0.82
31150	-0.86
37804	-0.87
33487	-0.89
42029	-0.90
39340	-0.90
36017	-0.91
31106	-0.92
47121	-0.93
40973	-0.95
34329	-0.98
42453	-0.98
43278	-0.98
34392	-0.99
40607	-1.02
37662	-1.03
37290	-1.04
41703	-1.05
37587	-1.06
41183	-1.07
31185	-1.07
42126	-1.08
39879	-1.10
38983	-1.10
39433	-1.10
31228	-1.12
43577	-1.14
43739	-1.17
31588	-1.18
31760	-1.20
47219	-1.23
46326	-1.23
43573	-1.23
37235	-1.27
33499	-1.33
35119	-1.33
32789	-1.38
32700	-1.45
44637	-1.45
34595	-1.50
36887	-1.54
37476	-1.57
41347	-1.62
44326	-1.70
32045	-1.76
31052	-1.95
34794	-1.97
36508	-1.98
36288	-1.99
36308	-2.00
42649	-2.10
32008	-2.16
35796	-2.24
35288	-2.51
