33351	15.16
35728	14.55
43447	13.56
35886	11.78
33386	10.77
43183	8.54
33373	6.74
37804	6.13
43829	5.97
31185	4.39
44291	4.29
41550	4.27
42291	4.20
32007	4.20
32595	4.19
34256	3.94
32789	3.82
38447	3.81
41845	3.63
42832	3.37
37922	3.20
31166	3.19
32045	3.05
36583	3.03
31760	2.97
39251	2.84
46069	2.78
41432	2.53
43739	2.39
43864	2.10
35422	2.07
40848	2.01
47218	1.96
37587	1.87
39484	1.82
33835	1.78
37894	1.78
31228	1.78
38983	1.76
43768	1.76
37849	1.67
42828	1.55
36308	1.52
36508	1.52
31521	1.46
39433	1.45
40451	1.38
34329	1.35
35305	1.35
44326	1.33
40972	1.28
39396	1.24
44072	1.22
32700	1.20
45269	1.16
33105	1.13
34250	1.11
33986	1.09
40388	1.08
32221	1.06
31700	1.06
42649	1.05
37235	1.01
36018	1.01
34352	1.00
31838	0.91
33202	0.89
42029	0.88
32133	0.88
31588	0.87
34070	0.85
46058	0.83
37841	0.83
37628	0.80
38208	0.80
43573	0.79
34885	0.78
31150	0.74
38456	0.72
31022	0.72
34420	0.71
31144	0.69
32635	0.68
37292	0.66
34842	0.64
42464	0.64
41183	0.47
33499	0.47
33118	0.43
31009	0.39
36017	0.34
39088	0.34
32100	0.34
31106	0.32
41840	0.31
44150	0.30
34392	0.28
37798	0.26
34309	0.26
43577	0.24
36288	0.23
33710	0.14
34794	0.12
41844	0.08
31215	0.07
39879	0.07
33629	0.07
41347	0.06
40973	0.04
37430	0.01
47219	-0.00
34726	-0.04
37618	-0.06
41703	-0.07
40607	-0.08
37290	-0.12
34595	-0.13
31052	-0.13
39340	-0.14
43278	-0.16
42946	-0.20
39014	-0.21
37476	-0.23
43709	-0.24
43736	-0.24
41860	-0.25
35970	-0.29
35119	-0.31
32008	-0.33
37356	-0.34
36887	-0.35
38669	-0.37
41965	-0.37
39429	-0.37
33487	-0.43
40232	-0.48
34504	-0.52
35796	-0.53
43466	-0.53
42126	-0.61
31139	-0.62
34924	-0.63
33235	-0.66
45827	-0.69
35287	-0.70
35679	-0.71
34411	-0.83
46326	-0.97
42971	-0.98
42453	-0.99
35288	-1.00
44087	-1.03
37355	-1.04
31701	-1.05
34419	-1.07
38515	-1.09
44637	-1.13
41942	-1.19
37662	-1.21
43229	-1.22
36617	-1.34
35340	-1.35
44261	-1.36
47121	-1.37
31176	-1.46
35001	-1.49
41181	-1.52
39871	-1.57
3354994	-1.59
33269	-1.61
43517	-1.66
36390	-1.69
33112	-1.72
37397	-1.78
31564	-1.81
46201	-1.95
48312	-1.99
42502	-2.72
