43739	9.49
37922	7.32
37841	7.17
43768	5.54
36308	5.39
32700	5.36
33202	5.25
42649	5.19
31838	5.16
41844	4.98
43864	4.94
36288	4.87
45269	4.86
32789	4.78
32635	4.77
34329	4.72
44150	4.72
40451	4.70
34420	4.63
38983	4.48
42029	4.48
33629	4.38
37235	4.25
46058	4.22
32545	4.19
39484	4.19
39879	4.17
44072	4.17
44326	4.16
37804	4.15
43229	4.13
37798	4.03
37628	4.00
34352	3.96
31700	3.93
45827	3.87
42464	3.84
31106	3.84
37292	3.83
34070	3.81
39088	3.78
39433	3.78
39251	3.78
38208	3.75
31228	3.61
43573	3.57
34309	3.56
31588	3.54
40388	3.41
36018	3.41
31022	3.38
47218	3.37
41860	3.37
33373	3.37
44291	3.29
43829	3.28
36583	3.27
37587	3.27
33105	3.21
37894	3.12
42291	3.08
32045	3.05
41432	3.02
41845	2.98
33351	2.96
31760	2.87
35728	2.83
42828	2.79
39340	2.77
41840	2.72
32133	2.68
35422	2.65
31521	2.60
31009	2.59
37849	2.55
46069	2.50
33710	2.49
37290	2.47
33487	2.46
34392	2.38
35305	2.34
31185	2.33
41965	2.25
33499	2.05
36887	2.05
40972	2.01
34411	1.89
33986	1.88
31176	1.86
31215	1.83
37476	1.79
32007	1.78
37397	1.75
38447	1.75
47219	1.75
33835	1.70
35886	1.70
40848	1.65
37430	1.52
37618	1.51
31150	1.44
43447	1.41
31052	1.36
32008	1.23
34256	1.20
36017	1.19
34419	1.12
40973	1.12
35288	1.09
41550	1.06
43466	0.91
39014	0.90
43736	0.86
41347	0.79
36617	0.77
43183	0.77
31701	0.75
33386	0.74
44637	0.71
47121	0.70
41942	0.68
31144	0.67
35119	0.65
42453	0.64
34250	0.56
41181	0.52
41703	0.52
36508	0.47
43278	0.46
31166	0.37
32221	0.36
37662	0.36
31564	0.34
34885	0.32
42832	0.31
38669	0.21
32100	0.20
38515	0.19
35287	0.16
34726	0.10
33112	0.08
3354994	0.07
35679	0.02
40232	-0.01
37355	-0.03
42946	-0.03
34924	-0.05
34794	-0.10
40607	-0.12
39429	-0.13
35970	-0.15
41183	-0.17
33235	-0.22
34504	-0.25
42126	-0.30
44261	-0.48
34595	-0.56
43577	-0.58
33269	-0.63
38456	-0.66
33118	-0.71
34842	-0.71
39871	-0.88
35001	-0.90
35796	-0.96
46326	-1.02
37356	-1.09
36390	-1.10
31139	-1.14
48312	-1.20
42971	-1.32
46201	-1.37
44087	-1.44
43709	-1.51
42502	-1.79
43517	-2.03
39396	-2.12
35340	-2.54
