31700	18.54
34329	17.13
38983	16.25
34352	16.03
37235	15.88
43573	15.62
32700	15.27
42464	15.19
37628	14.80
31588	14.75
39088	14.39
38208	14.27
47218	14.25
33629	14.20
34070	14.13
34420	14.06
31106	14.05
40451	13.95
37292	13.86
34309	13.75
39484	13.69
47219	13.62
33487	13.37
31009	13.00
44150	12.95
43864	11.58
37430	11.32
31022	11.25
43768	9.84
37849	8.98
45827	8.92
34419	8.82
41347	8.81
33835	8.65
43739	7.92
33710	7.49
35422	7.15
37798	5.16
37662	5.08
32595	4.77
32789	4.45
37397	4.27
33118	4.14
39251	3.79
41840	3.55
37922	3.35
37841	3.34
41432	3.17
46069	3.01
46058	3.00
41860	2.91
31176	2.86
43229	2.47
48312	2.43
42291	2.43
41845	2.41
41965	2.40
44072	2.32
31228	2.20
36308	2.13
33986	2.00
36018	1.87
31838	1.87
40848	1.82
31760	1.76
31521	1.76
32007	1.63
39433	1.62
38447	1.61
44326	1.58
42029	1.58
41844	1.51
44291	1.46
36288	1.34
44087	1.32
37290	1.31
31150	1.30
42649	1.30
3354994	1.29
35728	1.18
35288	1.18
33112	1.14
42832	1.07
31185	1.04
34411	1.01
33269	0.97
37355	0.96
37804	0.92
45269	0.89
32100	0.86
32133	0.82
33499	0.77
33373	0.74
43447	0.69
32545	0.68
33351	0.60
43829	0.58
31701	0.56
31166	0.54
41550	0.50
39879	0.49
43736	0.41
32008	0.40
34504	0.39
32045	0.35
43183	0.32
34256	0.31
40973	0.28
34726	0.25
38669	0.24
36617	0.23
39396	0.18
37618	0.07
37356	0.06
39014	0.05
41942	0.02
37476	0.01
42502	-0.02
37587	-0.08
41183	-0.16
33202	-0.16
35970	-0.20
35886	-0.22
35305	-0.23
42828	-0.24
34250	-0.25
36017	-0.34
40232	-0.34
31052	-0.37
39340	-0.39
43466	-0.40
33235	-0.43
43278	-0.47
36583	-0.48
46326	-0.55
42971	-0.56
40388	-0.57
39871	-0.57
46201	-0.58
31215	-0.61
35796	-0.62
36887	-0.64
33386	-0.65
38515	-0.66
44261	-0.67
32221	-0.69
34794	-0.71
34595	-0.74
31139	-0.77
31564	-0.80
33105	-0.86
38456	-0.92
43709	-0.92
47121	-0.93
42453	-0.93
37894	-0.94
34392	-0.94
39429	-1.01
35287	-1.03
43577	-1.06
34924	-1.07
35001	-1.08
41181	-1.18
35119	-1.19
34885	-1.21
36508	-1.23
43517	-1.32
40972	-1.32
35679	-1.33
36390	-1.37
34842	-1.42
41703	-1.42
42946	-1.46
31144	-1.48
44637	-1.54
35340	-1.67
42126	-2.37
40607	-3.00
