34329	15.74
31700	15.66
32635	15.27
38983	15.14
37235	15.10
34352	14.96
31588	14.63
34070	14.05
39484	13.55
42464	13.14
34420	13.12
38208	13.08
39088	13.03
43573	13.03
33629	12.90
31106	12.85
37292	12.41
44150	12.08
37628	11.92
40451	11.88
33487	11.56
34309	11.46
31009	10.90
31022	10.87
47219	10.70
47218	9.85
34419	9.58
43864	8.79
33710	8.79
43768	8.66
37430	8.49
41347	8.45
35422	8.11
33835	8.03
37849	6.82
45827	5.72
43739	5.62
32595	5.36
37798	4.88
37922	4.46
37662	4.13
33118	4.11
37397	3.65
39433	3.44
46058	3.37
3354994	2.89
31176	2.89
36308	2.70
33986	2.46
39251	2.41
32789	2.41
36288	2.38
37841	2.21
44291	2.17
41840	2.15
42291	2.10
45269	2.08
46069	1.90
36018	1.88
41845	1.87
41860	1.86
37804	1.78
43229	1.69
31521	1.67
31838	1.62
38447	1.60
32133	1.45
42649	1.44
31760	1.40
41965	1.34
36583	1.29
44072	1.28
37290	1.24
43736	1.22
32545	1.20
31228	1.17
32045	1.16
41432	1.16
34411	1.14
32007	1.09
35288	1.04
37618	1.02
42029	1.01
35728	0.95
39879	0.94
44087	0.93
43183	0.92
31150	0.90
43829	0.84
33112	0.82
32008	0.82
33373	0.81
31701	0.81
37355	0.76
44326	0.67
48312	0.65
36617	0.65
33202	0.63
34256	0.63
34250	0.61
42832	0.57
39429	0.57
33269	0.56
39396	0.51
38515	0.50
32100	0.49
41844	0.49
41550	0.45
31185	0.44
31166	0.43
40232	0.41
33351	0.35
41183	0.32
35970	0.32
44261	0.32
31215	0.30
35305	0.30
34726	0.27
41181	0.19
40848	0.15
34504	0.15
33499	0.15
35886	0.14
37894	0.11
39340	0.11
43709	0.07
40388	-0.04
43577	-0.10
33386	-0.10
42971	-0.12
40973	-0.13
34885	-0.13
38669	-0.15
34794	-0.15
35287	-0.22
39014	-0.24
43447	-0.28
37587	-0.29
33235	-0.32
33105	-0.50
42946	-0.66
36017	-0.67
42828	-0.71
34392	-0.77
35340	-0.80
36390	-0.85
31139	-0.89
43517	-0.90
35796	-0.93
31052	-1.00
31564	-1.04
46201	-1.07
47121	-1.12
39871	-1.15
36887	-1.16
35119	-1.17
35679	-1.20
42126	-1.24
34595	-1.25
44637	-1.26
36508	-1.27
42453	-1.29
43278	-1.32
40972	-1.35
43466	-1.35
38456	-1.36
42502	-1.38
37356	-1.40
35001	-1.44
32221	-1.45
34842	-1.50
41942	-1.57
37476	-1.64
31144	-1.72
34924	-1.76
41703	-1.80
40607	-1.85
46326	-2.03
