38447	6.68
43739	6.55
39251	5.69
32595	4.78
37922	4.77
35728	4.65
32635	4.45
37804	4.44
31228	4.25
42291	4.21
33351	4.16
44291	4.14
40451	3.90
32545	3.82
41845	3.79
34329	3.60
31185	3.53
43447	3.41
38208	3.40
37235	3.36
33373	3.30
42464	3.27
46058	3.26
38983	3.23
31700	3.10
41432	3.01
37628	3.01
31106	2.93
34309	2.92
37292	2.88
44326	2.85
34256	2.81
46069	2.69
43573	2.62
34070	2.56
31150	2.52
31760	2.43
32700	2.41
36018	2.37
42828	2.34
39484	2.33
47218	2.31
33986	2.25
43183	2.24
43829	2.23
39088	2.22
31009	2.22
34420	2.18
31588	2.16
42029	2.14
47219	2.10
32045	2.07
35886	2.06
45269	2.04
34352	1.99
36308	1.96
33487	1.94
42832	1.90
31838	1.88
31022	1.87
33386	1.74
33105	1.74
45827	1.73
42649	1.71
33629	1.60
43864	1.58
33499	1.50
44150	1.46
37430	1.37
35970	1.35
31166	1.35
36288	1.33
40388	1.30
37849	1.21
32007	1.11
33835	1.08
37618	1.02
43768	0.94
39879	0.91
33710	0.87
37798	0.84
41347	0.79
33202	0.78
37841	0.72
35422	0.71
35288	0.70
41550	0.70
31521	0.64
37290	0.62
41942	0.57
43736	0.56
37587	0.54
43278	0.52
48312	0.50
34411	0.49
36887	0.47
40848	0.47
46326	0.45
41840	0.44
41860	0.44
34504	0.43
44072	0.42
39340	0.41
37662	0.36
43577	0.34
37894	0.27
31139	0.20
34726	0.18
35796	0.18
37476	0.18
39014	0.17
41183	0.16
43466	0.13
41703	0.11
35679	0.11
40973	0.10
33118	0.05
41965	-0.01
40232	-0.04
34595	-0.06
31176	-0.09
35287	-0.11
42453	-0.11
37356	-0.13
35305	-0.15
36017	-0.15
44637	-0.20
36508	-0.21
34794	-0.24
34924	-0.24
36583	-0.25
43229	-0.26
39396	-0.26
31052	-0.28
42971	-0.31
34250	-0.33
41844	-0.34
34885	-0.37
42946	-0.38
37397	-0.38
32133	-0.43
35119	-0.48
32008	-0.50
33269	-0.55
31215	-0.59
34419	-0.60
43517	-0.61
38515	-0.62
37355	-0.63
40607	-0.65
31144	-0.70
34842	-0.70
31564	-0.78
3354994	-0.79
38669	-0.81
38456	-0.81
31701	-0.87
44261	-0.89
42126	-0.91
47121	-0.92
34392	-0.96
43709	-0.99
39429	-1.00
44087	-1.01
35340	-1.02
39433	-1.05
32100	-1.13
33235	-1.18
32221	-1.38
40972	-1.41
33112	-1.46
36617	-1.68
35001	-1.78
36390	-1.82
42502	-1.91
41181	-2.01
46201	-2.30
39871	-2.34
