42828	19.30
40388	16.06
45269	13.42
37894	12.32
36018	10.52
46058	8.82
39879	4.97
37841	3.96
31521	3.70
42649	3.61
38456	3.61
39433	3.49
33202	3.38
40972	3.29
43739	3.29
32595	3.21
32133	3.10
36308	3.09
34392	2.88
42029	2.87
43577	2.79
31701	2.77
36288	2.76
31185	2.72
37587	2.70
36887	2.54
37476	2.51
40848	2.50
31760	2.43
31215	2.39
44326	2.38
33269	2.34
37804	2.15
40607	2.09
31150	2.08
35305	2.07
41844	2.05
34309	2.02
41860	2.00
37922	2.00
44072	1.96
39251	1.95
31228	1.93
37798	1.82
32789	1.74
37290	1.70
31838	1.66
42291	1.56
40973	1.53
43768	1.50
34794	1.45
39396	1.44
43864	1.43
31588	1.43
34504	1.41
31144	1.41
37628	1.38
43829	1.33
33373	1.22
37849	1.21
33710	1.18
40451	1.16
32545	1.13
33499	1.11
35728	1.07
35422	1.01
41432	0.98
37292	0.94
31052	0.94
33351	0.92
41845	0.91
31166	0.88
32221	0.87
33235	0.83
34070	0.80
41840	0.79
31106	0.79
39014	0.74
33835	0.73
33986	0.69
39340	0.65
37397	0.63
34726	0.61
35119	0.59
34411	0.54
31564	0.52
31009	0.51
37235	0.47
43229	0.46
44261	0.46
43278	0.45
42502	0.43
39871	0.43
34842	0.43
38447	0.42
35679	0.36
41965	0.35
36583	0.34
41183	0.31
42453	0.29
41942	0.29
32008	0.29
35001	0.25
39484	0.23
44291	0.23
38208	0.22
33386	0.20
32045	0.20
35287	0.17
43517	0.17
37618	0.14
3354994	0.14
34256	0.10
34329	0.10
38515	0.08
34352	0.08
47218	0.07
48312	0.05
37662	0.02
43466	0.01
32007	0.00
41703	-0.01
36617	-0.07
34595	-0.07
38983	-0.07
43736	-0.08
44087	-0.08
41347	-0.08
41550	-0.11
47121	-0.12
46069	-0.13
43447	-0.15
33112	-0.20
44637	-0.20
31139	-0.25
36508	-0.29
37356	-0.31
36017	-0.31
33487	-0.34
32100	-0.34
39088	-0.35
41181	-0.37
42126	-0.39
44150	-0.42
31022	-0.48
46326	-0.50
47219	-0.50
32700	-0.50
39429	-0.53
43573	-0.55
37430	-0.55
35340	-0.56
35796	-0.58
45827	-0.63
36390	-0.66
34924	-0.69
31700	-0.69
34885	-0.71
40232	-0.79
35886	-0.82
32635	-0.86
33118	-1.00
35970	-1.01
37355	-1.02
33629	-1.03
38669	-1.03
34420	-1.04
42946	-1.04
31176	-1.17
42464	-1.21
46201	-1.25
42971	-1.41
43183	-1.57
34419	-1.81
34250	-1.88
43709	-2.12
35288	-2.32
42832	-2.38
