34419	9.91
33710	7.85
35422	6.88
37798	6.12
31588	6.09
34070	5.71
39484	5.47
31022	5.45
34352	5.43
33835	5.41
31700	5.32
31106	4.62
47218	4.57
34329	4.48
44150	4.42
41347	4.28
37235	4.21
32635	4.14
32700	4.11
38208	4.11
43768	4.09
47219	4.09
43864	3.93
45827	3.87
33629	3.86
44087	3.73
31009	3.71
40451	3.64
43573	3.61
34420	3.57
37292	3.52
38983	3.50
39088	3.48
33112	3.46
34309	3.39
33487	3.28
42464	3.24
37430	3.22
31701	3.12
37397	3.07
42502	3.02
3354994	2.88
31176	2.83
36617	2.67
37628	2.66
39396	2.60
39871	2.59
37849	2.57
42832	2.56
46201	2.43
38669	2.39
38447	2.24
32007	2.18
43709	2.16
35288	2.15
35970	1.77
34842	1.74
41550	1.71
33986	1.71
37662	1.61
32100	1.53
33269	1.43
41845	1.40
43517	1.39
41840	1.38
33386	1.31
43829	1.31
35340	1.22
43183	1.21
31144	1.15
33235	1.14
31052	1.12
40232	1.01
35796	0.90
46069	0.88
32221	0.78
31760	0.78
46326	0.75
43447	0.70
35001	0.65
35886	0.60
42291	0.56
33351	0.54
36390	0.54
45269	0.53
47121	0.51
40607	0.50
34595	0.48
32545	0.43
34250	0.43
32045	0.42
37618	0.40
34726	0.32
35728	0.32
41860	0.30
39014	0.29
39429	0.22
44261	0.20
36583	0.18
34256	0.11
41183	0.11
44072	0.10
32789	0.05
43229	0.03
31139	0.00
42946	-0.01
31166	-0.02
32008	-0.04
41181	-0.04
41942	-0.08
43577	-0.11
41432	-0.13
42971	-0.14
38515	-0.14
37922	-0.14
48312	-0.15
37356	-0.15
31838	-0.16
37476	-0.22
43736	-0.23
36018	-0.24
37355	-0.27
39251	-0.28
39340	-0.40
34504	-0.42
33373	-0.46
34885	-0.61
31521	-0.62
34924	-0.62
46058	-0.65
41844	-0.66
41965	-0.68
32595	-0.71
35119	-0.77
31564	-0.77
40973	-0.77
36508	-0.83
42126	-0.84
40388	-0.86
37587	-0.88
35287	-0.89
34411	-0.90
36887	-0.91
43739	-0.92
36288	-0.94
40848	-0.95
40972	-1.00
33105	-1.00
39433	-1.03
38456	-1.03
33202	-1.03
43466	-1.06
44326	-1.11
42029	-1.11
44637	-1.19
37894	-1.22
32133	-1.22
35679	-1.23
34794	-1.26
42649	-1.33
31228	-1.34
42828	-1.35
36308	-1.38
42453	-1.44
35305	-1.47
34392	-1.50
44291	-1.56
37804	-1.58
37290	-1.59
36017	-1.65
43278	-1.67
39879	-1.80
41703	-1.87
33499	-1.87
31215	-1.95
31185	-2.04
37841	-2.15
31150	-2.37
