44087	15.17
42502	9.93
46201	9.89
33269	9.48
31701	8.94
41860	8.89
37662	8.22
39871	7.87
37397	7.68
36617	6.47
31176	6.45
35305	5.70
38669	5.15
42649	4.62
37798	4.18
42029	4.00
36308	3.86
33710	3.75
41840	3.54
33118	3.46
48312	3.44
36288	3.26
44072	3.22
41942	3.13
41844	3.11
31838	2.80
35422	2.72
34885	2.64
45827	2.63
40451	2.57
33835	2.56
33235	2.56
31588	2.43
39433	2.41
34309	2.41
33986	2.35
41347	2.34
43229	2.21
31700	2.16
32045	2.15
44261	2.02
39879	2.02
47121	2.00
34070	1.96
34352	1.89
31106	1.85
35001	1.77
37628	1.74
34419	1.67
3354994	1.63
36887	1.56
38208	1.50
39484	1.48
43517	1.46
31052	1.46
38983	1.41
34329	1.39
32100	1.37
43573	1.37
37235	1.31
31521	1.26
46326	1.25
43768	1.25
31009	1.17
44326	1.15
43864	1.15
32635	1.14
40607	1.11
35679	1.11
41965	1.11
31228	1.07
37292	1.06
44150	1.03
36390	1.01
39088	0.99
40973	0.95
39014	0.94
32221	0.90
33487	0.89
31022	0.84
35340	0.83
32700	0.82
35288	0.81
37922	0.80
32008	0.71
39429	0.69
31150	0.63
39340	0.63
47218	0.63
36583	0.62
34420	0.60
43739	0.59
45269	0.57
31564	0.57
31760	0.56
43278	0.55
42971	0.53
37841	0.40
42464	0.40
34842	0.39
32007	0.39
38515	0.39
36508	0.37
47219	0.36
43466	0.35
37430	0.33
38447	0.32
35796	0.31
41183	0.29
31144	0.29
31215	0.27
33629	0.27
44637	0.26
37849	0.24
34504	0.24
43183	0.22
37355	0.17
37290	0.14
34392	0.12
36018	0.08
32595	0.08
31185	0.08
33202	0.06
34726	0.03
37356	0.01
42828	-0.06
37618	-0.06
41181	-0.09
43709	-0.09
40232	-0.15
34411	-0.16
39396	-0.19
33105	-0.20
37894	-0.23
37476	-0.26
34595	-0.27
43577	-0.27
37587	-0.31
33373	-0.36
33499	-0.37
40848	-0.39
42946	-0.39
34924	-0.46
35119	-0.46
43736	-0.47
41845	-0.47
35970	-0.60
40972	-0.62
43829	-0.69
34794	-0.69
42291	-0.69
46069	-0.71
34256	-0.71
31166	-0.73
32133	-0.80
42453	-0.81
37804	-0.86
41703	-0.89
36017	-0.90
38456	-0.97
39251	-0.99
40388	-1.03
41432	-1.06
46058	-1.17
33351	-1.19
42832	-1.24
33386	-1.24
31139	-1.28
35886	-1.45
32789	-1.46
35728	-1.57
34250	-1.68
32545	-1.72
44291	-1.74
35287	-1.77
43447	-2.12
41550	-2.18
42126	-2.75
