42029	10.41
31838	10.35
36308	9.75
42649	8.73
39879	8.25
36583	6.24
41840	6.04
32133	5.26
32595	5.25
36288	5.21
39433	5.19
40388	4.86
31215	4.84
44072	4.74
32045	4.54
37894	4.36
41844	4.16
37587	4.07
44326	3.93
35305	3.81
37922	3.77
33105	3.38
40972	3.36
42828	3.19
44637	2.91
40607	2.87
31760	2.86
36508	2.82
40973	2.78
41181	2.68
37841	2.67
38456	2.63
43229	2.58
36617	2.54
37804	2.51
37476	2.47
36887	2.46
34392	2.40
37290	2.36
42126	2.31
31022	2.25
35886	2.22
36390	2.17
35287	2.15
31521	2.03
44261	1.99
44291	1.92
43829	1.83
41860	1.78
37798	1.78
31144	1.71
34885	1.71
31564	1.70
38515	1.68
46058	1.68
43768	1.61
34924	1.60
45269	1.57
32008	1.55
43466	1.55
35970	1.54
45827	1.52
43739	1.42
33373	1.39
41942	1.39
38208	1.37
40451	1.36
32100	1.36
36018	1.32
41703	1.30
35288	1.25
43278	1.25
34411	1.20
43736	1.16
31185	1.15
40848	1.15
39871	1.12
34329	1.07
42291	1.07
39340	1.07
34070	1.05
37356	1.04
35422	0.97
31139	0.93
33269	0.89
32545	0.89
31150	0.87
43864	0.87
31106	0.87
33986	0.86
35679	0.86
39251	0.85
41347	0.81
33629	0.79
32789	0.78
47121	0.78
39429	0.77
41965	0.77
48312	0.73
34352	0.72
39014	0.70
37397	0.68
42946	0.67
34250	0.66
39484	0.66
33835	0.64
32700	0.63
36017	0.62
33351	0.62
31052	0.61
40232	0.56
31228	0.53
31701	0.52
33386	0.48
42464	0.45
31588	0.42
41550	0.42
46201	0.40
43183	0.37
38983	0.37
33710	0.36
33499	0.36
43709	0.35
34309	0.35
41432	0.33
31166	0.31
37430	0.30
35728	0.22
39088	0.22
41183	0.20
41845	0.20
37292	0.19
37355	0.19
42502	0.18
42453	0.17
38447	0.14
35119	0.11
43573	0.11
34420	0.08
33235	0.06
34419	0.06
33112	0.06
34256	0.03
33487	0.03
37628	0.01
31700	-0.01
38669	-0.08
32221	-0.09
34595	-0.14
44087	-0.15
32635	-0.16
34726	-0.18
37849	-0.20
32007	-0.22
43447	-0.24
37235	-0.25
34504	-0.27
35001	-0.35
37662	-0.37
37618	-0.38
34794	-0.38
31009	-0.39
44150	-0.54
31176	-0.56
42832	-0.60
39396	-0.67
47218	-0.69
47219	-0.79
35796	-0.80
43577	-0.87
33118	-1.03
46069	-1.08
3354994	-1.09
43517	-1.27
42971	-1.36
35340	-1.60
46326	-1.85
34842	-2.18
