41942	7.34
36390	5.16
41181	4.57
3354994	4.54
35422	4.46
46201	3.40
32100	3.38
35001	2.79
31144	2.75
33112	2.56
43709	2.55
40848	2.46
41844	2.42
44261	2.28
44087	2.23
38669	2.23
47121	1.94
39014	1.87
36617	1.87
42502	1.84
31588	1.78
37841	1.78
31760	1.69
43517	1.64
33710	1.64
41965	1.63
41347	1.55
34842	1.52
40607	1.45
31701	1.44
43768	1.41
42649	1.26
35340	1.23
40972	1.22
33118	1.14
41860	1.13
39484	1.11
45269	1.10
34309	1.06
39429	1.05
37355	1.02
31022	0.99
32008	0.98
38456	0.97
39871	0.97
35679	0.96
32221	0.96
35287	0.95
31521	0.95
34411	0.94
42971	0.91
43736	0.90
31176	0.86
33269	0.84
33105	0.83
31106	0.79
37356	0.78
40973	0.77
37476	0.75
40451	0.71
33835	0.60
34070	0.59
42832	0.53
37397	0.52
34329	0.52
42828	0.51
36308	0.45
46326	0.45
44072	0.40
31166	0.39
37662	0.38
37894	0.35
38515	0.34
34419	0.32
31700	0.32
46058	0.32
39433	0.32
43864	0.31
41550	0.31
37292	0.30
34504	0.29
34794	0.26
41845	0.25
41840	0.25
46069	0.24
35305	0.20
33487	0.20
36887	0.19
33351	0.19
34392	0.19
40232	0.17
32007	0.17
42464	0.14
43278	0.13
33202	0.06
42946	0.05
44150	0.04
34420	0.03
42029	0.02
37430	0.01
35728	0.00
34726	-0.02
38208	-0.05
33629	-0.07
37849	-0.08
47219	-0.09
44637	-0.10
33986	-0.10
43577	-0.11
44291	-0.13
42453	-0.13
43829	-0.15
43229	-0.15
35886	-0.15
31215	-0.18
37618	-0.19
31838	-0.20
39088	-0.20
37587	-0.20
32595	-0.22
35119	-0.22
37235	-0.24
43739	-0.28
32700	-0.32
34352	-0.36
41703	-0.37
39340	-0.41
32635	-0.43
36583	-0.48
35796	-0.50
38983	-0.51
31564	-0.51
47218	-0.52
36288	-0.53
31150	-0.55
41183	-0.56
40388	-0.56
37628	-0.58
43573	-0.64
32545	-0.66
41432	-0.67
31052	-0.68
45827	-0.68
48312	-0.71
39251	-0.76
38447	-0.78
37798	-0.81
34885	-0.87
37290	-0.92
34256	-0.95
35970	-0.98
34250	-1.02
35288	-1.04
31009	-1.05
36018	-1.05
43447	-1.05
43466	-1.05
32133	-1.11
37922	-1.18
33373	-1.18
32789	-1.18
34924	-1.19
42291	-1.22
34595	-1.23
33386	-1.24
39879	-1.32
31185	-1.35
32045	-1.39
31139	-1.43
31228	-1.44
39396	-1.52
37804	-1.58
33499	-1.66
42126	-1.72
36017	-1.83
36508	-1.84
43183	-1.98
44326	-2.06
