33112	9.48
31701	8.69
44087	8.35
42502	7.87
31176	6.19
46201	5.60
39871	5.58
37662	5.46
41860	5.37
48312	5.21
35305	4.82
37397	4.17
36288	3.64
37476	3.51
36887	3.34
37798	3.32
36617	3.24
31150	2.88
33710	2.75
42649	2.69
41844	2.68
43577	2.58
41965	2.51
44326	2.39
42029	2.35
33105	2.34
39879	2.20
36308	2.14
39433	2.06
45269	1.88
37628	1.85
40451	1.79
38669	1.72
31700	1.69
36018	1.67
34309	1.58
31228	1.57
45827	1.50
31838	1.50
33118	1.43
32045	1.41
34504	1.31
39088	1.28
37292	1.28
42828	1.28
44072	1.27
31009	1.26
33499	1.22
42464	1.21
31052	1.18
34420	1.18
38983	1.17
34794	1.16
37235	1.16
37430	1.15
43229	1.11
34726	1.09
42453	1.08
34070	1.04
34885	1.04
36017	1.03
34411	1.02
37849	1.01
33487	1.01
34595	0.99
34329	0.98
32635	0.97
44261	0.96
41347	0.91
43864	0.91
31106	0.90
33202	0.89
40607	0.89
36508	0.89
37587	0.88
34352	0.87
34419	0.86
33235	0.84
46326	0.83
33835	0.79
39396	0.78
44150	0.75
47121	0.73
41942	0.68
37841	0.67
43739	0.67
35288	0.64
37922	0.63
33986	0.62
41181	0.59
35679	0.58
32700	0.56
46058	0.55
41432	0.54
39251	0.52
37894	0.51
43768	0.50
31521	0.50
37804	0.49
3354994	0.46
43278	0.42
37290	0.38
40388	0.37
40973	0.34
41840	0.33
38208	0.31
47218	0.30
31185	0.24
36583	0.23
31144	0.22
31588	0.22
35796	0.17
32100	0.14
43573	0.09
34392	0.08
43466	0.05
37618	-0.00
41845	-0.00
32221	-0.02
33373	-0.04
32007	-0.07
35001	-0.11
41183	-0.17
36390	-0.22
31760	-0.23
39429	-0.23
39484	-0.23
43517	-0.24
39014	-0.24
42291	-0.29
38515	-0.29
31215	-0.36
33629	-0.37
47219	-0.40
35119	-0.42
46069	-0.49
35422	-0.50
41703	-0.51
32789	-0.55
40972	-0.57
32008	-0.57
31564	-0.63
32595	-0.63
32133	-0.64
35340	-0.68
40848	-0.71
44291	-0.81
38447	-0.85
35970	-0.85
34842	-0.86
37356	-0.86
43709	-0.96
39340	-0.98
31139	-1.04
38456	-1.05
43736	-1.06
31022	-1.09
31166	-1.17
34256	-1.18
43829	-1.20
35728	-1.24
42971	-1.33
43183	-1.50
34924	-1.56
44637	-1.60
32545	-1.61
35287	-1.62
37355	-1.71
43447	-1.72
33351	-1.86
40232	-1.86
42946	-1.88
34250	-2.00
35886	-2.12
41550	-2.17
42126	-2.30
42832	-2.31
33386	-2.40
