35728	20.44
43447	15.18
32545	15.16
33386	13.53
35886	13.09
43183	9.74
42291	7.93
33373	7.29
37804	7.08
43829	6.88
38447	6.86
41845	6.49
32007	6.30
46069	5.63
31760	5.45
41432	5.40
44291	4.97
31185	4.89
34256	4.85
31166	4.45
39251	4.38
41550	4.24
32789	4.16
43739	3.66
42832	3.32
39396	3.20
32595	2.96
37922	2.87
36583	2.82
40848	2.40
33986	2.21
32045	2.16
35970	1.93
36308	1.88
45269	1.66
34309	1.66
39484	1.64
35422	1.63
46058	1.62
34885	1.61
38456	1.57
42029	1.55
32133	1.54
31228	1.47
43736	1.40
31022	1.34
34329	1.30
38208	1.28
36508	1.25
44326	1.25
31106	1.25
41183	1.24
34070	1.24
42828	1.16
38983	1.15
37618	1.12
33835	1.07
31588	1.03
31150	1.00
42649	0.96
31838	0.95
44072	0.93
33105	0.92
34250	0.92
37587	0.87
43768	0.85
37235	0.85
37894	0.83
31700	0.82
34352	0.79
47218	0.79
36018	0.79
31521	0.78
40388	0.77
31215	0.77
32100	0.77
43573	0.73
40451	0.67
33202	0.62
43466	0.60
32635	0.60
33118	0.54
43577	0.53
37356	0.52
33710	0.50
37628	0.48
41840	0.45
37849	0.45
35305	0.39
34842	0.37
32700	0.35
46326	0.30
37292	0.26
39340	0.25
33499	0.21
33235	0.19
38669	0.18
31139	0.17
32008	0.14
39433	0.14
33487	0.13
32221	0.12
40607	0.09
41347	0.06
43709	-0.01
37798	-0.04
42464	-0.05
42971	-0.06
40972	-0.06
41942	-0.07
37430	-0.10
43864	-0.11
37841	-0.12
31009	-0.13
34595	-0.17
40232	-0.18
34924	-0.19
39088	-0.27
34420	-0.27
40973	-0.28
33629	-0.30
37290	-0.32
41703	-0.33
34392	-0.34
42946	-0.34
36288	-0.34
41860	-0.35
34726	-0.39
31144	-0.40
42126	-0.41
43278	-0.42
47219	-0.42
44150	-0.43
45827	-0.45
35796	-0.46
39014	-0.48
36017	-0.48
34504	-0.52
39879	-0.58
42453	-0.62
35119	-0.64
44261	-0.64
31052	-0.71
47121	-0.72
37476	-0.73
43517	-0.80
34794	-0.81
41844	-0.87
34411	-0.87
36887	-0.89
35001	-0.90
37662	-0.91
41965	-1.02
48312	-1.04
35679	-1.06
34419	-1.11
33112	-1.19
31701	-1.21
31176	-1.23
43229	-1.25
38515	-1.29
39429	-1.33
35288	-1.35
44087	-1.46
39871	-1.49
31564	-1.49
37355	-1.57
44637	-1.57
35287	-1.64
37397	-1.71
33269	-1.86
41181	-1.89
36390	-1.91
46201	-1.93
35340	-1.97
36617	-2.12
42502	-2.24
3354994	-2.29
