37804	8.25
33351	7.29
35886	6.98
32545	6.74
33986	6.37
34256	6.09
31185	6.08
33386	4.97
44291	4.87
35728	4.86
37922	4.80
43447	4.67
32045	4.56
43183	4.45
43739	4.41
38447	4.36
36583	4.19
31760	3.70
32595	3.37
32789	3.30
35305	2.62
42291	2.46
44326	2.42
31150	2.40
39251	2.36
32007	2.29
41845	2.17
36508	2.11
35970	2.10
39879	2.08
36308	2.00
42832	1.88
37587	1.87
40451	1.87
41550	1.85
33499	1.80
43829	1.77
37798	1.73
31228	1.72
41432	1.70
36288	1.69
42029	1.64
46069	1.61
45827	1.60
42649	1.55
37235	1.44
41840	1.41
34329	1.39
33202	1.39
34885	1.38
46058	1.35
43278	1.32
42828	1.32
38208	1.32
43864	1.28
34309	1.23
33105	1.22
31588	1.18
37894	1.16
36018	1.13
40972	1.09
34070	1.08
43768	1.07
31022	1.06
31106	1.01
31166	1.01
32133	0.98
39088	0.96
38983	0.94
31838	0.94
31176	0.88
33835	0.87
37292	0.86
44261	0.86
40388	0.84
39396	0.82
32700	0.81
34352	0.75
33487	0.75
32635	0.74
38669	0.73
40848	0.72
35796	0.72
38456	0.71
37356	0.67
44087	0.64
31052	0.61
45269	0.57
35422	0.56
34250	0.56
34794	0.56
31009	0.54
39014	0.52
37290	0.52
31700	0.51
37430	0.51
35119	0.51
42946	0.48
43573	0.47
39484	0.45
34392	0.42
35679	0.40
37628	0.38
36887	0.38
40607	0.34
46326	0.32
33629	0.29
31521	0.29
31701	0.28
44637	0.26
34595	0.24
41703	0.20
37841	0.20
37662	0.19
36617	0.17
37618	0.16
44072	0.14
31215	0.13
47218	0.12
42453	0.11
31139	0.11
34726	0.05
37849	0.04
44150	0.03
34420	0.02
39433	0.02
38515	0.02
41183	0.02
40973	0.01
43466	-0.03
33269	-0.04
40232	-0.05
33710	-0.05
41860	-0.06
36017	-0.06
48312	-0.09
34504	-0.13
41942	-0.16
31564	-0.27
43577	-0.31
42464	-0.34
41347	-0.35
47121	-0.35
33112	-0.36
32221	-0.37
42126	-0.38
39340	-0.38
34842	-0.43
37397	-0.44
37476	-0.44
33118	-0.46
34411	-0.48
43517	-0.50
34419	-0.52
35288	-0.53
43229	-0.54
32008	-0.58
34924	-0.62
41181	-0.63
43736	-0.67
42971	-0.68
39871	-0.70
41844	-0.71
32100	-0.74
43709	-0.78
46201	-0.82
39429	-0.86
35001	-0.94
47219	-0.97
35287	-1.03
41965	-1.09
33235	-1.18
42502	-1.21
37355	-1.26
31144	-1.30
35340	-1.60
3354994	-1.71
36390	-1.72
