33351	13.53
35728	13.48
35886	11.09
43447	10.78
32545	10.77
43183	9.64
31166	6.27
43829	5.73
37804	5.67
42291	5.63
41845	5.40
33373	4.97
32007	4.94
38447	4.68
42832	4.54
34256	3.94
31185	3.87
41432	3.54
46069	3.48
41550	3.38
33986	3.02
39396	2.88
37922	2.50
44291	2.31
31760	2.03
35970	2.01
43739	1.97
32789	1.74
35422	1.66
32133	1.61
39251	1.38
36583	1.32
33118	1.31
41840	1.17
31215	1.03
40848	0.97
32045	0.91
33835	0.89
44072	0.84
47121	0.82
39484	0.78
37587	0.75
38456	0.74
32595	0.74
36508	0.72
41183	0.67
34392	0.67
34885	0.65
34070	0.64
40607	0.61
31139	0.60
39014	0.56
43736	0.56
38208	0.54
37894	0.54
37798	0.50
37290	0.50
43709	0.48
33202	0.48
31022	0.46
44326	0.39
40973	0.34
31106	0.32
32100	0.29
31588	0.29
31144	0.28
31521	0.25
42828	0.24
34329	0.24
32221	0.23
45269	0.22
33105	0.20
33499	0.19
36308	0.19
43768	0.18
34842	0.18
40388	0.18
38669	0.17
34352	0.15
46058	0.10
41703	0.10
39433	0.09
34250	0.04
42029	0.03
42946	0.02
37618	0.01
39340	0.01
35001	0.00
34309	-0.05
33710	-0.07
38983	-0.07
43466	-0.08
33629	-0.08
41860	-0.09
41347	-0.10
32700	-0.10
40232	-0.11
40451	-0.15
34924	-0.16
35119	-0.16
43278	-0.18
42126	-0.20
31228	-0.23
37430	-0.24
34726	-0.24
47219	-0.25
43573	-0.25
44261	-0.26
39088	-0.27
47218	-0.29
43517	-0.33
38515	-0.35
37292	-0.37
31150	-0.38
46326	-0.38
35796	-0.39
31700	-0.40
42971	-0.41
36017	-0.44
41844	-0.44
37356	-0.45
34419	-0.46
39429	-0.47
36018	-0.49
31009	-0.50
37628	-0.52
37235	-0.52
31838	-0.53
32008	-0.54
31052	-0.62
40972	-0.64
43864	-0.64
37849	-0.64
32635	-0.65
35288	-0.68
43577	-0.71
42464	-0.71
35679	-0.72
34595	-0.73
36390	-0.77
33487	-0.79
39871	-0.81
39879	-0.82
37841	-0.82
42649	-0.83
3354994	-0.84
44637	-0.84
36288	-0.85
42453	-0.85
44150	-0.92
35340	-1.00
35287	-1.01
34504	-1.03
37476	-1.10
43229	-1.11
34420	-1.12
37397	-1.21
41942	-1.21
31701	-1.22
42502	-1.22
33235	-1.24
33112	-1.24
36617	-1.26
35305	-1.30
36887	-1.32
37355	-1.32
45827	-1.35
44087	-1.36
31564	-1.42
41181	-1.53
46201	-1.58
37662	-1.59
34794	-1.60
34411	-1.60
41965	-1.66
31176	-1.70
48312	-1.84
33269	-2.40
