37430	17.41
37628	15.34
37235	15.30
39088	15.00
31009	14.04
38983	13.99
37292	13.89
43573	13.74
32635	13.37
34420	13.08
42464	12.81
44150	12.80
33629	12.33
31700	12.24
37849	12.20
34309	12.15
47219	12.09
34352	12.06
47218	11.75
34329	11.64
32700	11.56
31106	11.10
34070	11.00
31588	10.99
38208	10.04
39484	9.44
34419	8.78
40451	8.31
43864	8.06
31022	7.08
33710	7.06
43768	6.83
43739	6.52
41347	6.38
33835	5.57
45827	4.80
37662	4.68
37798	4.61
35422	4.53
48312	3.41
46069	3.36
37397	3.35
33118	3.28
31176	3.00
37841	2.83
39251	2.69
31228	2.53
46058	2.52
32595	2.46
37922	2.30
33986	2.28
41965	2.27
32789	1.94
44087	1.92
42649	1.86
41432	1.78
39433	1.78
36308	1.75
41840	1.75
31838	1.73
45269	1.58
36018	1.48
31150	1.47
41860	1.39
44072	1.38
37804	1.35
31760	1.35
43229	1.33
41845	1.33
42291	1.30
32045	1.22
35288	1.21
39879	1.10
36617	1.05
42029	1.02
32133	1.01
33269	1.01
36288	0.95
33112	0.89
31701	0.82
40848	0.80
32100	0.79
33373	0.75
39396	0.71
35305	0.57
44326	0.54
34411	0.54
3354994	0.51
32007	0.48
34504	0.47
31185	0.45
43736	0.35
38447	0.34
42502	0.31
35970	0.28
37618	0.25
39014	0.23
37355	0.21
33235	0.20
36390	0.17
33351	0.13
43709	0.09
34250	0.03
33202	0.03
44291	0.03
31215	-0.01
33499	-0.02
37356	-0.02
34256	-0.04
43183	-0.09
39429	-0.11
35728	-0.12
41844	-0.12
46201	-0.15
41942	-0.15
41183	-0.16
38515	-0.16
37290	-0.18
44261	-0.22
43447	-0.22
39871	-0.22
36017	-0.25
38669	-0.26
40232	-0.28
36508	-0.28
34726	-0.29
33105	-0.34
31521	-0.34
32008	-0.41
32545	-0.43
41181	-0.45
43577	-0.48
34794	-0.51
31564	-0.52
36887	-0.52
35796	-0.54
37894	-0.57
41550	-0.65
37587	-0.66
31139	-0.67
43829	-0.70
33386	-0.79
36583	-0.79
42828	-0.80
42832	-0.80
35340	-0.82
38456	-0.83
42971	-0.86
35001	-0.87
42946	-0.88
32221	-0.89
40973	-0.89
39340	-0.90
41703	-0.91
43517	-0.92
46326	-0.94
35119	-0.96
35886	-0.96
43466	-0.97
31052	-0.99
31166	-0.99
35679	-1.03
42126	-1.12
44637	-1.18
43278	-1.22
34842	-1.31
34392	-1.35
40972	-1.38
47121	-1.59
40388	-1.63
34595	-1.70
35287	-1.77
31144	-1.81
42453	-1.82
37476	-1.86
34924	-1.92
40607	-1.99
34885	-2.03
