37290	11.81
40973	11.04
39014	9.65
41703	9.34
43278	8.94
34392	8.45
35679	7.84
47121	7.46
36887	6.30
35796	5.83
31052	5.71
42453	5.54
36017	5.47
34924	5.47
44637	5.19
34595	5.14
38515	4.75
43466	4.67
34794	4.49
39340	4.33
34250	4.26
34504	4.14
37618	3.85
34411	3.76
35119	3.64
38669	3.50
43517	3.40
43229	3.39
46326	3.27
41860	3.20
34842	2.77
44326	2.66
42946	2.66
43739	2.65
35288	2.59
39429	2.49
40972	2.42
43577	2.41
34256	2.39
40232	2.38
40607	2.28
44072	2.18
32595	2.05
35001	1.84
31150	1.83
37662	1.83
41432	1.82
33373	1.80
41844	1.78
31139	1.75
32045	1.73
33986	1.66
36018	1.57
37922	1.56
32789	1.50
39879	1.44
35287	1.41
42649	1.38
37397	1.34
31228	1.33
37587	1.31
35305	1.30
42029	1.30
42126	1.29
33269	1.22
40388	1.19
36288	1.18
37804	1.17
43829	1.16
33105	1.11
31185	1.10
37841	1.05
31838	1.04
36308	0.98
32007	0.91
41845	0.87
38447	0.86
36508	0.85
42828	0.85
37355	0.84
37894	0.81
46069	0.80
46058	0.80
32635	0.77
42291	0.70
42971	0.66
35728	0.62
37798	0.54
31166	0.52
34726	0.48
32545	0.47
45269	0.40
36583	0.40
37235	0.38
33202	0.36
43183	0.33
34885	0.30
34309	0.30
45827	0.27
41183	0.22
33351	0.21
33386	0.19
31701	0.19
37628	0.18
32700	0.15
37476	0.12
40451	0.07
34352	0.05
39088	0.04
34420	0.03
38208	0.02
37356	0.01
38983	-0.01
43768	-0.01
41550	-0.01
44087	-0.01
33487	-0.02
31700	-0.04
31521	-0.04
36617	-0.05
43864	-0.09
34329	-0.10
41965	-0.11
40848	-0.11
37849	-0.12
31176	-0.15
35886	-0.17
44150	-0.19
44291	-0.24
39433	-0.24
44261	-0.30
37292	-0.30
47218	-0.32
43447	-0.35
41840	-0.35
33835	-0.36
33112	-0.37
47219	-0.38
42464	-0.39
31106	-0.42
31760	-0.43
41942	-0.46
37430	-0.47
34070	-0.49
31564	-0.49
39396	-0.50
33710	-0.50
32008	-0.51
33629	-0.52
42832	-0.53
42502	-0.58
36390	-0.59
35340	-0.59
31215	-0.60
39251	-0.63
31009	-0.64
43573	-0.69
39484	-0.69
48312	-0.71
39871	-0.82
31588	-0.87
35422	-0.97
32133	-0.99
34419	-1.09
3354994	-1.11
41347	-1.19
31144	-1.28
38456	-1.31
32221	-1.33
46201	-1.37
43709	-1.55
41181	-1.58
43736	-1.66
33235	-1.66
31022	-1.68
32100	-1.86
33118	-1.87
35970	-2.05
