33235	4.54
41347	3.76
34419	3.41
35422	3.26
31176	3.18
33835	3.02
32700	2.89
33118	2.88
33710	2.78
36390	2.72
31022	2.72
43709	2.52
41844	2.38
39484	2.30
47219	2.30
31588	2.30
42832	2.24
41942	2.17
44261	1.99
37397	1.94
34070	1.93
41181	1.84
43768	1.81
42464	1.77
34352	1.71
33112	1.63
37849	1.55
35001	1.54
43864	1.54
33629	1.49
43517	1.48
31701	1.48
31700	1.48
34420	1.44
40451	1.38
34309	1.37
40848	1.37
42502	1.35
44150	1.31
38208	1.30
32635	1.29
37292	1.29
41965	1.25
31106	1.24
43573	1.23
44087	1.21
38669	1.20
37235	1.20
47218	1.18
35340	1.14
38983	1.04
46201	1.01
43829	1.00
37798	0.98
37430	0.97
34329	0.95
34842	0.95
43229	0.95
36617	0.93
39088	0.91
31009	0.90
40232	0.89
31144	0.69
31760	0.62
40607	0.61
43736	0.59
33986	0.58
44072	0.53
31215	0.52
33487	0.51
32100	0.50
38515	0.49
35288	0.49
31166	0.47
33269	0.46
40388	0.46
37922	0.45
41860	0.43
35287	0.41
34726	0.37
37894	0.32
32221	0.32
39433	0.31
35970	0.30
35796	0.29
42828	0.23
39871	0.14
33105	0.14
31052	0.13
32008	0.11
36583	0.11
31521	0.11
40972	0.10
37662	0.08
32595	0.07
35679	0.03
37628	0.02
37476	0.01
39429	0.01
42971	-0.00
34504	-0.06
41840	-0.06
34411	-0.07
37841	-0.13
45827	-0.13
31150	-0.18
32007	-0.20
46069	-0.22
37355	-0.23
42126	-0.26
36887	-0.26
36018	-0.29
46058	-0.32
42649	-0.33
34392	-0.33
34885	-0.34
39396	-0.34
36288	-0.37
41845	-0.38
41550	-0.39
42453	-0.41
45269	-0.45
39014	-0.52
35119	-0.57
39879	-0.57
47121	-0.60
35305	-0.61
42946	-0.63
43739	-0.66
39340	-0.68
36308	-0.69
44637	-0.72
31139	-0.75
42291	-0.77
34794	-0.78
32789	-0.79
48312	-0.79
40973	-0.81
33386	-0.84
43577	-0.84
37587	-0.90
46326	-0.90
35886	-0.91
43183	-0.92
39251	-0.97
32133	-1.01
37804	-1.03
33202	-1.09
34250	-1.09
32045	-1.09
33499	-1.11
34256	-1.19
41432	-1.20
31564	-1.23
42029	-1.31
38447	-1.35
37356	-1.41
41183	-1.43
37618	-1.43
44326	-1.45
31838	-1.51
35728	-1.52
44291	-1.53
38456	-1.54
37290	-1.55
32545	-1.59
36017	-1.59
43466	-1.65
31228	-1.68
33373	-1.71
41703	-1.75
34924	-1.79
43278	-1.86
34595	-1.89
43447	-2.15
31185	-2.17
33351	-2.29
36508	-2.55
