42464	18.26
34352	17.29
43573	17.18
39088	16.92
38983	15.58
34420	15.15
37292	15.04
31009	14.26
37235	14.22
32635	14.20
39484	14.17
34329	13.80
31700	13.44
38208	13.11
32700	12.90
34070	12.78
44150	12.57
33487	12.33
34419	12.15
31588	12.05
37430	12.03
47219	11.58
37628	11.37
31106	11.13
47218	10.89
34309	10.46
43864	10.37
33710	9.79
31022	9.41
37849	8.80
43768	8.59
40451	8.45
33835	7.85
43739	6.68
35422	6.28
41347	6.24
45827	5.54
37798	5.18
32595	4.38
33118	3.86
37841	3.31
37922	3.17
42291	3.03
39433	2.83
43229	2.81
41965	2.71
37397	2.55
31176	2.44
48312	2.25
33986	2.21
46058	1.99
31228	1.93
44072	1.87
37662	1.86
46069	1.80
41840	1.72
32789	1.60
44326	1.58
39251	1.54
37290	1.51
3354994	1.49
41860	1.48
41432	1.39
32133	1.37
31701	1.23
32100	1.18
35288	1.17
41845	1.11
44291	1.05
36288	1.00
34250	0.91
36018	0.90
45269	0.90
37587	0.88
31760	0.87
31215	0.82
33202	0.79
31521	0.76
35970	0.73
41550	0.68
41844	0.67
39014	0.59
44087	0.57
43709	0.52
43736	0.49
37804	0.48
34411	0.45
36617	0.45
43183	0.44
36017	0.43
42453	0.41
36390	0.38
37355	0.35
36308	0.30
42649	0.30
33373	0.29
39879	0.28
33112	0.27
31150	0.22
43829	0.22
35728	0.15
37476	0.13
44261	0.10
32545	0.07
43447	0.05
42029	-0.01
35287	-0.02
42946	-0.05
42126	-0.06
33235	-0.07
33386	-0.08
40232	-0.10
32007	-0.11
32045	-0.12
42832	-0.12
32221	-0.13
34256	-0.15
37618	-0.17
41183	-0.17
37356	-0.17
32008	-0.18
40973	-0.20
42502	-0.23
35305	-0.23
43466	-0.24
34794	-0.26
40388	-0.29
38447	-0.30
33351	-0.30
46201	-0.30
31139	-0.31
35886	-0.32
47121	-0.32
31838	-0.33
42971	-0.34
41181	-0.37
38515	-0.37
33269	-0.37
40972	-0.40
34504	-0.41
39429	-0.42
33499	-0.52
34726	-0.54
40848	-0.55
41942	-0.57
41703	-0.58
31052	-0.60
43577	-0.60
35001	-0.62
43517	-0.62
44637	-0.63
39396	-0.66
35119	-0.70
36887	-0.75
43278	-0.75
34595	-0.75
31166	-0.76
31564	-0.85
39871	-0.85
37894	-0.87
35796	-0.88
38669	-0.90
42828	-0.91
39340	-0.92
34842	-0.93
35340	-0.93
34392	-0.95
38456	-0.99
33105	-1.03
36508	-1.07
36583	-1.19
35679	-1.19
31185	-1.32
34924	-1.56
31144	-1.62
40607	-1.82
34885	-1.95
46326	-2.01
