34419	12.52
34352	11.56
31588	11.33
34070	11.23
39484	10.11
33835	9.88
33629	9.79
43864	9.52
34329	9.47
31106	9.41
43768	9.36
38983	9.27
34309	9.17
43573	9.17
47219	8.95
31700	8.94
35422	8.80
32700	8.79
40451	8.73
37292	8.55
37235	8.53
42464	8.35
37628	8.13
39088	7.97
33118	7.85
47218	7.59
32635	7.49
34420	7.35
44150	7.22
33487	7.06
37798	6.66
38208	6.63
31009	6.53
31022	6.51
41347	5.68
37430	5.67
37849	5.13
45827	4.49
37397	4.03
41860	4.00
33112	3.75
31701	3.58
44087	3.55
45269	3.42
37922	3.15
43739	3.06
31176	3.03
3354994	2.78
33269	2.75
37662	2.71
33986	2.69
32595	2.49
41965	2.39
41840	2.30
48312	2.23
46058	2.15
36288	2.12
41845	2.05
38669	2.01
38447	1.96
46201	1.95
36018	1.91
44072	1.90
42502	1.87
37841	1.85
39433	1.78
43229	1.78
42291	1.72
42649	1.72
35288	1.66
33235	1.64
41844	1.62
31150	1.59
35305	1.58
36308	1.52
39251	1.41
31228	1.28
33105	1.18
46069	1.01
35728	0.98
44261	0.94
32007	0.90
37476	0.89
31838	0.87
32789	0.87
43709	0.83
43577	0.82
43829	0.77
41183	0.73
35796	0.71
35886	0.71
31052	0.62
43736	0.60
40848	0.59
36617	0.58
39396	0.54
41181	0.52
42029	0.51
37804	0.50
33351	0.50
39879	0.48
44326	0.47
39871	0.44
43183	0.43
40388	0.41
42832	0.38
33202	0.36
39014	0.34
43517	0.32
34504	0.32
37894	0.31
32133	0.31
37618	0.27
31760	0.27
43447	0.25
40232	0.23
32100	0.21
44291	0.16
32545	0.14
32221	0.13
31215	0.10
31521	0.08
42828	0.07
36887	0.04
32008	0.03
41432	0.02
34842	0.01
38515	-0.03
33373	-0.05
36583	-0.05
37587	-0.06
32045	-0.06
34726	-0.06
33386	-0.07
41942	-0.09
34250	-0.14
40973	-0.18
34411	-0.19
35970	-0.20
43278	-0.29
41550	-0.32
37290	-0.35
36390	-0.37
33499	-0.50
43466	-0.56
39429	-0.59
35001	-0.60
39340	-0.61
34595	-0.62
34794	-0.69
37355	-0.70
35340	-0.71
42946	-0.75
34256	-0.83
47121	-0.83
36017	-0.84
31166	-0.90
38456	-0.92
31564	-0.98
42453	-1.01
40972	-1.02
42971	-1.07
37356	-1.08
35119	-1.23
31144	-1.28
46326	-1.29
35287	-1.47
40607	-1.47
41703	-1.56
35679	-1.65
36508	-1.68
31139	-1.75
34885	-1.75
31185	-1.78
34392	-1.88
34924	-1.96
44637	-2.05
42126	-2.46
