31700	11.04
35422	10.69
47218	10.35
34352	10.12
43864	10.07
33710	9.88
39484	9.49
34070	9.36
34419	9.24
38983	9.15
43768	8.86
40451	8.65
32635	8.65
43573	8.61
37235	8.52
31588	8.51
44150	8.28
34309	8.19
32700	8.03
38208	8.02
42464	7.98
47219	7.87
33629	7.85
37849	7.83
34420	7.81
37430	7.78
39088	7.77
34329	7.59
31106	7.47
31022	7.43
37292	7.23
37798	6.84
41347	6.72
31009	6.54
37628	5.90
33487	5.57
33118	5.41
45827	5.00
41840	4.82
40848	3.97
44072	3.76
32221	3.38
37397	3.09
31521	3.04
3354994	3.02
37922	2.82
43183	2.79
43229	2.72
33112	2.56
39251	2.19
32007	2.15
38669	2.13
41550	2.11
31838	1.86
44087	1.85
43739	1.83
41844	1.79
32545	1.78
33986	1.78
35970	1.75
38447	1.75
36018	1.72
32595	1.70
32133	1.68
32100	1.66
48312	1.64
41860	1.60
42828	1.54
31701	1.51
42029	1.50
46058	1.41
43736	1.33
44291	1.32
43709	1.28
37355	1.24
42502	1.15
34885	1.14
42291	1.11
36390	1.09
32789	1.08
33351	1.07
34726	1.07
43829	1.06
36308	1.03
46069	1.01
39879	0.96
41942	0.95
43466	0.94
43517	0.94
35728	0.90
33386	0.89
33373	0.87
31215	0.83
39014	0.82
42649	0.81
31760	0.81
35886	0.80
36583	0.79
33269	0.79
40232	0.79
31166	0.78
37894	0.78
37662	0.76
33105	0.73
34504	0.69
39396	0.67
33202	0.64
37841	0.62
33235	0.60
36617	0.60
37804	0.59
35796	0.51
40388	0.48
42971	0.45
32045	0.42
39433	0.42
34842	0.35
41845	0.35
40973	0.34
35288	0.28
45269	0.28
31176	0.22
31144	0.18
44261	0.16
35305	0.15
41183	0.12
34256	0.11
34924	0.11
39871	0.09
35287	0.07
34250	0.06
38456	0.04
42832	0.03
31228	-0.04
31150	-0.07
47121	-0.12
35340	-0.15
43447	-0.18
41181	-0.18
36288	-0.20
37618	-0.23
37356	-0.26
39429	-0.29
31185	-0.29
46201	-0.33
33499	-0.36
31052	-0.39
36887	-0.46
35679	-0.50
39340	-0.51
41965	-0.56
34411	-0.59
38515	-0.61
41432	-0.65
31564	-0.69
37290	-0.72
35001	-0.90
43278	-0.90
40972	-0.92
34794	-1.05
34595	-1.24
37476	-1.24
34392	-1.33
44637	-1.34
43577	-1.35
40607	-1.41
37587	-1.41
41703	-1.47
46326	-1.51
42126	-1.58
36017	-1.59
42453	-1.71
42946	-1.72
35119	-1.75
31139	-1.81
36508	-1.83
44326	-2.05
32008	-2.08
