33373	6.37
37804	4.38
43739	3.09
33386	3.02
37922	3.00
34256	2.90
31588	2.85
38447	2.83
37798	2.81
34309	2.77
34070	2.76
40451	2.73
34352	2.72
33710	2.69
39879	2.68
31185	2.66
35422	2.63
43183	2.62
32700	2.46
35886	2.43
38983	2.43
33112	2.35
34329	2.33
32045	2.33
37628	2.32
33487	2.28
31106	2.28
32789	2.25
39484	2.24
39088	2.23
47218	2.22
33629	2.21
33351	2.21
43573	2.20
34419	2.15
45827	2.11
31176	2.09
37662	2.08
36583	2.02
38208	2.00
32635	2.00
37235	1.99
31700	1.96
43768	1.96
40973	1.91
35728	1.90
36617	1.89
32595	1.88
37292	1.88
37397	1.83
41347	1.81
33835	1.78
44087	1.72
33118	1.71
33499	1.66
36288	1.63
31022	1.61
31701	1.61
31009	1.54
36308	1.53
44291	1.52
41860	1.50
42649	1.47
31760	1.47
37430	1.46
44150	1.44
35970	1.42
34420	1.40
42291	1.39
38515	1.36
42029	1.35
44261	1.30
39014	1.27
47219	1.25
43577	1.21
42464	1.15
35288	1.11
43864	1.11
37894	1.09
37618	1.09
45269	1.09
32545	1.09
43278	1.07
46058	1.05
43447	1.02
36887	1.02
41840	1.01
42828	0.99
39871	0.98
34842	0.97
37849	0.93
35119	0.91
34392	0.91
31564	0.91
31228	0.88
35305	0.86
33202	0.86
31052	0.84
42502	0.84
37290	0.82
42946	0.80
31166	0.76
43829	0.75
36018	0.74
35796	0.72
39340	0.72
40388	0.71
32007	0.70
33105	0.69
39433	0.69
34595	0.63
35679	0.63
33269	0.62
34411	0.60
34504	0.59
41845	0.58
3354994	0.58
39396	0.52
40607	0.52
41703	0.52
39429	0.47
46069	0.45
42832	0.44
31838	0.43
44637	0.40
35340	0.36
43517	0.32
40232	0.28
46201	0.28
31150	0.26
42453	0.24
46326	0.20
44326	0.20
36508	0.18
34885	0.17
32008	0.14
34726	0.11
32133	0.06
37356	0.03
40972	0.02
41183	0.01
38669	0.00
41550	-0.01
36017	-0.02
33235	-0.10
47121	-0.18
42971	-0.19
43466	-0.21
39251	-0.22
34794	-0.24
31139	-0.27
41942	-0.27
42126	-0.28
41181	-0.29
35287	-0.32
37355	-0.33
34250	-0.35
48312	-0.36
41432	-0.37
43709	-0.37
32221	-0.44
43736	-0.45
37587	-0.45
32100	-0.46
35001	-0.54
41844	-0.66
37476	-0.70
38456	-0.79
44072	-0.83
31215	-0.90
31144	-0.93
41965	-0.98
31521	-0.99
37841	-1.07
43229	-1.14
34924	-1.25
40848	-1.63
36390	-1.65
