31106	17.11
31588	16.96
38208	16.89
31700	16.88
34352	16.86
39484	16.76
34329	15.29
34309	14.80
32635	14.13
32700	14.05
38983	13.78
40451	13.62
37235	13.27
43573	13.11
42464	12.97
33629	12.78
31022	12.67
39088	12.41
34420	11.53
33710	11.23
33487	11.00
47219	10.92
31009	10.84
44150	10.82
37292	10.65
37628	10.57
41347	10.10
47218	10.02
34419	9.95
35422	9.75
33835	9.36
37430	9.30
43864	8.03
43768	7.74
37849	6.84
45827	6.75
37798	6.28
43739	6.12
33118	5.71
37922	4.70
37397	4.01
32595	3.81
37662	3.54
39433	3.39
42291	3.39
41840	3.21
31760	3.18
31176	2.79
33986	2.76
41860	2.75
31521	2.70
36288	2.62
32789	2.56
32133	2.40
36308	2.32
42649	2.27
42029	2.23
46058	2.23
45269	2.13
43183	2.05
40848	2.00
44072	2.00
33112	1.96
39251	1.95
3354994	1.93
38447	1.84
31228	1.71
36018	1.69
31701	1.67
44326	1.53
37804	1.51
32100	1.48
35728	1.47
44087	1.44
31215	1.34
42832	1.31
42971	1.28
33351	1.24
43229	1.23
35288	1.21
42828	1.18
46069	1.17
37841	1.16
41845	1.16
44291	1.14
41844	1.13
31838	1.10
32007	1.10
33373	1.08
37618	1.05
33202	1.05
33269	1.04
35970	1.00
41432	0.92
37587	0.91
34504	0.87
41183	0.87
39014	0.86
32545	0.85
33105	0.80
43829	0.79
31150	0.79
37290	0.79
37476	0.78
40388	0.76
31185	0.75
32045	0.65
40232	0.65
48312	0.64
33386	0.64
35886	0.61
44261	0.61
33235	0.59
37894	0.54
41550	0.47
37356	0.46
43709	0.43
41942	0.42
36583	0.39
34256	0.38
41965	0.37
39879	0.32
36617	0.31
39396	0.30
43736	0.29
35305	0.29
40973	0.27
31166	0.22
37355	0.20
38515	0.13
43447	0.09
38669	0.00
43517	-0.02
31144	-0.06
46201	-0.14
34726	-0.14
31052	-0.16
47121	-0.17
43577	-0.22
34411	-0.22
31139	-0.27
39340	-0.27
39871	-0.27
43466	-0.31
39429	-0.33
32221	-0.34
46326	-0.35
42502	-0.37
36390	-0.39
43278	-0.45
32008	-0.47
33499	-0.49
34794	-0.55
35287	-0.56
34250	-0.57
42946	-0.57
41181	-0.58
35001	-0.59
34392	-0.68
42126	-0.72
36508	-0.73
35340	-0.84
36887	-0.90
34924	-0.95
44637	-0.97
34885	-0.98
38456	-1.07
34842	-1.10
40607	-1.15
35796	-1.17
36017	-1.28
35679	-1.29
34595	-1.29
41703	-1.30
35119	-1.33
42453	-1.52
31564	-1.54
40972	-1.74
