40232	9.32
42946	7.07
34411	6.60
38515	4.84
39429	4.79
31139	4.79
37290	4.72
37618	4.62
39340	4.53
43517	4.50
34504	4.29
42971	4.29
33499	4.26
42126	4.22
35287	4.12
34924	4.02
42453	3.93
43466	3.69
41703	3.43
47121	3.33
35679	3.15
34595	3.01
39014	2.90
40973	2.88
34842	2.84
35796	2.81
38669	2.61
34794	2.52
43229	2.42
44072	2.38
34392	2.38
40607	2.38
43278	2.37
35001	2.17
44637	1.88
35119	1.87
36017	1.86
31052	1.85
36390	1.83
36887	1.78
35288	1.76
46326	1.44
36508	1.31
41844	1.24
40848	1.23
43577	1.19
34419	1.16
42832	1.16
32545	1.11
37356	1.01
43768	1.00
43829	0.98
33351	0.92
33629	0.91
34256	0.90
40972	0.89
46069	0.77
32007	0.77
37849	0.73
31838	0.70
34352	0.68
39484	0.67
33202	0.66
37430	0.66
32700	0.61
37355	0.61
41550	0.60
43864	0.57
33373	0.56
32595	0.56
32008	0.54
35886	0.51
47218	0.45
43447	0.44
33118	0.43
42291	0.41
43739	0.36
38983	0.35
35305	0.33
37587	0.28
37397	0.27
37476	0.26
31106	0.26
41183	0.26
31022	0.25
35728	0.22
32045	0.21
42464	0.19
45827	0.18
34885	0.16
41845	0.16
37798	0.16
41432	0.12
31564	0.12
43573	0.11
38447	0.09
39879	0.07
34329	0.07
39088	0.06
33835	0.06
46058	0.06
37922	0.05
33386	0.04
33487	0.03
34309	0.01
41860	-0.04
43183	-0.07
35422	-0.14
33710	-0.14
37841	-0.15
31760	-0.16
43709	-0.19
34420	-0.24
32635	-0.25
32221	-0.26
31588	-0.29
48312	-0.30
44326	-0.31
36583	-0.33
32789	-0.33
33986	-0.35
37235	-0.37
37628	-0.39
47219	-0.39
31521	-0.41
31009	-0.42
36018	-0.46
41965	-0.48
31166	-0.49
38208	-0.52
41181	-0.52
41942	-0.55
45269	-0.56
37662	-0.56
34070	-0.57
31185	-0.57
31176	-0.58
40451	-0.58
44261	-0.60
35970	-0.63
32100	-0.67
44150	-0.68
40388	-0.69
41840	-0.71
34726	-0.72
32133	-0.76
37894	-0.76
31150	-0.77
35340	-0.79
37292	-0.79
37804	-0.80
31700	-0.82
38456	-0.84
42502	-0.88
39433	-0.93
36617	-0.95
42029	-1.00
39251	-1.02
33235	-1.02
36288	-1.03
3354994	-1.09
39871	-1.10
43736	-1.14
41347	-1.26
31228	-1.28
31215	-1.34
44291	-1.49
46201	-1.54
36308	-1.57
42828	-1.62
33112	-1.68
31701	-1.80
39396	-1.83
31144	-1.88
33105	-1.88
42649	-1.95
33269	-2.00
44087	-2.23
