33373	6.09
37804	5.40
44291	5.32
35886	5.23
33351	4.85
33386	3.94
32545	3.94
31185	3.85
43183	3.41
35728	3.28
43447	3.06
36583	3.06
37922	2.95
33986	2.90
32789	2.81
32045	2.74
31760	2.62
33499	2.39
43829	2.37
34885	2.34
42291	2.30
41432	2.29
46069	2.21
38447	2.06
39396	2.03
40972	1.97
42832	1.89
41845	1.82
31166	1.76
32007	1.66
40973	1.61
34392	1.61
41550	1.43
36508	1.34
32595	1.20
39251	1.15
41183	1.14
37628	1.14
43278	1.12
42946	1.01
43739	0.95
35305	0.94
41703	0.92
34250	0.90
31052	0.86
35970	0.83
40451	0.83
36887	0.83
38669	0.74
35422	0.73
35796	0.73
34504	0.72
42828	0.70
40607	0.67
37587	0.67
34352	0.66
39088	0.65
36308	0.65
32700	0.63
39014	0.62
34595	0.60
37292	0.59
38456	0.57
42649	0.55
35288	0.54
43577	0.53
31022	0.52
43864	0.51
44637	0.51
31588	0.50
34842	0.49
42029	0.47
39879	0.47
41840	0.46
34309	0.45
37235	0.39
34070	0.38
43466	0.38
31106	0.37
43768	0.32
44072	0.31
35679	0.31
43709	0.31
42126	0.31
32635	0.31
37290	0.30
31838	0.28
48312	0.20
36617	0.19
40388	0.18
34329	0.16
39484	0.15
38983	0.14
37618	0.14
44326	0.13
35287	0.13
31009	0.12
33118	0.11
33835	0.11
33105	0.10
31700	0.10
44150	0.10
38208	0.09
45827	0.09
34419	0.07
39429	0.06
46058	0.06
40232	0.06
37894	0.05
36018	0.04
43573	0.03
33202	0.03
37798	0.03
34794	0.03
44261	0.01
47219	-0.02
34420	-0.02
35119	-0.04
33487	-0.04
39340	-0.06
42464	-0.07
38515	-0.07
36288	-0.08
39871	-0.13
39433	-0.14
33629	-0.15
31139	-0.15
37849	-0.24
37662	-0.25
37356	-0.26
35340	-0.27
44087	-0.28
31176	-0.28
31228	-0.29
41181	-0.30
37430	-0.31
36017	-0.31
47121	-0.35
31701	-0.36
31215	-0.46
34726	-0.47
32008	-0.48
32133	-0.49
31150	-0.51
34924	-0.53
47218	-0.55
43736	-0.56
35001	-0.57
37397	-0.59
43517	-0.62
45269	-0.62
40848	-0.66
41347	-0.69
33112	-0.71
42453	-0.74
32221	-0.76
36390	-0.79
33710	-0.83
31144	-0.87
31564	-0.91
41860	-0.93
34411	-0.94
33235	-0.95
42971	-1.01
42502	-1.08
46326	-1.10
33269	-1.18
3354994	-1.19
37355	-1.21
41942	-1.22
43229	-1.22
31521	-1.39
37841	-1.40
32100	-1.43
41844	-1.48
46201	-1.98
37476	-2.01
41965	-2.20
