31106	18.39
40451	15.79
34070	14.80
31700	14.12
34352	14.05
34329	13.81
31588	13.76
32635	13.75
37235	13.35
38208	13.16
39484	12.95
37628	12.78
38983	12.24
33487	12.15
32700	11.46
42464	11.44
34420	11.44
39088	11.12
43573	10.93
33629	10.46
31022	10.17
47218	10.15
44150	9.76
37292	9.67
43739	9.58
31009	9.58
37430	9.37
33710	9.17
43864	8.64
41347	8.45
47219	8.25
33835	8.19
37849	7.70
35422	7.58
43768	7.58
34419	7.31
37798	7.25
45827	5.85
37662	5.80
37397	5.02
31176	3.99
41860	3.78
37922	3.60
32595	3.56
33118	3.39
36308	3.28
42291	3.06
41840	2.98
31701	2.94
32789	2.92
42649	2.83
41845	2.82
45269	2.80
36288	2.79
33986	2.77
31838	2.77
43229	2.73
46069	2.71
39251	2.67
48312	2.60
44326	2.59
31760	2.53
31228	2.53
46058	2.53
40848	2.44
42029	2.42
33112	2.41
38447	2.21
39433	2.16
41432	2.13
33105	2.02
31150	2.00
31521	1.91
38669	1.90
32045	1.90
35305	1.86
32007	1.74
33351	1.66
34504	1.63
33269	1.58
36018	1.56
44072	1.45
35728	1.44
43829	1.39
3354994	1.37
41844	1.35
44087	1.32
43577	1.31
37804	1.28
41942	1.25
33373	1.23
32133	1.22
37841	1.19
36887	1.16
43183	1.09
43736	1.08
36617	1.08
46326	1.06
39396	1.06
33235	1.06
34411	0.97
37587	0.91
43278	0.80
39014	0.79
40973	0.78
31185	0.77
42971	0.75
43447	0.74
37290	0.72
42828	0.71
31052	0.70
42832	0.69
42502	0.69
35288	0.69
43517	0.68
31166	0.56
37618	0.46
34256	0.45
32100	0.43
41965	0.41
41183	0.39
33202	0.35
33499	0.30
37356	0.29
32545	0.26
36583	0.24
44291	0.24
40232	0.20
34726	0.20
32008	0.20
41550	0.18
35796	0.16
40388	0.16
43709	0.14
34595	0.14
37476	0.11
35970	0.11
44261	0.10
31215	0.09
39879	0.08
34250	0.01
35886	0.00
34885	-0.04
33386	-0.05
37355	-0.10
35001	-0.14
36390	-0.16
47121	-0.18
38515	-0.18
39340	-0.21
34842	-0.25
41703	-0.25
42453	-0.26
37894	-0.39
35119	-0.39
34794	-0.45
39871	-0.45
34392	-0.46
46201	-0.47
40607	-0.48
41181	-0.49
43466	-0.55
36508	-0.55
36017	-0.61
31139	-0.63
44637	-0.70
31564	-0.79
42946	-0.80
32221	-0.80
42126	-0.92
35679	-1.00
38456	-1.11
39429	-1.14
34924	-1.16
35287	-1.27
40972	-1.56
35340	-1.71
31144	-2.12
