31588	17.62
38208	17.26
32635	17.13
38983	16.86
31700	16.36
34352	16.17
43573	15.81
32700	15.74
39484	15.72
34070	15.29
31106	15.22
37235	14.61
37628	14.57
37292	14.25
34309	13.81
33629	13.80
40451	13.59
31022	13.35
39088	13.31
34420	12.89
42464	12.19
33487	11.64
31009	11.08
47218	10.87
44150	10.71
34419	10.69
47219	10.45
43864	9.70
43768	9.64
33710	9.47
37430	9.10
41347	8.38
35422	7.89
33835	7.59
45827	6.78
37849	6.48
43739	6.26
37798	5.49
32595	4.72
37662	4.58
33118	4.48
37397	4.38
32789	3.60
46058	3.47
37922	3.20
42291	3.17
41860	3.17
41840	3.08
39433	3.04
36018	2.73
39251	2.62
36308	2.61
37841	2.37
33986	2.33
44326	2.31
41845	2.19
36288	2.16
31228	2.13
46069	2.04
31176	1.94
45269	1.83
41432	1.83
35728	1.81
37804	1.81
34504	1.77
43183	1.73
42649	1.72
31150	1.72
38447	1.69
43229	1.62
32133	1.48
41965	1.45
32100	1.45
44291	1.43
40848	1.42
42029	1.40
44087	1.40
33112	1.39
37290	1.39
33373	1.39
32545	1.35
48312	1.32
33351	1.30
43447	1.27
31838	1.27
44072	1.25
31701	1.22
35305	1.08
31215	1.08
33202	1.07
33269	0.98
3354994	0.95
31521	0.93
32007	0.93
36583	0.93
34411	0.90
31760	0.90
42832	0.90
43709	0.89
37618	0.86
43829	0.80
38515	0.78
35886	0.74
37355	0.70
41550	0.68
35288	0.67
32045	0.66
37894	0.65
41844	0.64
43577	0.54
39879	0.53
33235	0.52
37476	0.49
38669	0.46
39014	0.44
36617	0.44
41183	0.34
44261	0.32
39396	0.32
32008	0.32
37587	0.29
33386	0.24
35970	0.20
43517	0.17
39429	0.16
34256	0.16
36017	0.14
43736	0.14
46201	0.13
33105	0.10
40973	0.08
40388	0.07
34250	0.07
41181	-0.05
40972	-0.07
42971	-0.08
34726	-0.08
33499	-0.10
39340	-0.11
31166	-0.11
31185	-0.16
35119	-0.19
31139	-0.19
42828	-0.22
42946	-0.22
42502	-0.24
40232	-0.30
31144	-0.32
43466	-0.33
35287	-0.33
39871	-0.40
34595	-0.42
47121	-0.44
35001	-0.52
34842	-0.56
36887	-0.61
46326	-0.66
37356	-0.67
34794	-0.72
42126	-0.76
31052	-0.77
35679	-0.79
38456	-0.85
35340	-0.93
43278	-0.96
32221	-0.98
41942	-0.98
34885	-0.98
36390	-1.07
35796	-1.15
34392	-1.16
31564	-1.45
44637	-1.46
41703	-1.49
34924	-1.51
42453	-1.68
36508	-1.74
40607	-2.27
