39484	20.40
31700	18.65
38983	17.67
43573	17.43
33629	17.29
34070	16.86
38208	16.75
31588	16.55
34329	16.17
42464	16.17
32635	16.03
37235	15.99
34420	15.04
32700	14.96
39088	14.47
31106	14.18
34309	14.05
43864	13.33
37292	13.10
47218	12.77
44150	12.60
40451	12.45
34419	12.10
33487	12.06
31009	11.92
37628	11.88
37430	11.60
33710	11.56
43768	11.53
31022	11.26
35422	10.85
47219	10.78
33835	10.12
37849	9.34
41347	8.25
37798	6.70
45827	6.41
43739	5.52
33118	5.43
37922	4.03
32595	3.96
37662	3.69
37397	3.55
46058	2.87
37841	2.82
42291	2.77
31176	2.75
33986	2.72
41860	2.59
39433	2.33
43229	2.29
46069	2.29
36288	2.16
36308	2.05
41840	2.03
31701	2.01
32789	1.99
36018	1.97
44072	1.95
33112	1.89
42649	1.86
31521	1.85
42029	1.76
44087	1.75
32100	1.75
31228	1.75
3354994	1.71
39251	1.61
41845	1.61
48312	1.58
35288	1.49
37290	1.42
39014	1.30
41432	1.29
31760	1.29
41965	1.29
45269	1.27
43183	1.22
31838	1.18
38447	1.11
41844	1.09
32007	1.09
44326	1.07
36617	1.06
35970	1.02
32545	1.00
32133	0.99
40973	0.99
43829	0.95
37355	0.95
37587	0.94
44291	0.94
44261	0.93
33269	0.87
43709	0.83
39879	0.82
33351	0.79
37804	0.77
40848	0.76
33373	0.75
33202	0.72
39396	0.71
34504	0.69
34250	0.68
34256	0.66
35728	0.65
41550	0.56
35305	0.48
42832	0.48
42502	0.45
39429	0.42
34411	0.41
40388	0.41
43447	0.37
40232	0.32
46201	0.32
31215	0.30
37618	0.30
31150	0.28
36583	0.28
35886	0.25
41183	0.24
43736	0.22
38515	0.21
42828	0.20
32008	0.18
32045	0.16
33386	0.15
37894	0.15
37356	0.08
33105	0.08
34726	0.07
38669	0.06
33499	0.05
31166	0.04
43466	0.04
43517	-0.01
34595	-0.01
39871	-0.02
34392	-0.03
39340	-0.05
43278	-0.07
34842	-0.16
31052	-0.17
32221	-0.22
35287	-0.24
42971	-0.28
40972	-0.30
47121	-0.32
41942	-0.34
33235	-0.36
36390	-0.36
42946	-0.43
41181	-0.44
38456	-0.47
36017	-0.47
35796	-0.51
31139	-0.52
37476	-0.60
42126	-0.62
43577	-0.65
35119	-0.69
34794	-0.72
35340	-0.72
31185	-0.78
36887	-0.82
35001	-0.89
44637	-1.06
42453	-1.12
41703	-1.14
31564	-1.15
34924	-1.17
35679	-1.18
36508	-1.23
31144	-1.40
46326	-1.46
40607	-1.61
34885	-1.69
