40973	15.17
37290	11.44
35679	10.60
39014	9.11
47121	8.94
41703	8.46
33499	8.45
40972	8.34
43278	7.86
44637	7.09
31052	6.48
42453	5.71
36017	5.70
35119	5.37
43466	5.32
36887	5.14
39340	5.08
34924	5.05
34595	5.03
42649	4.28
38515	4.17
38669	4.13
36308	4.09
42029	3.90
34794	3.79
46326	3.72
31838	3.65
35288	3.50
35796	3.50
37841	3.31
34411	3.20
40607	3.08
37618	3.04
43229	3.02
35001	3.01
41860	2.90
39429	2.90
33105	2.88
34842	2.80
31139	2.80
40388	2.76
37894	2.72
42946	2.70
40232	2.69
41844	2.49
35287	2.46
33202	2.40
34250	2.38
32595	2.38
35305	2.37
43517	2.27
39433	2.24
44072	2.08
42828	1.94
34504	1.90
42126	1.87
31760	1.85
44326	1.78
42971	1.74
38456	1.70
32133	1.69
39879	1.69
37587	1.68
43577	1.64
34256	1.61
39871	1.56
36617	1.53
37476	1.42
31166	1.31
41942	1.31
36288	1.30
32045	1.30
41965	1.29
43739	1.26
36583	1.24
32100	1.18
31215	1.16
31701	1.13
35422	1.08
45269	1.08
33986	0.91
37798	0.87
31521	0.81
37397	0.77
36390	0.74
32008	0.72
36508	0.71
33386	0.67
36018	0.56
43829	0.52
42502	0.51
33373	0.42
46201	0.41
44291	0.38
37662	0.33
37355	0.33
32545	0.28
37804	0.25
46058	0.25
43864	0.21
33235	0.19
41181	0.18
31176	0.17
43709	0.14
41840	0.14
37356	0.13
33112	0.12
43768	0.10
33269	0.08
39484	0.02
31185	0.01
31144	0.00
34352	-0.03
37922	-0.03
31564	-0.17
34726	-0.21
37849	-0.22
35728	-0.25
42291	-0.27
43447	-0.28
46069	-0.28
44261	-0.33
41183	-0.33
3354994	-0.33
33351	-0.34
32007	-0.40
41550	-0.45
38208	-0.46
34309	-0.46
44087	-0.48
35886	-0.50
35970	-0.51
41845	-0.55
43183	-0.58
40848	-0.64
41432	-0.65
44150	-0.65
34420	-0.68
34070	-0.68
31150	-0.68
32700	-0.77
37235	-0.77
41347	-0.80
35340	-0.81
31228	-0.86
37430	-0.88
42464	-0.91
32635	-0.94
33629	-0.95
32789	-0.96
32221	-0.99
31588	-1.01
31022	-1.02
43573	-1.03
47219	-1.11
42832	-1.12
34329	-1.16
34419	-1.21
39088	-1.22
45827	-1.24
31106	-1.25
43736	-1.26
31009	-1.32
33835	-1.33
39396	-1.33
33487	-1.35
38983	-1.38
37628	-1.41
33118	-1.50
47218	-1.51
37292	-1.53
31700	-1.54
34885	-1.62
40451	-1.81
38447	-1.84
33710	-1.88
39251	-1.92
48312	-1.95
