34420	12.60
33710	12.52
33629	12.15
34352	12.10
44150	11.45
43573	11.27
31700	10.95
31588	10.93
38983	10.91
34329	10.69
39484	10.65
39088	10.00
47219	9.98
34070	9.95
42464	9.91
33118	9.91
32700	9.58
37235	9.46
31009	9.37
37292	9.32
33835	9.24
37430	9.21
38208	9.20
43768	8.99
32635	8.82
33487	8.78
43864	8.57
37628	8.54
47218	8.49
31022	8.46
31106	8.07
35422	7.57
37798	7.35
34309	7.31
40451	7.00
37849	6.53
45827	6.06
41347	5.89
37397	3.51
3354994	3.41
43229	2.28
39871	2.20
31701	2.17
33986	2.15
42502	2.09
31176	2.09
41860	1.96
44087	1.94
37662	1.68
33112	1.67
37922	1.62
36617	1.59
46201	1.54
41840	1.40
35970	1.29
43739	1.27
35288	1.27
39433	1.26
48312	1.21
41965	1.19
43709	1.16
34250	1.16
32595	1.12
38669	1.01
44072	0.93
37841	0.92
42832	0.88
41844	0.88
33269	0.86
42291	0.82
46069	0.72
36390	0.64
39396	0.64
43829	0.61
37587	0.61
39429	0.57
34842	0.56
39251	0.53
32007	0.53
41181	0.49
43183	0.38
36017	0.38
39014	0.35
43736	0.33
33235	0.32
31215	0.29
41845	0.27
34726	0.27
40232	0.26
32100	0.11
36288	0.09
32221	0.08
34256	0.07
33202	0.06
40972	0.05
34411	0.00
43517	-0.05
35796	-0.07
38515	-0.10
35305	-0.10
35001	-0.12
37355	-0.12
44261	-0.15
31139	-0.16
34794	-0.17
36887	-0.19
35886	-0.19
37618	-0.22
36583	-0.22
32133	-0.28
41183	-0.29
31228	-0.30
31052	-0.30
34504	-0.31
35340	-0.32
31760	-0.34
37476	-0.37
41432	-0.38
31838	-0.40
41550	-0.42
33386	-0.46
39879	-0.49
36018	-0.49
42946	-0.50
35287	-0.50
31521	-0.51
40973	-0.51
33373	-0.52
38447	-0.52
42453	-0.55
36308	-0.56
35119	-0.58
32045	-0.60
32789	-0.60
37290	-0.61
46058	-0.63
43447	-0.64
31564	-0.69
43466	-0.69
42649	-0.73
34885	-0.74
47121	-0.76
39340	-0.78
44291	-0.80
44637	-0.85
37804	-0.85
42126	-0.85
45269	-0.88
42971	-0.90
44326	-0.91
41942	-0.94
34595	-0.96
35728	-0.97
31144	-0.99
38456	-1.00
41703	-1.03
35679	-1.07
32545	-1.07
33499	-1.09
33351	-1.11
43577	-1.12
34392	-1.21
31150	-1.32
40848	-1.32
32008	-1.34
42029	-1.35
37356	-1.46
43278	-1.48
40607	-1.57
37894	-1.61
40388	-1.78
33105	-1.81
31166	-1.92
46326	-2.16
34924	-2.44
36508	-2.45
42828	-2.58
31185	-2.88
