39340	8.59
34504	8.24
40232	8.16
38515	8.07
37618	7.35
37290	6.93
42971	6.83
39429	6.64
34250	6.60
39014	6.18
42946	5.96
43517	5.12
43229	4.93
40973	4.79
47121	3.92
35001	3.76
33499	3.76
37841	3.59
35287	3.53
36887	3.51
42453	3.51
43278	3.50
35679	3.47
41844	3.44
41860	3.37
41703	3.34
43466	3.32
41965	3.25
34392	3.20
35288	3.19
34794	2.95
31139	2.77
34924	2.73
39879	2.60
35119	2.51
44637	2.50
36018	2.32
37662	2.16
46058	2.15
34595	2.00
36390	1.91
32595	1.89
41845	1.85
42649	1.80
45269	1.66
41942	1.65
43768	1.64
38669	1.55
37397	1.55
44072	1.51
31838	1.44
42126	1.44
36308	1.39
36017	1.34
41181	1.24
43864	1.23
33202	1.20
43739	1.16
46069	1.15
32700	1.14
43829	1.13
36288	1.05
32008	1.05
33269	1.02
32635	1.01
34309	0.97
34420	0.96
33235	0.94
40848	0.93
34329	0.90
44150	0.83
37922	0.81
42291	0.78
47218	0.77
31228	0.76
41432	0.75
42029	0.73
31150	0.73
37849	0.73
37430	0.70
40972	0.62
33986	0.60
39871	0.60
31022	0.59
31521	0.58
33105	0.54
33487	0.54
32789	0.49
31106	0.49
42464	0.49
33629	0.45
39088	0.44
46326	0.43
34352	0.41
31760	0.40
39251	0.38
34842	0.37
37587	0.37
38983	0.36
35796	0.32
37235	0.28
40451	0.28
39484	0.24
42502	0.24
32007	0.22
37628	0.21
43573	0.21
31052	0.20
41183	0.19
31701	0.17
31700	0.16
37292	0.15
40388	0.12
43577	0.12
37894	0.07
31176	0.06
40607	0.05
41347	0.04
31144	0.03
39433	0.03
34419	0.00
44326	-0.02
37798	-0.05
35305	-0.06
42828	-0.06
3354994	-0.07
47219	-0.10
38208	-0.11
31588	-0.12
33112	-0.16
38447	-0.19
33710	-0.19
44087	-0.21
37355	-0.22
34070	-0.22
31166	-0.30
41840	-0.32
35970	-0.32
48312	-0.33
37356	-0.33
32221	-0.45
37804	-0.46
33373	-0.48
34726	-0.51
31564	-0.55
46201	-0.55
43736	-0.56
32100	-0.57
31009	-0.59
33835	-0.59
35728	-0.62
35422	-0.64
31185	-0.64
43447	-0.66
36508	-0.67
37476	-0.77
44261	-0.77
44291	-0.80
35340	-0.80
45827	-0.81
32045	-0.82
32545	-0.83
33351	-0.87
33118	-0.90
34256	-0.94
42832	-0.97
38456	-1.06
32133	-1.09
41550	-1.16
39396	-1.16
36617	-1.20
43709	-1.22
31215	-1.25
36583	-1.29
43183	-1.36
34885	-1.43
35886	-1.43
33386	-1.60
