44150	16.98
42464	15.49
43864	15.25
38983	15.17
33629	15.15
34352	15.04
37430	14.91
37235	14.77
43573	14.45
37628	14.25
31009	14.11
32635	14.06
39088	14.03
31700	13.74
47218	13.33
37849	13.16
32700	13.12
33487	13.08
34329	12.89
43768	12.75
37292	12.72
31588	12.64
34419	12.60
39484	12.49
34070	11.53
31106	11.48
40451	11.45
34309	11.44
47219	10.49
38208	10.23
41347	8.54
31022	8.44
33835	7.81
45827	7.66
33710	7.35
35422	6.91
43739	5.30
37798	5.28
37841	4.89
32595	4.63
37922	3.64
33118	3.57
37397	3.42
41860	3.31
37662	3.28
46069	2.99
44072	2.56
41965	2.51
39251	2.51
41432	2.41
48312	2.33
32789	2.18
31176	2.14
41844	2.13
41840	2.12
32007	2.04
43229	1.94
31228	1.79
43829	1.63
44087	1.59
41845	1.55
46058	1.54
3354994	1.44
42291	1.44
33986	1.40
44291	1.33
36018	1.29
33269	1.18
39433	1.17
36288	1.14
31701	1.14
35288	0.99
39879	0.98
34411	0.96
36617	0.92
37587	0.82
38447	0.72
32545	0.71
40848	0.70
31521	0.67
37290	0.66
33112	0.60
45269	0.59
39871	0.50
32133	0.48
42649	0.44
35970	0.43
31838	0.42
35728	0.41
38456	0.37
32221	0.36
36017	0.27
37804	0.26
36308	0.21
39340	0.19
39396	0.15
37355	0.11
33202	0.08
44326	0.03
35305	0.03
33235	0.03
33499	0.03
33373	0.02
37618	0.02
34726	0.02
43736	0.01
41942	0.01
39014	0.01
34256	-0.02
42029	-0.04
42502	-0.04
46201	-0.05
38669	-0.05
44261	-0.13
32100	-0.16
42832	-0.17
40972	-0.19
32008	-0.20
36583	-0.22
34504	-0.23
34250	-0.24
31166	-0.25
33351	-0.27
31760	-0.28
40973	-0.32
43447	-0.32
41183	-0.34
35119	-0.37
41181	-0.41
31215	-0.42
40232	-0.43
36887	-0.46
43183	-0.50
31185	-0.54
35886	-0.57
37356	-0.63
43466	-0.64
36390	-0.66
34392	-0.68
35001	-0.70
31150	-0.79
31144	-0.81
43709	-0.82
37476	-0.91
39429	-0.94
47121	-0.95
31564	-0.96
31052	-1.01
42971	-1.02
33105	-1.04
35287	-1.05
42453	-1.07
34794	-1.09
35796	-1.09
38515	-1.09
33386	-1.12
41550	-1.17
40388	-1.22
43278	-1.23
34842	-1.26
36508	-1.33
32045	-1.34
44637	-1.37
31139	-1.37
35340	-1.38
35679	-1.39
43517	-1.48
37894	-1.50
42828	-1.58
34595	-1.62
42946	-1.63
41703	-1.67
34885	-1.79
34924	-1.90
40607	-2.25
43577	-2.26
46326	-2.39
42126	-2.65
