43517	8.35
38515	8.30
34411	8.24
39429	7.55
40232	6.99
42971	5.30
37290	5.16
39014	4.94
35001	4.67
42946	4.57
35679	4.53
34250	4.29
33499	4.14
39340	4.01
35287	3.87
36887	3.73
40973	3.68
43278	3.52
37618	3.45
36018	3.24
34794	3.15
41703	3.13
43229	3.08
43577	2.85
34924	2.80
43466	2.76
42126	2.74
36390	2.61
35796	2.42
41860	2.35
38669	2.33
31139	2.15
47121	2.15
40848	2.14
45269	2.08
46069	2.01
46058	1.98
41965	1.97
46326	1.95
34595	1.94
34392	1.90
41844	1.87
37841	1.82
41942	1.77
34329	1.77
42828	1.73
34309	1.63
36017	1.58
41845	1.56
31521	1.54
48312	1.54
31106	1.51
37662	1.48
40972	1.47
44637	1.44
31150	1.44
33105	1.41
40607	1.40
33269	1.31
36308	1.22
31588	1.17
38447	1.10
40388	1.08
41432	1.03
47218	1.01
38208	1.01
37894	0.99
44072	0.92
37476	0.89
34070	0.87
37397	0.80
42649	0.75
34842	0.75
34256	0.72
34352	0.69
33835	0.69
38983	0.65
31166	0.62
31176	0.61
32008	0.60
31700	0.60
42453	0.59
33986	0.59
40451	0.59
31228	0.58
42291	0.56
36288	0.53
42029	0.53
43573	0.53
39879	0.52
37355	0.51
31052	0.51
39484	0.48
33487	0.47
43739	0.46
32789	0.43
37628	0.39
32635	0.39
44087	0.39
32100	0.38
35288	0.35
33710	0.32
32007	0.32
41183	0.30
33235	0.29
41347	0.26
44326	0.25
33112	0.24
43864	0.22
37922	0.20
31760	0.16
32700	0.15
37798	0.14
35340	0.13
35305	0.09
32221	0.09
37356	0.05
39433	0.04
37292	0.04
37587	0.03
31701	0.03
35728	0.02
31009	0.01
35422	-0.01
43768	-0.05
3354994	-0.06
42464	-0.11
43447	-0.11
31564	-0.12
33373	-0.13
47219	-0.14
31838	-0.14
39088	-0.15
34726	-0.17
37430	-0.19
43183	-0.20
44150	-0.23
37849	-0.23
34420	-0.23
31144	-0.25
32595	-0.25
43829	-0.26
34885	-0.27
33202	-0.27
34419	-0.31
33629	-0.41
33118	-0.42
35119	-0.42
37804	-0.43
39251	-0.51
33351	-0.52
37235	-0.52
32545	-0.52
31022	-0.53
44261	-0.53
31185	-0.54
35970	-0.63
35886	-0.63
39396	-0.67
38456	-0.69
32133	-0.69
43736	-0.73
42502	-0.79
32045	-0.82
41840	-0.83
31215	-0.83
42832	-0.84
43709	-0.87
41181	-0.95
33386	-1.03
45827	-1.03
44291	-1.13
39871	-1.24
36617	-1.28
46201	-1.40
36583	-1.52
36508	-1.56
41550	-1.74
