41703	7.18
40973	6.42
43278	6.16
35119	6.03
42453	5.33
46326	5.33
35679	5.25
33499	5.14
31052	5.04
34392	5.03
34842	5.00
47121	4.99
44637	4.85
37290	4.47
34794	4.32
36017	4.19
39014	4.13
34924	3.81
36887	3.71
35796	3.46
38515	3.36
40607	3.13
34250	3.01
35288	2.99
43577	2.92
31139	2.68
43466	2.56
43517	2.55
40232	2.53
42946	2.50
40972	2.49
42126	2.46
37618	2.29
35287	2.27
39340	2.12
41860	2.03
34411	2.00
38669	1.98
35001	1.97
34504	1.94
39429	1.94
36617	1.70
32045	1.48
31701	1.45
37662	1.44
37356	1.40
31176	1.16
41965	1.12
46201	1.07
31228	1.06
37476	1.05
42971	1.02
31838	1.01
33269	0.99
37355	0.96
37798	0.94
43447	0.93
36508	0.89
36288	0.89
37397	0.87
42649	0.83
36308	0.80
42029	0.78
36583	0.74
37894	0.68
44326	0.64
33986	0.63
34256	0.60
41432	0.59
42502	0.58
43229	0.57
32008	0.48
33118	0.48
45827	0.43
43739	0.42
44072	0.40
43829	0.38
35340	0.35
46069	0.32
39871	0.32
31150	0.25
33373	0.24
44087	0.23
41942	0.21
36018	0.17
34309	0.14
41844	0.10
35305	0.06
40388	0.06
47218	0.05
37587	0.04
41550	0.04
41845	0.02
42291	0.00
34352	-0.01
32100	-0.03
32789	-0.06
33105	-0.07
32545	-0.13
33202	-0.14
42832	-0.15
33351	-0.17
43864	-0.18
42828	-0.18
32007	-0.20
31166	-0.20
31760	-0.20
46058	-0.25
41181	-0.25
35728	-0.26
35422	-0.26
39879	-0.27
33112	-0.27
34726	-0.27
48312	-0.33
38983	-0.35
43573	-0.39
43768	-0.41
41347	-0.41
34329	-0.42
37841	-0.42
31185	-0.44
39484	-0.45
43709	-0.47
31521	-0.47
34885	-0.51
32595	-0.56
37804	-0.58
38447	-0.59
37235	-0.60
38208	-0.60
38456	-0.61
33710	-0.62
39433	-0.64
42464	-0.66
35886	-0.73
33386	-0.73
32635	-0.74
41183	-0.75
33629	-0.75
37922	-0.79
47219	-0.87
37292	-0.93
37849	-0.93
36390	-0.95
34419	-0.96
31106	-0.99
39396	-0.99
37628	-1.02
45269	-1.02
31588	-1.07
41840	-1.08
31564	-1.09
44261	-1.09
44291	-1.14
37430	-1.18
43736	-1.18
31700	-1.20
40451	-1.22
33235	-1.23
33835	-1.24
35970	-1.24
32700	-1.25
31022	-1.26
43183	-1.27
34070	-1.29
40848	-1.37
31009	-1.42
32221	-1.50
44150	-1.55
39088	-1.61
34420	-1.62
33487	-1.70
3354994	-1.89
39251	-1.94
31144	-1.94
32133	-2.06
31215	-2.46
