41844	1.10
37798	1.09
33269	1.09
33835	1.07
40451	0.90
42828	0.88
36018	0.87
31701	0.85
43229	0.78
31185	0.74
33105	0.61
41942	0.59
39251	0.57
31144	0.57
35422	0.54
33499	0.48
34794	0.48
32221	0.48
31521	0.43
41860	0.43
38447	0.40
34842	0.38
39429	0.37
35970	0.37
3354994	0.37
36288	0.36
36308	0.36
37922	0.33
37356	0.33
40973	0.32
33118	0.32
36887	0.32
39879	0.29
43864	0.27
34419	0.27
32700	0.27
31009	0.27
42464	0.26
44087	0.25
44150	0.25
32635	0.25
43278	0.24
37292	0.23
31564	0.22
40848	0.22
35287	0.22
38208	0.22
37804	0.21
34309	0.20
37841	0.20
32789	0.18
39871	0.18
43573	0.17
43739	0.17
43709	0.15
40388	0.15
42502	0.14
42029	0.14
44072	0.13
31106	0.13
45269	0.12
37894	0.12
33986	0.11
31588	0.11
43829	0.11
32595	0.10
31700	0.08
34352	0.07
43517	0.07
37849	0.07
47218	0.07
34924	0.06
41840	0.05
33373	0.05
33112	0.03
31215	0.03
34420	0.02
31760	-0.01
41347	-0.02
33235	-0.02
37430	-0.04
32545	-0.04
35305	-0.05
42832	-0.05
33710	-0.06
43768	-0.07
48312	-0.07
31166	-0.07
36017	-0.07
46058	-0.07
38669	-0.07
41965	-0.08
37618	-0.08
34329	-0.08
37662	-0.09
41181	-0.09
31838	-0.09
31139	-0.10
39484	-0.10
47121	-0.11
41845	-0.12
36390	-0.13
37587	-0.13
34070	-0.14
40972	-0.15
46069	-0.15
45827	-0.15
31052	-0.16
35340	-0.17
34504	-0.17
44291	-0.17
33202	-0.18
37397	-0.19
35119	-0.20
38983	-0.21
34392	-0.21
42291	-0.22
32100	-0.22
43183	-0.22
32045	-0.23
39014	-0.23
33386	-0.24
43736	-0.24
35288	-0.26
37476	-0.26
42453	-0.27
39396	-0.27
34595	-0.27
35679	-0.28
33487	-0.29
37355	-0.30
41432	-0.30
39088	-0.30
42649	-0.31
34885	-0.32
35728	-0.34
32133	-0.34
44261	-0.36
39340	-0.36
47219	-0.36
32007	-0.36
44326	-0.38
33351	-0.39
43447	-0.41
40232	-0.41
43466	-0.42
31150	-0.43
37628	-0.44
37235	-0.45
35886	-0.45
36508	-0.46
34256	-0.47
36617	-0.47
31022	-0.48
36583	-0.49
46326	-0.49
39433	-0.49
44637	-0.50
34411	-0.51
35796	-0.54
33629	-0.54
31176	-0.55
38456	-0.60
43577	-0.60
37290	-0.60
46201	-0.63
41703	-0.68
38515	-0.69
42971	-0.71
34250	-0.72
31228	-0.72
41183	-0.80
41550	-0.81
32008	-0.82
35001	-0.83
42946	-0.84
42126	-0.89
40607	-1.35
