41703	7.59
35679	7.43
43278	7.42
36887	6.88
42453	6.67
40973	6.31
36017	6.19
35796	6.13
35119	5.67
31052	5.46
37290	5.12
44637	5.09
40972	4.67
33499	4.49
46326	4.49
34595	4.32
43577	3.86
34392	3.79
40607	3.57
47121	3.51
31139	3.34
37476	3.25
34504	3.15
43517	3.12
39014	3.10
35001	3.10
34411	2.95
42971	2.67
34842	2.66
34250	2.52
35287	2.43
42946	2.21
39429	2.21
34924	2.12
42126	2.04
35288	2.03
37587	2.01
42828	1.97
36390	1.64
40388	1.59
38515	1.50
43229	1.48
42649	1.46
33105	1.45
37894	1.45
41844	1.43
41860	1.37
38669	1.37
36018	1.32
31838	1.31
36308	1.26
41965	1.23
36288	1.22
33269	1.16
45269	1.16
32045	1.16
46058	1.01
42029	0.98
35305	0.84
39340	0.82
40232	0.75
31185	0.74
44087	0.68
31150	0.61
37922	0.59
33373	0.56
34726	0.48
43466	0.40
31760	0.37
37397	0.36
37618	0.33
39433	0.30
39879	0.28
33235	0.26
44072	0.25
32007	0.25
41183	0.21
43739	0.21
31228	0.19
31701	0.17
38456	0.16
41942	0.16
31009	0.14
32545	0.12
45827	0.12
44261	0.12
40451	0.11
44326	0.10
37356	0.09
46069	0.08
44291	0.06
43829	0.04
34256	0.03
37662	0.00
37804	0.00
36617	-0.03
38208	-0.10
32595	-0.10
41845	-0.12
36508	-0.13
32700	-0.15
31521	-0.15
37849	-0.16
42502	-0.16
34419	-0.17
48312	-0.19
31564	-0.20
37841	-0.20
32789	-0.24
33986	-0.24
33629	-0.26
39088	-0.26
37355	-0.28
47219	-0.30
37430	-0.31
38983	-0.35
35728	-0.35
35886	-0.36
37235	-0.37
37798	-0.37
41432	-0.38
33202	-0.38
42291	-0.39
31106	-0.43
35340	-0.44
34309	-0.45
40848	-0.46
35970	-0.47
39251	-0.48
31215	-0.49
32100	-0.49
33487	-0.51
31588	-0.54
34070	-0.55
37628	-0.64
33710	-0.69
33112	-0.69
39871	-0.70
32635	-0.71
34352	-0.72
34329	-0.72
36583	-0.74
43447	-0.76
39396	-0.76
34885	-0.77
31166	-0.78
3354994	-0.78
31176	-0.80
33351	-0.81
42464	-0.81
46201	-0.82
43573	-0.83
39484	-0.93
43736	-0.93
35422	-0.98
33835	-1.05
44150	-1.06
34420	-1.09
41347	-1.10
43864	-1.10
37292	-1.15
43768	-1.19
32008	-1.24
33118	-1.26
47218	-1.29
41181	-1.29
31700	-1.30
32133	-1.43
41840	-1.45
42832	-1.49
33386	-1.60
31022	-1.63
38447	-1.64
41550	-1.70
43709	-1.76
32221	-1.97
43183	-2.03
31144	-2.64
