35119	5.18
34595	5.00
40972	4.31
35679	4.01
46326	3.87
40607	3.79
42453	3.75
42126	3.47
40973	3.34
35796	3.29
36017	3.19
43577	3.18
41703	3.17
43278	3.13
31052	3.10
31139	3.00
43709	2.94
34250	2.84
34392	2.80
35287	2.80
35288	2.80
33499	2.77
34794	2.66
38669	2.50
37798	2.38
43517	2.26
44637	2.21
36887	2.17
39340	1.99
35001	1.96
47121	1.95
39014	1.88
33118	1.74
35422	1.69
34924	1.58
32100	1.57
38515	1.53
33235	1.52
35340	1.49
43466	1.44
37618	1.41
42946	1.41
39429	1.38
37290	1.34
43768	1.34
43829	1.33
42502	1.07
33986	0.97
3354994	0.95
40232	0.95
31166	0.85
35305	0.82
42971	0.82
34504	0.75
37355	0.72
43864	0.68
42828	0.68
32545	0.64
37894	0.63
31701	0.63
39484	0.59
37849	0.57
34419	0.56
37356	0.56
36617	0.51
34256	0.49
33105	0.43
33112	0.39
34726	0.38
34411	0.37
35728	0.37
33351	0.37
41860	0.36
33835	0.35
46201	0.35
38456	0.34
47218	0.25
41942	0.24
41550	0.20
39871	0.18
41844	0.18
33386	0.18
44072	0.10
32007	0.04
45827	0.01
33710	0.01
45269	-0.05
36390	-0.05
37397	-0.05
43229	-0.06
41347	-0.09
37476	-0.09
40848	-0.12
34352	-0.16
36018	-0.17
37235	-0.19
46058	-0.20
42832	-0.22
46069	-0.23
34309	-0.25
31588	-0.29
43447	-0.30
44087	-0.36
37430	-0.37
34885	-0.41
33373	-0.43
43739	-0.44
43573	-0.49
41181	-0.53
34329	-0.56
32008	-0.61
31228	-0.65
38983	-0.65
47219	-0.67
41183	-0.68
41845	-0.68
39396	-0.69
31022	-0.69
38208	-0.70
32789	-0.70
32221	-0.71
37292	-0.71
44261	-0.71
32595	-0.71
41432	-0.78
43183	-0.80
40451	-0.81
31564	-0.82
43736	-0.83
39088	-0.83
40388	-0.84
33269	-0.86
37841	-0.90
31009	-0.92
33629	-0.93
31521	-0.94
35886	-0.96
36583	-1.00
38447	-1.02
32045	-1.03
37662	-1.04
31760	-1.05
31144	-1.05
42291	-1.05
36288	-1.07
34070	-1.10
36308	-1.11
37922	-1.11
37587	-1.11
44150	-1.14
37628	-1.15
35970	-1.16
39433	-1.18
42029	-1.21
42649	-1.22
31106	-1.25
34420	-1.26
33487	-1.31
41965	-1.33
41840	-1.36
39879	-1.37
32635	-1.42
32700	-1.50
31838	-1.54
48312	-1.66
31185	-1.68
42464	-1.69
44291	-1.73
44326	-1.73
31700	-1.77
39251	-1.79
31176	-1.82
37804	-1.94
31215	-2.08
33202	-2.18
31150	-2.21
36508	-2.31
32133	-2.64
