36583	4.85
32045	4.72
43183	3.63
32221	3.22
48312	3.04
35305	2.89
33112	2.64
31166	2.64
42029	2.64
41432	2.55
43829	2.46
39433	2.43
42832	2.37
34256	2.34
37662	2.33
36617	2.29
44087	2.27
36508	2.24
44326	2.23
35886	2.15
44072	2.14
42502	2.10
36390	2.05
38447	1.98
31838	1.91
44261	1.91
40848	1.82
31215	1.82
37397	1.71
33202	1.71
39871	1.69
41860	1.66
41840	1.61
33351	1.61
38669	1.57
31150	1.55
45827	1.55
31185	1.55
42291	1.48
39879	1.47
41550	1.46
37804	1.42
41844	1.39
33373	1.38
43229	1.37
32007	1.36
31144	1.30
39396	1.22
46201	1.21
31701	1.17
32008	1.16
36308	1.16
31521	1.15
33835	1.14
43736	1.13
31052	1.12
36288	1.06
33269	1.04
31022	1.02
37587	0.99
40607	0.94
37894	0.94
41183	0.90
37922	0.85
46069	0.83
43447	0.80
41845	0.80
32545	0.78
36887	0.74
40232	0.72
42649	0.71
40388	0.69
32133	0.66
33386	0.65
41347	0.64
42828	0.64
39340	0.62
43517	0.61
35679	0.60
35728	0.57
47121	0.53
38456	0.49
31176	0.48
44291	0.41
35287	0.33
32595	0.32
33499	0.30
37618	0.28
42971	0.27
37798	0.27
41942	0.27
31228	0.26
40451	0.23
42946	0.23
33986	0.17
35970	0.17
34250	0.16
35796	0.14
39429	0.10
38208	0.06
42453	0.06
38515	0.05
35001	0.03
41703	-0.01
31106	-0.02
34309	-0.04
43466	-0.07
40973	-0.09
31760	-0.11
43278	-0.13
32700	-0.13
39251	-0.16
40972	-0.16
31564	-0.20
34924	-0.24
35422	-0.24
43739	-0.25
39014	-0.26
34504	-0.27
44637	-0.28
34726	-0.32
3354994	-0.34
32789	-0.37
34842	-0.41
37290	-0.42
41181	-0.42
34595	-0.51
42126	-0.57
31700	-0.61
33118	-0.61
46326	-0.63
39484	-0.70
46058	-0.70
33105	-0.71
32100	-0.72
34419	-0.74
34794	-0.77
31139	-0.78
37356	-0.83
33235	-0.87
43709	-0.94
37628	-0.94
34329	-0.98
34070	-0.98
31588	-1.02
43768	-1.02
35340	-1.08
36017	-1.12
32635	-1.21
37235	-1.24
35119	-1.26
47218	-1.29
37355	-1.32
43577	-1.38
37849	-1.39
34411	-1.43
31009	-1.43
36018	-1.48
43864	-1.54
37476	-1.55
34392	-1.62
34352	-1.69
45269	-1.71
33710	-1.75
34420	-1.79
42464	-1.85
43573	-1.86
33629	-1.95
44150	-1.97
39088	-1.98
33487	-2.03
38983	-2.10
37430	-2.14
37841	-2.33
37292	-2.35
47219	-2.36
41965	-2.39
35288	-2.44
