47121	8.04
35679	6.61
43466	6.44
40973	6.43
41703	6.18
39340	5.99
37290	5.92
39014	5.82
33499	5.47
38669	5.16
43278	5.10
44637	5.10
44072	5.06
34392	5.05
42971	4.71
46326	4.62
37618	4.25
39429	4.11
34250	4.02
43229	3.94
31052	3.91
34595	3.81
42946	3.78
40232	3.64
38515	3.49
35119	3.29
36017	3.25
43517	3.15
41844	3.02
42453	2.86
31139	2.85
34504	2.80
34411	2.73
35796	2.68
35001	2.58
32100	2.52
35288	2.41
42126	2.38
34794	2.12
36887	1.92
37355	1.91
40607	1.90
31838	1.80
40848	1.77
41942	1.76
35287	1.71
42029	1.65
33202	1.60
34842	1.58
32133	1.49
31166	1.49
37356	1.42
36390	1.37
32221	1.24
32007	1.11
36308	1.04
43183	1.02
41860	0.82
31215	0.80
44326	0.62
46069	0.62
38447	0.62
40972	0.57
43709	0.56
41840	0.54
41550	0.54
36583	0.49
42649	0.49
32008	0.45
43736	0.40
37841	0.38
37397	0.32
36508	0.21
41183	0.20
31150	0.13
45827	0.13
44261	0.11
33835	0.11
31521	0.08
34726	0.06
39871	0.04
42291	0.04
31144	0.04
41845	0.02
41432	-0.02
43577	-0.03
43447	-0.04
32595	-0.05
37662	-0.05
42828	-0.08
41965	-0.08
42502	-0.10
37476	-0.11
33386	-0.16
37587	-0.16
35970	-0.17
31564	-0.17
33351	-0.19
36018	-0.19
39879	-0.21
43739	-0.21
40388	-0.21
37894	-0.22
34885	-0.24
32789	-0.24
43864	-0.24
35728	-0.25
46058	-0.26
32045	-0.26
31228	-0.28
42832	-0.28
31760	-0.31
45269	-0.32
37849	-0.34
31022	-0.36
37430	-0.39
43829	-0.41
36617	-0.45
33112	-0.46
47218	-0.48
34256	-0.53
31185	-0.54
41347	-0.56
35340	-0.59
38208	-0.61
33373	-0.62
33118	-0.62
32545	-0.63
41181	-0.65
35886	-0.68
35305	-0.69
33105	-0.69
46201	-0.70
39251	-0.73
39396	-0.76
38456	-0.83
43768	-0.87
40451	-0.88
31106	-0.90
37922	-0.93
35422	-0.95
34070	-0.95
39433	-1.02
36288	-1.03
37804	-1.04
39484	-1.06
32635	-1.07
44291	-1.08
34309	-1.16
34352	-1.17
48312	-1.17
33235	-1.19
37235	-1.22
33986	-1.25
37798	-1.26
43573	-1.31
42464	-1.40
39088	-1.46
31588	-1.46
31700	-1.50
47219	-1.50
34329	-1.51
31009	-1.51
44087	-1.54
33269	-1.56
33629	-1.56
31701	-1.67
38983	-1.70
32700	-1.76
37292	-1.76
3354994	-1.79
34420	-1.90
33487	-1.92
44150	-1.92
33710	-1.96
37628	-2.09
31176	-2.10
34419	-2.44
