43517	8.41
39429	6.61
41942	6.34
36390	5.84
38515	5.27
47121	5.06
42946	5.06
31139	4.95
34504	4.67
40607	4.62
42971	4.42
46326	4.04
40232	4.03
43229	3.96
35679	3.96
34411	3.76
39014	3.68
41703	3.62
38669	3.56
42453	3.54
43278	3.40
41844	3.26
40973	3.16
34794	3.10
42126	3.03
34392	3.01
35796	2.98
35119	2.90
33235	2.79
31052	2.73
41860	2.73
35287	2.72
36017	2.72
37618	2.71
34924	2.58
44637	2.54
39340	2.49
37290	2.29
36887	2.28
40972	2.25
34250	2.17
32100	2.16
46201	1.98
34595	1.97
43466	1.97
34842	1.96
41181	1.88
44261	1.85
33499	1.84
44087	1.79
36617	1.79
33112	1.77
39871	1.73
31144	1.58
41965	1.57
3354994	1.54
43709	1.07
35288	1.05
31166	0.81
35340	0.80
42832	0.69
37662	0.68
44326	0.68
37397	0.66
33118	0.65
42502	0.58
32221	0.42
36018	0.32
31176	0.30
33105	0.25
44072	0.17
37587	0.09
45269	0.09
34885	0.03
33386	0.00
35422	-0.00
37476	-0.02
31701	-0.03
33269	-0.11
34419	-0.12
37356	-0.13
46058	-0.14
34309	-0.14
37841	-0.18
31022	-0.18
37894	-0.19
32007	-0.20
31150	-0.22
42291	-0.29
43577	-0.29
38208	-0.31
40848	-0.32
41845	-0.32
35305	-0.33
33202	-0.35
31564	-0.39
37798	-0.40
40388	-0.41
32008	-0.45
46069	-0.46
31588	-0.47
43736	-0.47
43739	-0.50
35970	-0.52
34329	-0.52
33986	-0.54
32045	-0.56
48312	-0.57
34256	-0.57
32133	-0.58
34070	-0.59
39433	-0.59
43183	-0.60
33710	-0.60
35886	-0.61
33629	-0.62
36508	-0.63
35728	-0.65
42828	-0.66
39484	-0.67
31215	-0.67
31521	-0.67
41432	-0.68
34420	-0.70
31760	-0.70
41347	-0.73
43447	-0.74
42029	-0.75
31106	-0.77
31228	-0.78
42649	-0.81
38456	-0.83
34726	-0.83
31700	-0.84
33487	-0.87
34352	-0.89
32595	-0.90
33835	-0.90
33351	-0.90
37628	-0.93
33373	-0.94
41840	-0.95
37804	-0.95
38447	-1.04
39251	-1.05
31009	-1.06
32635	-1.08
37922	-1.12
45827	-1.20
37849	-1.21
39396	-1.21
40451	-1.22
41550	-1.24
44150	-1.26
31838	-1.27
39879	-1.32
37430	-1.35
36583	-1.35
43864	-1.41
42464	-1.44
32700	-1.44
36288	-1.48
32545	-1.49
43829	-1.55
41183	-1.59
43573	-1.59
31185	-1.59
36308	-1.59
44291	-1.61
43768	-1.63
37292	-1.64
38983	-1.64
32789	-1.78
37235	-1.78
47218	-1.87
37355	-2.04
39088	-2.04
47219	-2.27
