42453	8.45
31052	6.95
41703	6.78
43278	6.45
36017	6.27
34595	6.03
47121	5.84
34794	5.67
40973	5.61
34392	5.37
44637	5.33
34842	5.18
31139	5.17
46326	4.93
35679	4.72
36887	4.53
35288	4.47
37290	3.75
33499	3.64
40607	3.45
39014	3.45
35796	3.44
34924	3.29
38515	3.24
39340	3.18
40972	3.14
42126	2.92
35001	2.90
42946	2.89
43466	2.86
37476	2.67
34411	2.51
37618	2.40
42971	2.26
38669	2.21
34250	1.87
36617	1.45
43517	1.43
41860	1.40
43229	1.36
37894	1.12
35287	1.03
46201	1.02
37798	1.00
40232	0.99
33986	0.91
37587	0.91
39429	0.78
43577	0.74
44326	0.72
42502	0.71
32595	0.65
43739	0.65
33105	0.59
39871	0.55
41844	0.53
33373	0.51
31838	0.48
31701	0.44
42649	0.43
43829	0.43
46069	0.33
31228	0.26
42029	0.21
37922	0.14
33202	0.11
37804	0.11
35305	0.11
41942	0.05
36308	0.01
42828	-0.01
36583	-0.01
34256	-0.04
41845	-0.07
43768	-0.09
31215	-0.11
35728	-0.12
39433	-0.14
33386	-0.16
34329	-0.19
34726	-0.20
37356	-0.20
37430	-0.21
33235	-0.22
40388	-0.23
44072	-0.25
38456	-0.27
37662	-0.27
35422	-0.29
32545	-0.31
32008	-0.32
41432	-0.33
41181	-0.34
43709	-0.36
34420	-0.37
43864	-0.38
41347	-0.38
37235	-0.38
34309	-0.39
35886	-0.41
31166	-0.42
33269	-0.42
34504	-0.42
33112	-0.46
31185	-0.46
32789	-0.48
32007	-0.49
40451	-0.50
43447	-0.51
44291	-0.52
42291	-0.52
36288	-0.54
44261	-0.54
32045	-0.56
3354994	-0.57
41965	-0.58
34419	-0.58
36508	-0.58
37849	-0.59
32133	-0.60
33351	-0.64
35340	-0.65
38208	-0.65
31144	-0.66
36390	-0.67
37397	-0.67
31588	-0.68
39879	-0.69
34352	-0.69
33629	-0.70
43736	-0.71
42464	-0.74
41183	-0.75
45269	-0.76
45827	-0.76
33118	-0.77
37841	-0.79
31521	-0.79
35970	-0.82
31106	-0.82
32100	-0.91
37355	-0.91
38983	-0.91
31564	-0.91
36018	-0.93
39396	-0.95
33487	-0.96
42832	-0.98
31150	-0.99
39484	-0.99
44087	-0.99
37628	-1.00
31022	-1.01
43573	-1.01
41550	-1.01
31009	-1.12
39251	-1.16
32700	-1.17
32635	-1.19
33710	-1.23
34885	-1.26
37292	-1.29
39088	-1.29
34070	-1.33
32221	-1.33
43183	-1.33
44150	-1.35
38447	-1.36
41840	-1.38
31760	-1.39
47219	-1.60
47218	-1.60
31700	-1.65
46058	-1.69
33835	-1.75
40848	-1.76
31176	-1.81
48312	-1.90
