37618	7.11
39340	6.01
31139	5.36
40973	5.33
43466	4.59
35119	4.47
46326	4.01
40607	3.78
37798	3.61
34392	3.50
31052	3.47
38515	3.38
40232	3.27
35679	3.19
34411	3.19
34595	2.99
44637	2.99
42649	2.91
35287	2.90
42453	2.87
43278	2.84
34842	2.80
42946	2.77
36887	2.69
47121	2.65
33499	2.59
42971	2.55
39014	2.43
42126	2.43
37397	2.42
34924	2.41
35796	2.38
31838	2.33
36017	2.26
38669	2.26
33118	2.15
36617	2.14
37476	2.09
34794	2.03
42464	1.96
42029	1.94
37290	1.92
46201	1.88
36308	1.84
41703	1.83
36288	1.80
34250	1.76
43577	1.72
41860	1.68
33710	1.66
40451	1.65
47218	1.55
44087	1.53
34352	1.49
43709	1.44
47219	1.44
41942	1.41
37235	1.38
31588	1.35
31106	1.32
34419	1.27
33202	1.25
43864	1.24
43768	1.22
33487	1.21
34070	1.21
41844	1.18
32635	1.18
31009	1.18
33629	1.17
37355	1.16
37292	1.16
44150	1.14
39088	1.12
33986	1.11
40972	1.11
32595	1.09
43573	1.06
38983	1.06
35001	1.05
32700	1.04
37849	1.02
34420	0.99
39429	0.99
35340	0.94
37628	0.93
42502	0.88
44291	0.86
31022	0.86
38208	0.83
43517	0.83
33112	0.81
31701	0.81
37430	0.80
39396	0.80
31185	0.77
31700	0.77
41347	0.76
45827	0.76
37804	0.76
32789	0.70
34309	0.69
34329	0.67
33269	0.64
32045	0.63
39484	0.61
35422	0.56
37922	0.56
31176	0.55
34256	0.54
3354994	0.49
43229	0.47
37356	0.47
41965	0.45
44326	0.35
34504	0.35
37662	0.29
33835	0.28
35970	0.26
35886	0.19
41840	0.19
41183	0.08
31166	0.05
44261	0.03
43829	-0.03
41550	-0.09
41181	-0.10
37587	-0.15
38447	-0.19
37841	-0.19
39871	-0.26
34726	-0.26
31564	-0.28
39251	-0.30
35728	-0.31
36583	-0.37
38456	-0.46
39879	-0.47
33373	-0.53
43739	-0.55
32100	-0.58
43183	-0.59
32007	-0.62
31228	-0.66
41845	-0.66
31760	-0.67
33386	-0.68
42291	-0.80
44072	-0.87
41432	-0.88
43447	-0.89
35305	-0.90
32008	-0.91
36390	-0.91
39433	-0.94
32545	-1.00
36018	-1.04
33235	-1.04
46069	-1.07
43736	-1.08
36508	-1.09
32133	-1.10
31521	-1.12
48312	-1.13
31215	-1.18
45269	-1.21
31144	-1.23
42832	-1.28
33351	-1.35
31150	-1.61
37894	-1.63
42828	-1.65
40388	-1.68
46058	-2.03
33105	-2.32
34885	-2.44
32221	-2.51
40848	-2.57
