36390	7.31
39429	7.15
42126	7.07
38515	6.24
43517	6.01
42946	5.33
40232	4.99
40607	4.95
42971	4.44
40973	4.27
35679	4.17
31139	4.16
34250	4.12
34504	3.87
39340	3.57
34411	3.53
40972	3.43
44637	3.25
47121	3.10
39014	3.08
43466	2.97
35288	2.90
41703	2.83
34842	2.80
35001	2.72
36887	2.54
34392	2.46
34794	2.43
35796	2.29
34595	2.27
37618	2.27
42453	2.17
33202	2.15
39879	2.12
37290	2.11
43577	1.98
43278	1.94
43229	1.86
35340	1.73
40388	1.73
34924	1.71
41844	1.62
41181	1.52
37894	1.51
41942	1.47
38456	1.45
33499	1.41
32008	1.24
37476	1.24
42828	1.19
40848	1.17
46326	1.16
44261	1.12
35119	1.03
31838	0.99
33235	0.95
31166	0.95
31144	0.93
48312	0.92
43709	0.84
31052	0.80
39484	0.72
39433	0.69
37355	0.65
32133	0.59
35422	0.58
31215	0.56
42649	0.56
41183	0.55
37841	0.50
31022	0.50
3354994	0.41
44072	0.40
31521	0.37
37356	0.35
34885	0.33
32100	0.31
36018	0.28
36308	0.22
34726	0.22
33105	0.17
32595	0.16
37587	0.15
34256	0.13
33835	0.07
44291	0.07
36508	0.04
35970	0.04
36583	0.03
43768	0.02
46058	0.01
43864	-0.00
36017	-0.01
42029	-0.01
33629	-0.02
38669	-0.03
43573	-0.09
32789	-0.11
31564	-0.15
35886	-0.19
31150	-0.19
36617	-0.20
41860	-0.21
32700	-0.22
41347	-0.24
41965	-0.24
34352	-0.24
46201	-0.25
37397	-0.26
36288	-0.28
39871	-0.29
31228	-0.32
33986	-0.32
34329	-0.33
39088	-0.34
44326	-0.34
43829	-0.35
37804	-0.36
38208	-0.39
42464	-0.48
34419	-0.50
41840	-0.54
34070	-0.56
37235	-0.62
32045	-0.62
47219	-0.63
31106	-0.63
37922	-0.64
47218	-0.65
41432	-0.66
31185	-0.69
32545	-0.70
32221	-0.74
40451	-0.77
37430	-0.79
31760	-0.81
43447	-0.81
43739	-0.82
37849	-0.85
33118	-0.89
43736	-0.91
38983	-0.94
41550	-0.95
42832	-0.96
37798	-0.98
35305	-0.98
33386	-1.01
42502	-1.02
32635	-1.03
33373	-1.03
31588	-1.04
34420	-1.05
31701	-1.07
43183	-1.09
31009	-1.09
39396	-1.11
37292	-1.11
45827	-1.17
46069	-1.17
37628	-1.19
44150	-1.20
45269	-1.21
42291	-1.21
35728	-1.24
31700	-1.26
34309	-1.27
37662	-1.33
33710	-1.47
41845	-1.50
33269	-1.62
33351	-1.64
32007	-1.69
33487	-1.77
33112	-1.77
39251	-1.89
44087	-1.93
31176	-2.28
38447	-2.52
