37662	7.49
40972	7.10
44087	6.88
39433	6.47
36617	6.38
31838	6.06
42649	6.05
41860	5.70
33112	5.70
42502	5.61
31701	5.52
32045	5.41
36308	5.28
37397	5.00
36288	4.99
36887	4.89
33269	4.82
42029	4.48
36583	4.28
39879	3.98
39871	3.95
46201	3.86
37798	3.85
33202	3.81
36508	3.75
48312	3.59
31052	3.59
44326	3.45
35679	3.33
38669	3.15
44072	3.11
31176	2.90
34885	2.89
43278	2.68
33373	2.62
31150	2.45
37922	2.44
43229	2.39
34392	2.37
32595	2.34
40607	2.31
37894	2.13
33105	2.07
41703	2.02
31228	2.02
44637	1.99
37628	1.98
45827	1.93
41840	1.87
34309	1.86
41965	1.84
35796	1.81
43577	1.78
42828	1.77
43739	1.75
37587	1.71
40451	1.70
40973	1.66
40388	1.59
37290	1.59
33710	1.58
41844	1.56
31760	1.54
38456	1.43
36017	1.39
32008	1.37
32545	1.35
44261	1.31
37476	1.31
33499	1.30
37355	1.30
45269	1.27
43864	1.21
42453	1.19
37292	1.14
43829	1.12
34329	1.08
37804	1.02
37235	0.96
34256	0.94
41181	0.93
39429	0.89
38983	0.89
33986	0.86
43768	0.86
34794	0.84
41347	0.84
31215	0.83
34842	0.82
40848	0.78
39088	0.75
35886	0.74
31185	0.72
37849	0.70
43466	0.62
35728	0.62
33487	0.57
38515	0.53
37841	0.52
38208	0.51
41432	0.49
31009	0.49
34352	0.48
36018	0.47
32221	0.44
46326	0.39
33351	0.39
36390	0.38
34250	0.33
46058	0.32
47218	0.31
39484	0.30
32700	0.30
34070	0.29
31588	0.29
31106	0.28
31700	0.28
43573	0.26
33235	0.20
35422	0.20
32007	0.18
33835	0.15
37430	0.14
32100	0.14
43736	0.12
35119	0.11
34504	0.09
34595	0.06
37618	0.05
34420	0.03
39014	-0.00
38447	-0.00
41942	-0.01
34726	-0.05
34411	-0.06
32133	-0.09
34419	-0.10
42291	-0.11
37356	-0.13
42946	-0.14
31022	-0.15
32789	-0.15
31521	-0.23
41183	-0.23
39340	-0.23
33629	-0.23
32635	-0.23
47121	-0.29
43447	-0.29
41845	-0.31
44150	-0.32
35001	-0.33
31564	-0.40
39251	-0.41
42464	-0.47
44291	-0.53
35340	-0.54
31166	-0.57
43183	-0.58
3354994	-0.61
34924	-0.69
47219	-0.71
42832	-0.75
43517	-0.77
31139	-0.79
35288	-0.90
46069	-0.94
40232	-0.94
42126	-0.95
35287	-0.98
39396	-0.99
43709	-1.20
42971	-1.28
33386	-1.30
31144	-1.37
33118	-1.47
41550	-1.98
35970	-3.13
