43709	3.02
35287	1.73
32100	1.63
37356	1.63
34842	1.49
31521	1.41
41347	1.39
43517	1.27
33235	1.23
33118	1.22
41181	1.20
41550	1.19
39429	1.19
32221	1.14
3354994	1.14
37355	1.13
31144	1.10
40972	1.07
40607	1.04
36617	1.01
44261	0.98
35288	0.94
46326	0.94
44637	0.92
33112	0.83
40848	0.81
35001	0.80
46201	0.71
47218	0.69
42832	0.69
42502	0.69
36390	0.65
35796	0.62
41942	0.61
43466	0.54
37894	0.48
38456	0.48
38515	0.47
35422	0.42
43577	0.37
42946	0.36
33986	0.36
34595	0.35
39871	0.34
47219	0.32
35970	0.27
31564	0.25
37618	0.22
44087	0.16
34504	0.13
43183	0.11
31215	0.10
40232	0.06
41703	0.06
31139	0.06
35679	-0.04
31701	-0.13
33835	-0.15
36583	-0.15
41840	-0.16
34726	-0.17
37397	-0.19
42126	-0.25
34256	-0.27
42971	-0.28
37628	-0.29
34419	-0.32
31022	-0.35
38447	-0.35
31228	-0.38
31760	-0.39
39433	-0.39
37292	-0.41
32133	-0.41
47121	-0.42
34794	-0.44
38669	-0.46
37662	-0.49
37849	-0.51
38983	-0.51
36018	-0.52
37841	-0.53
42828	-0.53
39088	-0.54
43864	-0.54
35305	-0.54
33105	-0.56
33499	-0.59
34924	-0.59
43768	-0.61
31185	-0.61
43278	-0.62
36887	-0.62
31166	-0.63
40388	-0.64
35119	-0.65
40973	-0.65
36308	-0.68
33269	-0.68
33710	-0.71
34352	-0.72
43573	-0.76
44072	-0.78
34250	-0.79
37476	-0.80
32700	-0.80
34411	-0.80
40451	-0.81
34392	-0.81
39484	-0.81
33487	-0.82
31052	-0.83
41860	-0.83
34070	-0.84
31588	-0.84
31106	-0.86
46058	-0.89
31009	-0.89
34329	-0.93
33629	-0.93
39251	-0.94
33386	-1.00
42649	-1.01
32789	-1.02
45269	-1.04
31838	-1.04
34885	-1.08
41965	-1.08
37798	-1.09
36017	-1.11
31700	-1.13
31150	-1.14
39340	-1.14
43829	-1.15
39014	-1.17
32008	-1.19
32045	-1.20
44291	-1.23
43447	-1.33
32545	-1.35
44150	-1.35
42464	-1.37
35886	-1.38
34420	-1.38
38208	-1.42
37235	-1.42
37430	-1.47
41432	-1.47
39879	-1.49
41183	-1.55
42029	-1.56
41844	-1.57
37804	-1.57
43736	-1.59
41845	-1.59
33373	-1.60
33202	-1.60
32635	-1.67
45827	-1.70
32007	-1.71
34309	-1.71
37290	-1.74
31176	-1.74
48312	-1.75
37587	-1.80
35728	-1.86
44326	-1.86
36508	-1.90
33351	-1.97
46069	-1.97
42291	-1.98
43229	-1.99
39396	-1.99
36288	-2.03
42453	-2.14
37922	-2.17
32595	-2.54
43739	-2.69
