39484	13.18
43768	12.45
31588	11.00
34352	10.85
33835	10.69
34070	9.75
31022	9.31
43864	9.28
33710	8.80
38208	8.64
31700	8.52
32700	8.11
41347	8.02
38983	8.01
34329	7.89
34309	7.58
34419	7.57
44150	7.36
47218	7.15
32635	7.15
31106	7.13
43573	7.12
40451	7.09
34420	6.91
33118	6.88
37235	6.77
37292	6.39
33629	6.28
42464	6.18
37628	5.65
37798	5.30
39088	5.14
37849	4.94
33487	4.53
31009	4.47
33235	4.46
47219	4.40
41840	3.90
37430	3.67
45827	3.51
32007	3.40
43829	3.32
31521	3.28
3354994	3.26
36583	2.98
33112	2.72
31760	2.69
32100	2.69
45269	2.65
32595	2.65
33986	2.63
43709	2.63
37397	2.55
44072	2.55
41860	2.49
37922	2.43
42832	2.42
43739	2.40
46201	2.38
44087	2.36
39433	2.36
32133	2.15
38669	2.08
32545	2.07
40848	2.01
40232	1.98
37841	1.95
37662	1.95
36617	1.91
41550	1.89
46058	1.88
36308	1.82
35728	1.80
44261	1.74
41181	1.71
34842	1.69
33386	1.66
33351	1.63
39871	1.63
42291	1.60
31701	1.58
36018	1.51
43736	1.48
35970	1.45
42649	1.40
36288	1.38
31215	1.33
43183	1.33
40972	1.28
42502	1.28
41844	1.28
35886	1.27
40973	1.25
42828	1.21
39014	1.17
39429	1.13
34392	1.08
44291	1.06
40388	1.04
32045	1.02
33105	1.01
38447	1.01
31838	0.99
33202	0.97
39340	0.96
37894	0.96
43517	0.95
47121	0.93
37587	0.90
41942	0.88
36390	0.88
31144	0.81
41845	0.75
38456	0.74
34256	0.73
32789	0.71
39251	0.66
38515	0.62
32008	0.60
42971	0.59
35287	0.58
46069	0.58
33373	0.56
35288	0.56
37355	0.54
34726	0.54
42029	0.52
32221	0.47
35340	0.42
37618	0.39
42946	0.32
40607	0.30
37290	0.27
31166	0.25
35305	0.20
31176	0.17
39879	0.12
41183	0.10
35001	-0.00
34504	-0.01
34250	-0.14
34885	-0.24
44637	-0.26
34595	-0.26
35119	-0.29
35679	-0.31
37804	-0.31
43278	-0.33
31052	-0.42
43577	-0.47
43229	-0.48
33269	-0.50
43447	-0.58
41432	-0.62
34411	-0.64
43466	-0.67
41965	-0.68
31185	-0.72
36887	-0.74
41703	-0.78
36508	-0.81
39396	-0.81
37476	-0.85
34924	-0.95
33499	-0.97
37356	-0.98
34794	-0.98
46326	-1.11
35796	-1.11
31228	-1.21
31564	-1.33
42126	-1.36
44326	-1.44
48312	-1.61
42453	-1.64
31150	-1.77
31139	-1.82
36017	-1.93
