40973	14.14
34392	10.60
41703	10.17
43278	10.14
37290	9.98
31052	9.11
47121	8.87
39014	8.74
44637	8.61
36887	8.24
33499	7.84
34794	7.43
35796	7.25
42453	7.24
34924	6.61
40972	6.51
38669	6.35
46326	5.97
43517	5.65
36017	5.64
34595	5.25
40607	4.74
35119	4.72
43466	4.71
43229	4.68
38515	4.60
34504	4.53
39429	4.51
42946	4.22
35287	4.17
41860	4.08
42971	4.05
34842	4.01
35001	3.96
31139	3.95
37618	3.51
31838	3.48
34411	3.47
40232	3.45
42126	3.44
39340	3.35
35305	3.33
35288	3.19
34250	3.15
44072	2.54
41844	2.54
44087	2.48
42649	2.47
36617	2.40
36308	2.34
42029	2.32
37894	2.22
37397	2.20
36390	2.09
41942	2.08
37662	1.81
37355	1.78
42502	1.75
39433	1.62
37476	1.57
32100	1.47
42828	1.41
31166	1.31
40388	1.15
33112	1.11
36288	0.97
43577	0.96
33235	0.96
38456	0.91
37798	0.87
33202	0.86
44261	0.74
35886	0.69
32045	0.69
39871	0.67
39879	0.66
33986	0.63
46201	0.62
44326	0.61
34885	0.60
33269	0.58
46058	0.58
37841	0.55
37922	0.48
48312	0.47
36583	0.46
37587	0.42
33373	0.40
33105	0.36
36018	0.33
37356	0.32
34256	0.31
45827	0.21
36508	0.21
31760	0.19
41965	0.18
31150	0.11
32789	0.11
31215	0.10
32221	0.10
31701	0.07
3354994	0.03
32595	0.02
40848	-0.00
43829	-0.02
31176	-0.03
35340	-0.04
32008	-0.06
41845	-0.12
45269	-0.17
31228	-0.21
43739	-0.22
41432	-0.22
31521	-0.23
31185	-0.25
34726	-0.28
41181	-0.28
37804	-0.29
41183	-0.29
35422	-0.31
43736	-0.33
32007	-0.34
43709	-0.47
33835	-0.50
41347	-0.52
31144	-0.53
43183	-0.56
31564	-0.57
42291	-0.58
46069	-0.58
41840	-0.65
32133	-0.67
32545	-0.71
33386	-0.72
40451	-0.75
43768	-0.76
35728	-0.78
34329	-0.79
44291	-0.80
43447	-0.86
39088	-0.87
38208	-0.89
35970	-0.95
31106	-0.99
34309	-1.00
33487	-1.03
33351	-1.06
34419	-1.07
39396	-1.11
43573	-1.17
41550	-1.17
34352	-1.18
38447	-1.18
33629	-1.19
32700	-1.20
37430	-1.21
33118	-1.23
34070	-1.29
43864	-1.29
47219	-1.30
32635	-1.33
44150	-1.35
47218	-1.36
34420	-1.39
37235	-1.41
42464	-1.42
42832	-1.42
31700	-1.45
39484	-1.47
37292	-1.54
31009	-1.59
31022	-1.60
33710	-1.65
31588	-1.72
37849	-1.72
37628	-1.78
38983	-1.83
39251	-2.49
