33351	20.44
43447	15.19
32545	14.55
33386	13.48
35886	11.73
41845	9.53
43183	9.17
42291	9.12
43829	9.08
41432	7.74
38447	7.69
32007	7.32
46069	6.56
31166	6.52
37804	6.45
33373	4.86
32789	4.65
39251	4.39
44291	4.28
43739	4.16
31185	4.14
42832	3.99
41550	3.68
31760	3.65
34256	3.28
39396	3.25
37922	2.92
32595	2.83
40451	1.98
33986	1.90
34329	1.81
35422	1.80
31228	1.63
39484	1.59
31150	1.59
37235	1.52
34070	1.47
34309	1.44
38983	1.42
37628	1.38
46058	1.36
32045	1.35
45269	1.32
43768	1.31
41183	1.28
38208	1.25
31022	1.23
31106	1.20
32635	1.18
47218	1.18
36288	1.15
36308	1.14
31700	1.13
37292	1.07
40848	1.07
33105	1.07
35970	1.01
42029	1.01
42828	0.99
33710	0.98
37798	0.97
43864	0.96
44326	0.96
32700	0.95
36583	0.91
33835	0.90
39340	0.88
44072	0.87
38456	0.86
31588	0.86
36018	0.84
37618	0.77
42649	0.75
37894	0.71
43573	0.69
43577	0.66
37476	0.65
34352	0.65
33499	0.62
35305	0.62
32008	0.60
37849	0.58
34885	0.57
37587	0.55
40388	0.55
36508	0.55
47219	0.52
31838	0.51
37841	0.43
34420	0.41
32133	0.40
40607	0.39
42464	0.38
34842	0.37
33118	0.32
37290	0.29
39433	0.29
46326	0.29
39088	0.28
43736	0.23
34250	0.22
33202	0.22
31215	0.20
33629	0.15
31009	0.15
40973	0.13
44150	0.08
41840	0.06
34504	0.02
42453	0.02
33235	0.00
41347	-0.02
37430	-0.06
31139	-0.07
36017	-0.08
40972	-0.11
35119	-0.12
33487	-0.12
41860	-0.13
43466	-0.13
42946	-0.20
34392	-0.25
34924	-0.25
34595	-0.26
32100	-0.27
41703	-0.28
47121	-0.29
35288	-0.31
38669	-0.31
31521	-0.31
39014	-0.32
41844	-0.34
34726	-0.34
34794	-0.35
43709	-0.37
36887	-0.42
31144	-0.42
42971	-0.47
43278	-0.49
44261	-0.50
39879	-0.54
32221	-0.58
40232	-0.60
34411	-0.62
45827	-0.64
35796	-0.64
42126	-0.64
35001	-0.65
41965	-0.71
37662	-0.71
31052	-0.74
35679	-0.78
38515	-0.78
31564	-0.86
44087	-0.89
37356	-0.89
39429	-0.95
41942	-0.96
34419	-0.97
31701	-0.99
43517	-1.04
37397	-1.04
35287	-1.24
33269	-1.24
48312	-1.42
44637	-1.44
37355	-1.49
3354994	-1.52
43229	-1.55
33112	-1.57
41181	-1.60
46201	-1.67
36617	-1.68
39871	-1.76
36390	-1.85
35340	-1.86
31176	-2.04
42502	-2.34
