43278	7.94
35679	7.25
31052	6.87
36887	6.43
34794	6.13
41703	6.11
33499	5.83
38669	5.62
40607	5.52
40973	5.46
44637	5.41
46326	5.30
43517	4.80
42453	4.50
40972	4.43
36017	4.07
34392	3.50
34595	3.46
35119	3.44
34842	3.29
47121	3.15
31139	3.10
35001	2.98
37290	2.97
34250	2.81
39014	2.72
34924	2.68
43466	2.47
34504	2.42
35288	2.38
35287	2.29
42126	2.29
44087	2.27
39429	2.25
31838	2.22
43229	2.15
35305	1.81
40232	1.66
43577	1.56
37356	1.50
42946	1.47
37355	1.46
38515	1.43
36390	1.41
39340	1.30
42029	1.20
42649	1.12
32045	1.06
44261	1.03
36617	1.02
33118	0.90
37662	0.87
38456	0.85
36308	0.73
34256	0.73
37798	0.72
33986	0.72
33373	0.72
33710	0.71
35340	0.62
37476	0.57
31228	0.56
31009	0.53
42971	0.53
33835	0.51
39396	0.48
37235	0.46
48312	0.39
41860	0.38
37587	0.37
36508	0.33
34411	0.32
33112	0.31
3354994	0.29
38447	0.29
44326	0.27
37894	0.24
44072	0.24
37618	0.22
31150	0.20
37922	0.20
40451	0.19
45827	0.19
32789	0.18
33269	0.17
34309	0.16
34885	0.14
41942	0.12
39871	0.08
46069	0.05
43739	-0.00
31176	-0.06
37430	-0.06
34419	-0.07
41183	-0.08
32007	-0.09
31701	-0.10
43829	-0.12
37628	-0.16
47219	-0.16
35886	-0.18
37849	-0.23
39088	-0.25
37397	-0.30
43864	-0.31
41432	-0.33
31166	-0.35
31106	-0.35
33386	-0.39
36288	-0.41
31700	-0.43
42502	-0.44
36583	-0.44
33351	-0.46
41845	-0.46
40848	-0.48
32008	-0.50
33235	-0.50
34352	-0.51
40388	-0.53
32545	-0.53
33487	-0.54
41840	-0.54
34726	-0.54
39879	-0.56
33105	-0.58
32635	-0.62
47218	-0.63
31760	-0.64
35728	-0.64
38983	-0.66
42464	-0.66
43447	-0.71
42828	-0.76
41965	-0.76
37292	-0.78
33202	-0.80
43573	-0.81
46201	-0.82
43183	-0.83
31185	-0.84
39433	-0.86
33629	-0.88
32700	-0.93
37804	-0.94
44291	-0.94
31588	-0.96
32595	-0.96
42291	-0.97
34420	-1.09
31564	-1.10
41347	-1.10
43736	-1.11
35422	-1.11
44150	-1.13
31521	-1.13
43768	-1.13
34329	-1.15
43709	-1.15
34070	-1.17
39484	-1.22
45269	-1.28
41844	-1.28
38208	-1.39
42832	-1.42
41550	-1.43
31022	-1.49
36018	-1.60
32100	-1.61
46058	-1.63
37841	-1.64
39251	-1.90
31215	-1.95
32221	-2.24
35970	-2.40
41181	-2.48
31144	-2.71
32133	-2.97
