33351	13.09
32545	11.78
35728	11.73
43183	11.33
33386	11.09
37804	10.22
43447	9.66
33373	6.98
31185	5.70
34256	5.23
44291	4.54
42291	4.00
36583	3.99
43829	3.57
41845	3.46
31166	3.43
37922	3.36
38447	3.31
39396	3.31
31760	2.98
41432	2.94
39251	2.46
33986	2.43
32007	2.37
41550	2.36
33202	2.22
34885	2.15
32789	2.06
46069	2.06
42832	1.95
36508	1.88
35970	1.79
39433	1.72
32595	1.70
31022	1.35
41840	1.29
40973	1.27
37587	1.27
35422	1.27
43736	1.19
38456	1.17
32045	1.15
37894	1.07
32133	0.99
40607	0.93
38669	0.88
40388	0.86
43739	0.84
39484	0.83
41183	0.83
43768	0.83
33835	0.80
31215	0.80
37356	0.78
34329	0.74
35305	0.74
33710	0.71
35679	0.69
36887	0.67
39014	0.63
44072	0.63
42029	0.62
41703	0.62
34070	0.61
33118	0.60
40972	0.59
31588	0.58
37476	0.55
36308	0.54
34250	0.51
31838	0.50
31052	0.49
43278	0.47
40848	0.46
31139	0.40
44326	0.34
37290	0.30
36617	0.30
44637	0.28
42126	0.27
31106	0.25
34352	0.25
35288	0.19
42828	0.19
46058	0.17
45827	0.16
42946	0.14
43709	0.14
32700	0.14
38983	0.13
31150	0.13
40451	0.13
42464	0.12
37628	0.11
36017	0.10
44261	0.07
47219	0.07
42649	0.05
38208	0.03
41844	0.03
45269	0.02
34309	0.00
43573	-0.02
42971	-0.03
31700	-0.06
43577	-0.08
43864	-0.11
36288	-0.12
32221	-0.12
37798	-0.13
40232	-0.14
47218	-0.15
41347	-0.15
33235	-0.15
33499	-0.17
35796	-0.18
34419	-0.19
35287	-0.19
32635	-0.22
38515	-0.23
37618	-0.26
37292	-0.26
33629	-0.32
32008	-0.36
39088	-0.36
34794	-0.36
36390	-0.37
35119	-0.41
37235	-0.41
36018	-0.43
34726	-0.45
46326	-0.49
39879	-0.49
34392	-0.50
44087	-0.53
31564	-0.54
32100	-0.54
34420	-0.57
41860	-0.59
35001	-0.61
34504	-0.63
34924	-0.68
37355	-0.69
42453	-0.72
34595	-0.73
37397	-0.73
37849	-0.79
47121	-0.82
33105	-0.82
31228	-0.83
31009	-0.86
39340	-0.88
41942	-0.90
41181	-0.91
3354994	-0.91
39429	-0.94
31521	-0.94
46201	-0.95
33487	-0.96
34842	-0.96
37430	-0.96
44150	-0.99
48312	-1.04
43517	-1.08
31176	-1.14
31144	-1.16
43466	-1.20
37841	-1.26
42502	-1.26
43229	-1.32
35340	-1.38
34411	-1.43
33112	-1.45
41965	-1.46
37662	-1.53
39871	-1.73
33269	-2.12
31701	-2.34
