39251	2.60
44291	2.36
38447	2.32
33373	2.10
33386	2.01
33351	1.93
43183	1.81
37804	1.81
42832	1.80
35886	1.79
33118	1.77
33835	1.75
31022	1.69
37922	1.58
41550	1.54
33202	1.54
41840	1.52
43709	1.46
35422	1.45
32133	1.45
33986	1.42
41845	1.39
32789	1.35
42029	1.33
43447	1.32
31166	1.30
34419	1.29
42291	1.21
32221	1.16
31588	1.15
31760	1.12
31144	1.11
42464	1.08
41347	1.04
36017	1.03
37430	1.02
34352	1.02
35728	1.01
34070	1.00
36390	0.98
39484	0.97
38208	0.87
32007	0.84
41942	0.84
43829	0.83
34256	0.83
31215	0.83
45269	0.81
31009	0.79
46058	0.78
33629	0.73
37292	0.71
39396	0.69
46069	0.69
43768	0.66
43573	0.64
32100	0.63
36308	0.59
38456	0.56
44150	0.50
37235	0.48
31139	0.48
31564	0.46
34420	0.43
42126	0.40
39088	0.39
31106	0.39
34726	0.37
38983	0.37
39871	0.33
32700	0.32
43864	0.32
3354994	0.30
33487	0.28
35340	0.27
35288	0.26
34329	0.20
41432	0.20
37356	0.19
31700	0.18
31521	0.18
41181	0.18
34885	0.17
43736	0.17
40451	0.16
44072	0.15
47219	0.14
41844	0.13
40232	0.11
34309	0.11
45827	0.07
37798	0.07
42971	0.06
35287	0.04
36018	0.02
31176	0.00
46201	-0.01
31185	-0.07
41183	-0.09
39014	-0.10
43466	-0.11
39429	-0.14
32595	-0.15
37628	-0.16
37849	-0.17
34924	-0.17
42649	-0.18
47121	-0.20
33710	-0.20
32635	-0.20
47218	-0.23
39879	-0.24
37841	-0.25
32545	-0.29
43229	-0.30
34411	-0.32
46326	-0.33
42828	-0.40
37587	-0.40
36583	-0.45
42502	-0.45
34794	-0.47
31701	-0.49
43739	-0.50
34392	-0.51
35001	-0.52
44637	-0.53
41965	-0.55
42946	-0.55
48312	-0.57
38515	-0.59
33112	-0.60
34250	-0.63
34504	-0.63
37476	-0.68
40388	-0.72
32045	-0.74
41860	-0.77
31838	-0.78
31150	-0.78
35119	-0.82
43517	-0.83
40973	-0.85
33269	-0.85
37618	-0.86
41703	-0.89
44087	-0.90
36508	-0.90
39340	-0.94
35679	-0.95
33235	-0.98
33105	-1.01
40607	-1.02
37894	-1.05
37290	-1.07
44261	-1.09
44326	-1.10
34842	-1.16
31228	-1.16
37355	-1.21
37397	-1.23
34595	-1.24
40848	-1.27
38669	-1.35
36887	-1.35
42453	-1.41
36288	-1.53
32008	-1.55
43278	-1.57
43577	-1.77
31052	-1.79
40972	-1.94
39433	-2.00
33499	-2.05
36617	-2.13
35796	-2.40
37662	-2.69
35305	-3.13
