46058	18.79
45269	15.40
42828	12.59
33105	10.52
40388	10.27
37894	9.86
39879	6.40
39251	5.73
43739	4.66
37841	4.63
44072	4.20
40848	3.96
41844	3.54
32595	3.41
34504	3.24
43768	3.08
42649	2.97
43864	2.85
37922	2.82
37292	2.81
40451	2.79
41860	2.76
34329	2.73
36288	2.73
37628	2.67
31150	2.67
47218	2.67
37235	2.61
38983	2.52
32789	2.37
48312	2.35
39088	2.34
34411	2.32
32133	2.26
31521	2.21
43229	2.19
37804	2.18
36308	2.14
41965	2.11
31185	2.09
31760	2.09
43573	2.07
31009	2.02
37290	1.98
34352	1.97
39484	1.95
38456	1.94
33710	1.91
31588	1.89
32700	1.88
32635	1.87
39433	1.83
33835	1.72
37849	1.71
42291	1.69
44291	1.69
34070	1.69
33269	1.67
36887	1.60
46069	1.58
33499	1.57
34309	1.56
31106	1.56
42029	1.56
35422	1.51
31144	1.51
41845	1.51
31700	1.48
33487	1.48
38447	1.39
44150	1.37
31228	1.33
33202	1.32
34794	1.32
34420	1.29
43577	1.29
38208	1.26
44261	1.23
37397	1.21
47219	1.18
31215	1.16
33373	1.13
38669	1.11
40972	1.05
37798	1.02
32545	1.01
31838	0.99
31564	0.98
39014	0.94
37430	0.94
33629	0.90
44326	0.90
41432	0.90
34726	0.87
35728	0.84
42464	0.84
33351	0.79
44087	0.75
33986	0.74
40232	0.70
37618	0.66
45827	0.61
43447	0.60
37662	0.58
32007	0.57
34392	0.56
41183	0.55
39340	0.52
41840	0.52
31176	0.49
35305	0.47
43709	0.46
32221	0.43
32045	0.40
36390	0.34
35679	0.33
35001	0.32
32008	0.30
35287	0.28
41347	0.23
39396	0.23
37587	0.18
34595	0.17
43517	0.12
36583	0.12
37355	0.09
39429	0.09
33112	0.08
43736	0.05
34256	0.04
42971	0.02
35970	0.02
36508	-0.02
40973	-0.04
47121	-0.08
38515	-0.11
40607	-0.11
41942	-0.16
31022	-0.17
34842	-0.17
36017	-0.18
34924	-0.19
33118	-0.24
42502	-0.24
31701	-0.26
3354994	-0.29
41550	-0.37
41181	-0.38
37476	-0.42
35886	-0.43
37356	-0.44
34250	-0.46
33386	-0.49
34419	-0.49
35340	-0.52
43829	-0.54
31139	-0.57
31166	-0.65
42946	-0.67
46201	-0.78
42453	-0.83
35119	-0.93
32100	-0.96
43278	-1.02
35288	-1.04
43183	-1.04
33235	-1.05
41703	-1.05
42126	-1.18
43466	-1.19
31052	-1.21
44637	-1.34
39871	-1.47
34885	-1.48
46326	-1.52
35796	-1.60
42832	-1.84
36617	-2.93
