43278	7.36
41703	7.00
35119	6.27
31052	6.23
36887	6.21
34794	6.19
34392	5.70
35679	5.64
46326	5.64
33499	5.47
42453	5.40
37290	5.30
40973	4.74
44637	4.68
39014	4.63
34595	4.19
35796	4.07
37476	3.54
40972	3.42
34924	3.25
34842	3.19
47121	3.17
42126	2.72
35001	2.72
43229	2.62
31139	2.29
35288	2.26
43577	2.14
41965	2.11
38669	2.08
41844	1.89
34250	1.86
42946	1.67
31838	1.62
41860	1.61
34504	1.58
39340	1.44
38515	1.41
35305	1.39
34411	1.34
37841	1.32
44072	1.26
43517	1.26
32595	1.19
43466	1.14
40607	1.13
37798	1.04
33269	1.03
35970	1.03
37587	0.98
42649	0.71
33202	0.62
39429	0.61
42464	0.58
38983	0.56
45827	0.50
42029	0.49
44326	0.48
42502	0.47
45269	0.45
36508	0.44
37355	0.43
33629	0.43
42971	0.43
43768	0.40
34419	0.38
37922	0.35
31176	0.35
32545	0.34
43829	0.31
40388	0.30
31228	0.28
37804	0.28
34420	0.27
36308	0.27
37894	0.25
43739	0.23
31009	0.20
37662	0.19
37618	0.16
34329	0.14
37628	0.12
46058	0.10
35886	0.10
43447	0.09
37430	0.09
37235	0.00
31150	-0.00
32007	-0.01
35287	-0.01
33986	-0.02
33373	-0.06
34726	-0.07
43573	-0.07
35728	-0.08
41432	-0.08
44150	-0.12
36617	-0.12
41942	-0.14
32789	-0.15
40232	-0.16
36018	-0.18
39088	-0.18
46069	-0.19
38456	-0.21
32045	-0.21
33487	-0.25
47219	-0.27
44087	-0.31
41840	-0.31
33105	-0.31
34256	-0.31
31185	-0.32
41845	-0.32
37849	-0.34
32635	-0.34
39251	-0.34
31166	-0.38
31521	-0.38
48312	-0.41
31215	-0.41
39871	-0.42
36390	-0.43
33386	-0.44
37356	-0.44
34352	-0.47
33351	-0.48
31701	-0.53
42828	-0.54
39396	-0.54
43864	-0.54
37292	-0.55
37397	-0.57
46201	-0.61
31700	-0.61
34309	-0.61
39433	-0.63
43736	-0.64
32700	-0.67
31144	-0.69
44291	-0.76
32100	-0.79
42291	-0.80
38447	-0.80
39879	-0.84
33710	-0.84
41183	-0.86
33112	-0.90
32221	-0.91
31106	-1.02
39484	-1.07
38208	-1.09
35340	-1.11
34885	-1.12
36288	-1.15
31564	-1.16
43183	-1.20
42832	-1.20
47218	-1.25
32133	-1.25
31588	-1.28
34070	-1.28
31022	-1.35
40451	-1.40
32008	-1.42
36583	-1.42
43709	-1.44
41181	-1.53
33835	-1.59
3354994	-1.59
41550	-1.61
33118	-1.65
31760	-1.77
33235	-1.83
35422	-1.93
40848	-2.30
44261	-2.70
41347	-2.70
