39433	7.23
42649	7.07
39879	6.53
31701	6.15
36308	5.91
37922	5.50
37798	5.40
42029	5.30
33202	5.21
41860	5.13
35305	4.99
37587	4.87
32595	4.87
31838	4.84
36617	4.73
32045	4.72
37662	4.66
44326	4.64
43739	4.38
37397	4.28
36583	3.89
40451	3.77
44261	3.70
33269	3.64
31176	3.63
36887	3.63
40388	3.62
44087	3.60
32133	3.29
33112	3.26
31215	2.91
34309	2.79
37894	2.78
33105	2.76
44072	2.76
31760	2.74
36018	2.73
41844	2.63
34070	2.62
37290	2.48
42828	2.44
32700	2.38
36508	2.37
38208	2.36
31228	2.35
37804	2.31
44291	2.25
42502	2.24
31106	2.18
39484	2.17
45827	2.17
34352	2.16
34329	2.16
31588	2.14
33710	2.12
37476	2.05
41840	1.94
37292	1.93
46201	1.86
35288	1.80
40607	1.79
32008	1.77
31150	1.77
42453	1.77
43829	1.74
37628	1.69
33373	1.69
39871	1.65
40973	1.64
33986	1.63
41347	1.62
31052	1.58
39340	1.57
39088	1.54
46058	1.53
40972	1.49
37235	1.44
44150	1.44
35422	1.38
37841	1.37
38983	1.36
32635	1.34
41965	1.34
32789	1.33
34392	1.30
31185	1.27
45269	1.26
31022	1.26
42464	1.25
31564	1.24
43768	1.22
34794	1.22
33499	1.18
35728	1.15
34420	1.14
48312	1.11
34885	1.06
34411	1.05
43864	1.03
31009	1.03
33629	1.00
35679	0.97
39251	0.96
33487	0.95
47218	0.92
34595	0.89
37618	0.88
38456	0.85
31700	0.84
43229	0.81
41183	0.72
42291	0.70
43736	0.69
43577	0.58
43278	0.57
34504	0.53
41181	0.49
39014	0.45
41845	0.39
43573	0.37
34726	0.36
41432	0.36
31521	0.23
32545	0.23
38515	0.19
47219	0.14
41703	0.13
38669	0.12
37430	0.09
34419	0.09
40848	0.07
41550	0.05
47121	-0.04
32007	-0.06
34256	-0.08
35886	-0.12
37849	-0.15
31144	-0.17
33835	-0.20
40232	-0.24
44637	-0.24
35287	-0.28
42126	-0.29
43466	-0.33
33351	-0.34
3354994	-0.37
42946	-0.41
35796	-0.41
39396	-0.45
38447	-0.45
43709	-0.51
33235	-0.53
35119	-0.54
31139	-0.62
43447	-0.63
43183	-0.66
32100	-0.69
39429	-0.75
46326	-0.76
33386	-0.85
42832	-0.86
31166	-0.87
46069	-0.89
33118	-0.94
36390	-0.97
34250	-1.03
34924	-1.03
34842	-1.07
42971	-1.14
36017	-1.15
37355	-1.16
41942	-1.27
43517	-1.45
35001	-1.48
35970	-1.53
32221	-1.99
35340	-2.03
37356	-2.06
