42649	21.64
42029	20.97
31838	15.44
33202	9.75
31760	7.00
39879	6.95
32045	6.54
36288	5.91
32595	5.39
41860	5.35
35305	5.28
41840	4.90
37662	4.84
36583	4.74
39433	4.56
37841	4.46
40451	4.11
34392	4.09
31521	3.96
43739	3.95
33112	3.86
42828	3.80
44326	3.68
31106	3.57
44072	3.48
32133	3.47
34309	3.28
37894	3.25
40973	3.20
45269	3.12
33105	3.09
38456	2.96
40388	2.89
44087	2.87
40972	2.86
46058	2.84
38208	2.74
32700	2.70
40848	2.64
34329	2.61
37922	2.60
37397	2.59
37798	2.58
31701	2.54
37290	2.51
31185	2.45
43229	2.45
31588	2.41
37587	2.34
35679	2.34
31215	2.34
31228	2.34
34070	2.32
31176	2.26
37628	2.24
45827	2.17
36018	2.14
33269	2.14
44291	2.14
32635	2.13
43278	2.09
36887	2.08
41347	2.07
34352	2.05
38669	2.05
44637	2.04
31150	2.04
41844	2.04
33373	2.00
31700	2.00
32789	1.96
36617	1.96
37804	1.96
32008	1.94
33351	1.88
43829	1.87
38515	1.86
35288	1.84
35422	1.82
43573	1.77
33487	1.75
38983	1.74
43768	1.71
46201	1.58
33986	1.53
39340	1.53
33710	1.52
32545	1.52
42502	1.50
39088	1.48
41703	1.39
34411	1.39
36508	1.37
41942	1.32
32100	1.31
44261	1.30
37292	1.29
37235	1.26
34794	1.26
34504	1.22
41965	1.18
43466	1.17
43864	1.16
34885	1.16
31564	1.14
35728	1.14
37476	1.12
39014	1.09
38447	1.07
34924	1.04
33835	1.03
41845	1.02
31022	1.02
39251	1.02
39484	1.00
31166	0.98
33499	0.98
43736	0.96
39871	0.86
42291	0.86
41181	0.86
47218	0.81
34595	0.80
46326	0.77
35796	0.73
48312	0.73
32007	0.70
42464	0.69
37618	0.65
34256	0.65
31052	0.64
35970	0.59
31009	0.59
47219	0.58
43447	0.55
35886	0.54
44150	0.54
39429	0.52
33235	0.45
41432	0.44
43577	0.42
41183	0.39
37355	0.36
34726	0.36
37430	0.35
39396	0.32
31144	0.32
33629	0.30
37356	0.30
40232	0.30
47121	0.29
36017	0.27
35287	0.22
34420	0.21
33386	0.19
40607	0.08
42832	0.06
43183	0.03
35119	0.01
37849	-0.06
42126	-0.07
42946	-0.08
31139	-0.10
43517	-0.13
43709	-0.28
36390	-0.34
46069	-0.39
41550	-0.44
34419	-0.56
42971	-0.57
35340	-0.68
3354994	-0.69
42453	-0.72
34842	-1.11
33118	-1.38
34250	-1.57
35001	-1.59
32221	-2.00
