35287	7.31
35001	5.84
43229	5.51
33235	5.16
40607	5.15
41942	5.07
39429	4.25
41844	4.19
41181	4.12
42971	3.90
43517	3.87
40232	3.73
44261	3.33
42126	3.14
38669	3.04
40848	2.86
43709	2.80
3354994	2.72
44072	2.67
34504	2.61
48312	2.38
47121	2.37
42946	2.36
31139	2.23
33202	2.17
39014	2.13
35679	2.09
34885	2.05
44637	1.98
36887	1.92
34411	1.91
34250	1.83
38515	1.78
41965	1.76
39879	1.73
32100	1.67
40972	1.65
34794	1.64
31022	1.53
35796	1.41
46201	1.39
34924	1.37
31215	1.24
31144	1.21
37290	1.17
37894	1.14
40973	1.12
32221	1.09
33835	1.09
40388	1.07
33112	1.01
31521	1.00
35970	0.98
35422	0.88
37841	0.87
41860	0.82
42649	0.82
41840	0.82
42453	0.80
41703	0.79
39433	0.76
34392	0.74
32045	0.74
31166	0.74
42502	0.72
37430	0.68
35340	0.65
34419	0.64
42832	0.61
43736	0.61
36583	0.56
37356	0.56
33118	0.54
32008	0.54
37587	0.54
36508	0.53
31052	0.50
39340	0.47
42029	0.43
38456	0.41
39484	0.39
31838	0.39
35305	0.38
33629	0.38
44326	0.37
31150	0.37
36018	0.34
41347	0.34
37476	0.32
36617	0.30
43278	0.28
46058	0.21
31106	0.20
33487	0.17
39871	0.17
31564	0.12
32133	0.10
44087	0.05
34842	-0.05
47219	-0.08
46069	-0.11
37849	-0.12
34726	-0.13
46326	-0.13
37397	-0.13
34309	-0.16
41550	-0.17
31760	-0.20
42828	-0.21
33269	-0.22
37355	-0.24
42464	-0.32
36308	-0.34
34352	-0.36
41845	-0.36
35886	-0.37
33710	-0.37
34070	-0.39
43768	-0.40
43466	-0.40
31588	-0.41
45269	-0.41
36017	-0.43
44150	-0.51
31009	-0.52
31701	-0.55
33499	-0.59
43864	-0.60
37662	-0.62
39088	-0.65
31700	-0.65
43573	-0.65
34420	-0.66
33105	-0.66
35119	-0.67
42291	-0.69
38208	-0.73
37798	-0.74
45827	-0.74
33386	-0.77
39251	-0.77
34256	-0.79
31176	-0.80
32700	-0.85
37922	-0.86
37618	-0.86
43183	-0.87
47218	-0.90
35288	-0.91
37235	-0.92
34595	-0.95
36288	-0.97
41183	-0.99
40451	-1.00
37292	-1.02
41432	-1.06
44291	-1.06
34329	-1.07
32595	-1.10
32007	-1.11
38983	-1.17
37628	-1.19
43577	-1.22
43739	-1.29
43447	-1.29
39396	-1.36
32635	-1.37
43829	-1.39
33986	-1.65
32545	-1.69
33373	-1.72
37804	-1.77
31228	-1.79
32789	-1.82
35728	-1.85
33351	-1.91
38447	-1.95
31185	-2.54
