36583	6.22
32045	6.16
44326	4.88
31150	4.28
39879	4.11
48312	4.03
37587	3.94
35305	3.75
39433	3.03
33202	2.82
31760	2.78
40607	2.47
31838	2.39
36288	2.37
40848	2.36
34885	2.24
42291	2.22
32007	2.20
31228	2.19
42029	2.18
33373	2.11
37922	1.93
35886	1.88
37662	1.79
40388	1.76
44261	1.76
31176	1.66
41432	1.64
41703	1.64
31185	1.62
43447	1.61
43183	1.59
36617	1.58
32545	1.52
37356	1.50
42649	1.42
36887	1.39
36308	1.37
34256	1.34
34250	1.31
41183	1.30
33351	1.25
44072	1.22
43278	1.20
41840	1.16
32008	1.13
38669	1.13
43829	1.12
46069	1.11
43739	1.09
44087	1.09
37290	1.02
37849	1.02
38447	0.98
44291	0.98
42502	0.97
34595	0.89
37397	0.89
33269	0.89
33499	0.85
37804	0.81
41860	0.80
39871	0.79
41845	0.77
31701	0.76
45827	0.74
33386	0.72
34392	0.71
37476	0.71
31052	0.70
38456	0.65
40232	0.65
37798	0.60
43736	0.56
35728	0.55
46058	0.54
42832	0.54
32133	0.53
36390	0.53
37894	0.51
32595	0.47
31215	0.47
36017	0.44
42971	0.42
46201	0.40
33112	0.37
44637	0.36
42453	0.33
35796	0.33
42946	0.24
42126	0.22
31564	0.21
34924	0.21
35679	0.21
33986	0.18
41965	0.17
37430	0.15
41550	0.10
35287	0.04
40972	0.02
39429	-0.02
36018	-0.02
34794	-0.13
32789	-0.21
40973	-0.23
42828	-0.24
33487	-0.28
33105	-0.29
46326	-0.30
37235	-0.33
47121	-0.34
43577	-0.35
32100	-0.40
37355	-0.41
39014	-0.46
34726	-0.46
41942	-0.48
39396	-0.48
31166	-0.48
37618	-0.49
41181	-0.52
34309	-0.55
43709	-0.56
41844	-0.57
35119	-0.58
39251	-0.62
35001	-0.63
39340	-0.64
34411	-0.67
45269	-0.68
37841	-0.68
34070	-0.73
43466	-0.80
35422	-0.81
31139	-0.82
38208	-0.82
31009	-0.83
38515	-0.83
33118	-0.83
31022	-0.86
31106	-0.86
43517	-0.88
42464	-0.89
35970	-0.90
31144	-0.92
39484	-1.01
40451	-1.02
37628	-1.05
33629	-1.07
35288	-1.09
43229	-1.12
47218	-1.14
43864	-1.19
38983	-1.20
43573	-1.22
34352	-1.23
32635	-1.23
31521	-1.26
32700	-1.27
34420	-1.33
31700	-1.49
39088	-1.52
34504	-1.56
33710	-1.68
44150	-1.69
34329	-1.74
47219	-1.80
41347	-1.82
33835	-1.83
33235	-1.84
35340	-1.90
32221	-1.98
43768	-1.99
31588	-1.99
37292	-2.09
34842	-2.31
34419	-2.45
3354994	-2.55
