32045	11.25
33202	6.24
36508	6.22
31760	5.03
31838	4.91
37587	4.87
34885	4.85
36308	4.74
44326	4.46
36617	4.44
44261	4.36
35305	4.28
33373	4.19
42649	4.04
35886	3.99
39879	3.95
36288	3.89
43829	3.88
39433	3.59
41840	3.54
32133	3.49
42029	3.37
31150	3.34
31215	3.27
32595	3.27
43183	3.25
34256	3.06
32545	3.03
37922	3.01
35422	2.98
37894	2.94
33351	2.82
44072	2.78
38669	2.69
40848	2.64
41550	2.64
37662	2.60
40972	2.58
41181	2.34
40388	2.29
37804	2.27
40607	2.24
45827	2.22
32007	2.19
33986	2.02
31701	2.01
38447	1.91
31185	1.90
44291	1.72
42832	1.56
32008	1.55
43768	1.52
42291	1.51
41347	1.50
31022	1.39
33386	1.32
43736	1.30
44087	1.30
40451	1.29
32700	1.29
38456	1.27
40973	1.27
37397	1.25
34392	1.24
43864	1.22
41844	1.09
37798	1.09
36887	1.03
43709	0.96
31052	0.95
38208	0.94
34329	0.93
35728	0.91
42828	0.90
44637	0.86
37849	0.83
39396	0.81
42502	0.79
33835	0.79
39871	0.76
43447	0.76
34595	0.74
43577	0.73
41860	0.64
33112	0.62
39484	0.60
48312	0.57
36390	0.56
37618	0.50
31106	0.50
34924	0.49
46058	0.49
46069	0.48
46201	0.48
42946	0.47
31144	0.46
35679	0.46
31521	0.46
38515	0.44
31228	0.44
39340	0.43
33499	0.40
34070	0.39
31588	0.35
41845	0.35
33105	0.34
34352	0.28
42126	0.26
37355	0.25
34309	0.24
33269	0.23
31176	0.22
31166	0.20
33118	0.18
47121	0.18
36018	0.12
3354994	0.11
41432	0.07
43739	0.06
31564	0.05
35287	0.03
35119	-0.01
47218	-0.04
33710	-0.05
40232	-0.08
37290	-0.12
32100	-0.12
35340	-0.15
37628	-0.16
43466	-0.20
37235	-0.21
34419	-0.22
34420	-0.22
32789	-0.25
43573	-0.26
43229	-0.30
34250	-0.33
39014	-0.34
35288	-0.37
39429	-0.38
41183	-0.38
37356	-0.40
37430	-0.41
45269	-0.41
31700	-0.42
38983	-0.42
35796	-0.44
35970	-0.45
43278	-0.48
32635	-0.48
33235	-0.48
34726	-0.49
32221	-0.54
44150	-0.57
37292	-0.61
31009	-0.63
37476	-0.66
39251	-0.67
31139	-0.69
41703	-0.69
34794	-0.74
33487	-0.79
34842	-1.00
42464	-1.07
37841	-1.07
39088	-1.13
33629	-1.19
34411	-1.29
35001	-1.35
41942	-1.42
36017	-1.42
41965	-1.48
34504	-1.52
46326	-1.52
42971	-1.68
43517	-1.73
47219	-1.75
42453	-2.21
