37662	7.94
44087	7.52
46201	7.14
31701	6.99
37397	6.72
39871	6.67
42502	6.65
33112	6.47
35305	6.38
36288	4.73
37798	4.54
36583	4.44
31052	4.10
39433	4.10
41860	4.03
44261	3.89
32045	3.30
41181	3.30
33269	3.24
31176	3.16
31838	2.77
42649	2.74
33118	2.67
40973	2.57
40607	2.57
33202	2.54
36887	2.52
35679	2.40
39879	2.36
34885	2.29
35288	2.14
44637	2.07
40972	1.97
36308	1.96
35422	1.91
33986	1.89
33235	1.87
45827	1.87
35001	1.79
41347	1.77
42029	1.71
34595	1.70
37587	1.69
44326	1.64
41703	1.59
34419	1.59
36508	1.58
34392	1.53
35119	1.45
38515	1.44
37355	1.41
48312	1.31
42946	1.22
42453	1.20
43864	1.17
37628	1.13
31588	1.11
34309	1.08
43278	1.07
34352	1.06
40451	1.06
31215	1.05
33487	1.05
43768	1.03
35796	1.02
35340	1.01
37922	0.97
3354994	0.93
34420	0.92
44150	0.91
43466	0.88
37356	0.87
37894	0.82
39484	0.82
32595	0.77
41840	0.73
32100	0.72
39014	0.71
31022	0.70
31106	0.69
44072	0.67
32700	0.65
39429	0.63
32008	0.62
33835	0.60
43829	0.59
33710	0.58
41942	0.56
42464	0.53
34842	0.51
47121	0.51
46326	0.47
31700	0.47
39088	0.46
33629	0.45
34329	0.44
39340	0.43
37430	0.37
37849	0.37
37292	0.36
38983	0.35
31009	0.33
34070	0.31
38208	0.31
36390	0.30
35886	0.30
31228	0.27
37476	0.27
43709	0.24
37235	0.24
32635	0.23
47218	0.22
34256	0.19
33373	0.17
37290	0.13
32133	0.11
37618	0.07
31564	0.03
43573	0.00
38669	-0.02
34794	-0.03
33499	-0.05
40388	-0.06
42126	-0.06
33105	-0.07
36017	-0.12
31139	-0.14
35287	-0.20
41965	-0.23
32221	-0.28
41550	-0.32
37804	-0.36
34924	-0.45
32007	-0.47
43183	-0.47
34726	-0.47
31760	-0.51
31150	-0.58
31185	-0.63
38456	-0.63
43229	-0.65
43739	-0.69
41183	-0.71
44291	-0.75
39396	-0.77
42828	-0.78
42832	-0.78
41844	-0.81
43577	-0.83
43517	-0.85
40232	-0.91
34250	-0.95
38447	-1.08
43736	-1.12
31144	-1.16
46069	-1.17
41845	-1.20
34411	-1.20
41432	-1.21
33386	-1.26
34504	-1.28
32545	-1.34
47219	-1.37
43447	-1.39
31166	-1.46
37841	-1.54
42971	-1.61
32789	-1.68
42291	-1.68
35728	-1.68
45269	-1.91
31521	-2.04
33351	-2.12
35970	-2.13
46058	-2.51
40848	-2.52
39251	-2.85
36018	-2.93
