35679	8.24
43278	7.89
40973	7.74
41703	7.49
34794	6.88
35796	6.43
33499	6.30
31052	6.28
36017	6.21
37290	5.90
44637	5.60
42453	5.29
34392	5.14
41860	4.96
35305	4.89
40607	4.87
39014	4.83
40972	4.59
35119	4.53
47121	4.33
34504	3.73
34595	3.71
36288	3.63
34411	3.51
41844	3.36
33269	3.34
46326	3.34
42649	3.34
42502	3.21
43517	3.02
37476	3.01
38515	2.91
38669	2.90
43577	2.89
39879	2.83
44326	2.81
44072	2.78
37397	2.77
43229	2.73
40388	2.72
35288	2.69
31701	2.63
44087	2.61
31838	2.56
33105	2.54
35287	2.54
39433	2.52
36617	2.52
37894	2.48
33202	2.46
42828	2.35
43466	2.31
42029	2.28
35001	2.28
37662	2.23
34842	2.17
37587	2.16
36308	2.08
32595	2.05
37798	1.94
34924	1.92
36390	1.92
42126	1.85
31176	1.83
32045	1.82
34250	1.78
41965	1.78
36018	1.60
39871	1.59
39429	1.59
33112	1.56
31150	1.50
36508	1.39
48312	1.31
34309	1.16
31139	1.15
39340	1.15
37922	1.13
42946	1.07
41942	1.07
43739	1.03
36583	1.03
33986	1.02
40232	0.97
31228	0.89
45269	0.88
37804	0.83
37841	0.83
34256	0.83
42971	0.80
34885	0.74
46201	0.71
35886	0.67
37235	0.59
40848	0.55
32789	0.47
31215	0.43
37618	0.43
45827	0.40
33373	0.38
34726	0.32
38456	0.26
32008	0.25
43864	0.21
33235	0.19
37355	0.18
44261	0.17
43829	0.15
31185	0.15
37356	0.15
46058	0.13
37849	0.08
33710	0.04
43768	0.04
32007	-0.03
31521	-0.07
41183	-0.11
44291	-0.11
41840	-0.13
34419	-0.19
3354994	-0.26
43736	-0.27
39088	-0.29
47218	-0.30
37628	-0.31
37430	-0.32
39396	-0.34
32545	-0.35
40451	-0.37
43447	-0.39
39251	-0.42
35728	-0.42
37292	-0.45
33835	-0.46
34420	-0.46
31009	-0.48
43573	-0.49
41845	-0.49
31564	-0.50
46069	-0.51
33487	-0.52
31760	-0.54
41181	-0.54
39484	-0.60
31166	-0.60
34329	-0.61
38208	-0.62
35340	-0.62
38983	-0.63
32635	-0.64
42291	-0.64
42464	-0.67
31588	-0.68
31106	-0.70
38447	-0.70
35422	-0.74
33629	-0.75
41432	-0.75
34352	-0.82
33351	-0.89
34070	-0.90
47219	-0.91
33118	-0.91
44150	-0.92
32133	-0.96
41347	-1.08
31022	-1.11
32700	-1.16
43709	-1.17
43183	-1.27
33386	-1.32
35970	-1.35
31700	-1.47
32221	-1.54
32100	-1.71
31144	-1.96
42832	-1.99
41550	-2.00
