38983	18.31
37292	18.13
39088	18.13
43573	17.92
31009	17.34
34352	15.99
32635	15.88
33487	15.30
37430	15.23
32700	15.10
37628	15.07
39484	14.97
31700	14.85
34420	14.77
34329	14.61
33629	14.22
31588	14.19
42464	13.53
34309	13.35
34070	13.27
44150	13.20
47219	13.00
47218	12.99
38208	12.98
43864	12.71
40451	11.92
31106	11.59
37849	11.40
34419	9.46
31022	9.44
43768	8.83
33710	8.53
33835	8.52
43739	7.46
41347	6.98
35422	6.77
37798	6.04
45827	5.25
32595	4.25
33118	4.21
39251	4.19
37922	4.04
37397	3.92
37662	3.88
32789	3.36
31176	3.30
46069	3.19
46058	3.09
48312	2.78
31228	2.76
36018	2.61
41432	2.38
45269	2.37
37841	2.23
44072	2.11
31521	2.04
41965	1.99
33986	1.99
41840	1.95
41845	1.90
41860	1.83
31760	1.83
42291	1.78
42649	1.78
31838	1.72
37804	1.60
43229	1.55
35728	1.52
44087	1.51
31150	1.51
37355	1.48
36288	1.44
33373	1.44
38447	1.40
39433	1.39
35288	1.38
33112	1.31
36308	1.26
41844	1.22
42029	1.21
3354994	1.20
33269	1.16
40848	1.14
31701	1.11
32007	1.06
44291	1.06
39879	1.02
32545	1.01
32045	0.98
39014	0.97
35305	0.96
37290	0.89
33351	0.85
43829	0.81
39396	0.80
42971	0.80
32100	0.77
37618	0.72
44326	0.65
38669	0.63
32133	0.62
41183	0.59
36887	0.59
35970	0.48
33105	0.47
35796	0.46
43183	0.45
34256	0.39
33499	0.38
43736	0.36
38456	0.30
40973	0.28
34411	0.28
36617	0.24
39340	0.24
31185	0.22
39429	0.17
42832	0.10
42502	0.08
36017	0.00
37356	-0.01
43447	-0.01
41550	-0.02
43577	-0.03
43709	-0.06
42828	-0.08
31166	-0.09
38515	-0.16
34842	-0.19
36583	-0.21
46201	-0.23
33235	-0.24
33202	-0.25
40232	-0.27
32008	-0.29
36508	-0.33
41942	-0.35
34794	-0.37
44637	-0.37
34250	-0.37
35119	-0.38
35886	-0.41
41181	-0.42
31215	-0.43
34726	-0.45
39871	-0.48
33386	-0.52
34504	-0.52
43466	-0.56
44261	-0.58
34595	-0.60
35287	-0.62
43278	-0.68
40388	-0.68
37894	-0.69
31139	-0.75
34392	-0.77
47121	-0.80
31564	-0.90
36390	-0.92
42946	-0.93
31052	-0.94
41703	-0.95
40607	-1.08
40972	-1.08
43517	-1.17
34924	-1.22
42453	-1.22
34885	-1.24
46326	-1.27
32221	-1.27
42126	-1.36
35679	-1.41
35340	-1.42
37476	-1.43
37587	-1.53
35001	-1.78
31144	-2.93
