39014	14.34
40973	13.87
33499	11.81
34392	11.44
35679	9.98
43278	9.80
41703	9.20
47121	8.42
42453	7.53
34411	6.93
43229	6.16
39340	6.12
34924	5.92
36887	5.90
41860	5.83
44637	5.68
38515	5.49
36017	5.30
34504	5.16
34794	5.12
31052	5.10
34250	4.72
34595	4.47
40232	4.30
41844	4.29
44072	4.22
43466	4.21
37841	4.13
40972	3.93
42971	3.92
37618	3.90
38669	3.84
35119	3.75
43517	3.33
39879	3.24
39433	3.19
43739	3.10
35796	2.97
39429	2.95
42649	2.91
42946	2.81
37662	2.58
36308	2.51
42029	2.48
36288	2.48
32595	2.47
40388	2.42
41965	2.37
33202	2.36
35001	2.29
44326	2.26
37587	2.23
31139	2.19
46058	2.15
35287	2.11
46326	2.06
36018	1.98
35288	1.92
31838	1.88
37397	1.88
42126	1.86
45269	1.71
33105	1.70
37476	1.66
31521	1.64
39484	1.64
35305	1.59
41432	1.56
42828	1.55
33629	1.51
34352	1.42
34329	1.39
34842	1.34
32635	1.31
32700	1.24
42291	1.22
36390	1.17
46069	1.16
36508	1.02
38208	0.96
38983	0.96
40848	0.94
32008	0.94
41183	0.94
37894	0.93
40607	0.92
43573	0.90
37235	0.89
33986	0.82
37798	0.82
31106	0.79
34070	0.79
41845	0.79
31150	0.79
43829	0.75
31760	0.72
34309	0.72
32133	0.71
45827	0.68
37922	0.68
34420	0.66
32789	0.62
32007	0.61
31588	0.58
42464	0.57
31701	0.55
43768	0.53
33373	0.52
33386	0.50
39088	0.49
43577	0.49
41347	0.44
42502	0.42
37355	0.42
37292	0.39
43864	0.38
33269	0.38
37804	0.34
43183	0.33
41550	0.32
35886	0.30
34256	0.30
35728	0.29
35422	0.27
32045	0.22
31185	0.17
33112	0.14
36617	0.13
38456	0.10
37430	0.08
41840	0.08
31215	0.07
31700	0.07
31166	0.04
39871	0.01
43736	0.00
48312	0.00
37628	-0.01
40451	-0.04
44291	-0.10
44150	-0.10
37356	-0.10
36583	-0.12
32545	-0.12
43447	-0.14
33487	-0.18
31228	-0.22
41942	-0.23
32100	-0.24
47219	-0.27
47218	-0.30
31176	-0.30
33351	-0.32
39251	-0.33
37849	-0.34
33710	-0.35
31564	-0.35
31009	-0.35
34885	-0.42
44261	-0.56
34726	-0.60
34419	-0.61
31022	-0.63
38447	-0.64
41181	-0.68
33835	-0.72
46201	-0.75
31144	-0.89
39396	-0.91
33235	-0.92
42832	-0.97
44087	-1.01
32221	-1.04
35970	-1.07
3354994	-1.55
33118	-1.59
35340	-1.74
43709	-1.84
