37235	18.13
31009	18.13
38983	17.41
39088	17.38
43573	16.15
37628	15.47
33629	15.04
44150	14.27
34329	14.25
33487	13.89
32635	13.86
31700	13.30
31588	13.20
34352	13.10
34420	12.72
37430	12.68
47219	12.65
42464	12.65
47218	12.49
32700	12.41
39484	12.03
43864	12.02
34070	10.65
38208	10.44
34309	9.67
37849	9.54
34419	9.32
31106	8.96
40451	8.95
43768	8.56
33710	8.55
31022	7.65
33835	7.23
41347	7.15
35422	6.39
43739	6.35
37798	5.21
39251	4.06
45827	4.02
32595	3.83
37662	3.53
33118	3.52
37922	3.35
37397	3.06
32789	2.88
36018	2.81
46058	2.80
41965	2.75
37841	2.68
31228	2.51
48312	2.50
45269	2.41
37804	2.15
41432	2.12
46069	2.11
36288	1.93
33986	1.88
41840	1.87
31176	1.86
43229	1.85
41860	1.79
44072	1.59
39433	1.50
44087	1.47
42649	1.45
36308	1.29
31701	1.29
3354994	1.29
33269	1.28
31838	1.27
41845	1.24
42291	1.21
44291	1.18
35288	1.16
35305	1.14
31521	1.12
41844	1.10
35728	1.07
33112	1.06
33105	0.94
32100	0.88
32133	0.87
33373	0.86
31760	0.79
32045	0.76
35970	0.71
32545	0.66
43736	0.65
37355	0.64
34256	0.59
39879	0.52
38456	0.51
31150	0.51
39429	0.46
38447	0.43
37290	0.39
42828	0.38
36617	0.36
33235	0.30
33351	0.26
39014	0.23
34726	0.23
37618	0.23
44326	0.22
43829	0.20
33202	0.19
39396	0.16
34411	0.15
32007	0.14
43577	0.11
31185	0.09
32221	0.08
40848	0.07
42029	0.04
34504	0.04
31215	0.03
43709	-0.03
42502	-0.22
35886	-0.26
33499	-0.30
31564	-0.33
38669	-0.36
33386	-0.37
35340	-0.41
41183	-0.44
36887	-0.45
44261	-0.51
43466	-0.54
36017	-0.55
39340	-0.57
41550	-0.58
40973	-0.59
36583	-0.61
37894	-0.63
41181	-0.64
39871	-0.65
42971	-0.65
31166	-0.66
42832	-0.66
43183	-0.69
34842	-0.71
40388	-0.71
31139	-0.72
43447	-0.75
38515	-0.77
35796	-0.78
34250	-0.79
43278	-0.80
40972	-0.81
46201	-0.86
40232	-0.87
42946	-0.89
34595	-0.93
43517	-0.98
36390	-1.02
41942	-1.03
37356	-1.06
47121	-1.09
35287	-1.11
37587	-1.11
34794	-1.15
31052	-1.19
32008	-1.21
35119	-1.29
41703	-1.51
34392	-1.53
35679	-1.54
35001	-1.64
42126	-1.67
46326	-1.73
34924	-1.76
37476	-1.79
44637	-1.84
42453	-1.92
36508	-2.09
31144	-2.20
34885	-2.35
40607	-2.41
