37356	4.17
44637	2.28
37397	2.12
32100	2.11
31521	2.05
34924	1.91
35679	1.78
31838	1.60
37662	1.56
43466	1.55
47219	1.48
37235	1.48
35796	1.46
36617	1.41
41347	1.36
38669	1.31
35305	1.30
39433	1.25
33835	1.24
43864	1.23
47218	1.19
32008	1.17
35288	1.16
35340	1.13
40973	1.06
33235	1.02
37849	1.02
41840	1.01
43573	1.01
31009	0.97
34595	0.96
39088	0.96
32635	0.96
38983	0.96
42464	0.96
43278	0.95
34352	0.95
42029	0.95
44087	0.90
40451	0.89
31022	0.86
33499	0.84
39014	0.84
37841	0.84
40972	0.83
32700	0.76
37430	0.74
43768	0.73
34842	0.72
34329	0.70
40232	0.69
41965	0.69
31588	0.67
42971	0.65
35287	0.65
39484	0.64
37292	0.64
39871	0.62
34250	0.61
46201	0.58
35422	0.54
43577	0.53
31700	0.53
42946	0.52
34504	0.51
40848	0.50
38208	0.47
45827	0.46
37922	0.43
36017	0.43
44072	0.42
37290	0.42
37894	0.38
36308	0.36
33629	0.35
41703	0.35
44150	0.34
39429	0.33
34392	0.33
42502	0.31
46326	0.31
46058	0.30
42649	0.29
37618	0.29
42828	0.29
38515	0.28
36583	0.25
38456	0.23
31106	0.22
33487	0.21
34070	0.20
33202	0.19
36887	0.18
33112	0.17
47121	0.14
37798	0.11
34420	0.11
39340	0.10
36018	0.09
43229	0.05
31228	0.03
41550	0.01
32595	-0.03
37628	-0.03
31760	-0.03
44261	-0.04
40607	-0.06
40388	-0.07
41181	-0.08
39879	-0.08
34309	-0.10
31150	-0.12
34419	-0.12
42126	-0.15
34411	-0.22
3354994	-0.23
36390	-0.24
43709	-0.24
32133	-0.26
33118	-0.27
34794	-0.28
34726	-0.30
33986	-0.33
41860	-0.33
31564	-0.35
31176	-0.36
31185	-0.40
36508	-0.41
46069	-0.46
31139	-0.46
43517	-0.51
38447	-0.52
43447	-0.56
31052	-0.57
32221	-0.57
48312	-0.60
32789	-0.63
31215	-0.63
32045	-0.65
31166	-0.69
35886	-0.69
33710	-0.70
41844	-0.71
41942	-0.77
37587	-0.78
31144	-0.88
35119	-0.91
31701	-0.93
45269	-0.99
33105	-1.02
32545	-1.04
43739	-1.05
39396	-1.09
44326	-1.10
41183	-1.10
36288	-1.16
35970	-1.21
34256	-1.21
43736	-1.24
43829	-1.24
33373	-1.26
41845	-1.27
41432	-1.27
34885	-1.32
33386	-1.32
44291	-1.40
39251	-1.43
35728	-1.49
42832	-1.49
37804	-1.51
32007	-1.53
33351	-1.57
33269	-1.71
37476	-1.75
43183	-1.88
35001	-2.04
42453	-2.12
42291	-2.23
