37355	4.17
31521	2.31
41942	2.22
44637	2.20
40848	1.90
31185	1.75
32100	1.75
31760	1.73
42029	1.63
35340	1.63
40607	1.54
46326	1.52
36508	1.50
35796	1.50
43466	1.45
34924	1.42
34595	1.40
44261	1.37
41840	1.34
31144	1.29
42946	1.16
42971	1.14
43278	1.12
33202	1.04
34250	1.01
45827	0.97
41347	0.96
31139	0.93
40232	0.88
36617	0.87
37841	0.86
41550	0.79
38669	0.78
35886	0.78
33235	0.78
43739	0.76
41703	0.67
33373	0.67
43709	0.66
43517	0.65
34842	0.56
36390	0.56
31176	0.53
33351	0.52
37894	0.52
42828	0.51
35288	0.47
31838	0.46
34070	0.46
40973	0.45
43577	0.43
37849	0.39
35287	0.35
42649	0.34
34726	0.33
35679	0.32
36308	0.30
34309	0.29
38456	0.29
37397	0.28
39014	0.23
38208	0.22
46201	0.22
48312	0.21
32133	0.20
31215	0.19
35970	0.19
36887	0.15
34392	0.13
44072	0.10
34794	0.09
34352	0.08
37476	0.08
37587	0.07
32635	0.06
41844	0.05
34504	0.05
40972	0.04
33986	0.03
33112	0.01
33499	0.01
31022	0.00
37235	-0.01
33487	-0.02
47218	-0.03
39433	-0.04
31700	-0.04
47219	-0.05
32221	-0.06
39879	-0.08
37290	-0.10
31052	-0.10
37430	-0.11
42464	-0.11
35305	-0.13
35001	-0.13
32789	-0.13
47121	-0.15
33118	-0.15
38515	-0.15
40451	-0.16
33629	-0.17
43447	-0.18
35119	-0.20
31564	-0.21
31106	-0.21
37618	-0.22
31588	-0.22
43573	-0.25
33835	-0.26
34256	-0.26
44326	-0.30
33105	-0.31
37922	-0.31
42126	-0.31
37662	-0.32
34411	-0.33
32545	-0.34
40388	-0.36
38447	-0.37
31150	-0.40
32008	-0.40
36583	-0.40
37628	-0.42
41183	-0.43
37804	-0.43
36018	-0.44
31009	-0.44
39429	-0.44
36017	-0.44
33386	-0.45
42502	-0.46
44150	-0.49
39340	-0.55
31166	-0.55
43183	-0.56
31228	-0.57
39484	-0.61
34420	-0.63
34329	-0.67
41860	-0.71
41181	-0.72
43864	-0.73
41965	-0.77
34885	-0.83
37798	-0.84
33269	-0.86
38983	-0.88
39088	-0.89
35728	-0.89
42832	-0.89
44291	-0.92
35422	-0.98
45269	-1.01
46058	-1.05
37292	-1.06
33710	-1.08
32595	-1.09
39871	-1.10
44087	-1.11
42291	-1.11
41432	-1.11
42453	-1.17
32007	-1.24
43229	-1.28
46069	-1.29
43768	-1.32
39251	-1.40
32700	-1.40
3354994	-1.41
34419	-1.46
43829	-1.61
32045	-1.62
31701	-1.62
39396	-1.70
41845	-1.80
36288	-2.06
43736	-2.80
