37662	13.09
41860	9.32
33112	7.68
44087	7.55
42502	7.20
37798	7.01
36617	6.72
31701	6.08
31176	5.07
34309	5.02
35305	5.00
46201	4.88
40451	4.80
41347	4.64
39871	4.59
34329	4.38
36288	4.28
32635	4.27
39433	4.24
33269	4.17
33710	4.03
34070	4.01
31588	3.95
37235	3.92
37849	3.90
31106	3.78
43864	3.73
32700	3.65
38208	3.63
43768	3.63
47218	3.58
44150	3.57
39484	3.57
34352	3.55
39088	3.52
34419	3.51
34420	3.42
31022	3.38
33487	3.35
31700	3.32
45827	3.27
42464	3.27
37628	3.23
38669	3.17
31838	3.12
33835	3.09
33118	3.07
37292	3.06
44072	2.91
42649	2.88
38983	2.80
43573	2.79
47219	2.79
36887	2.77
43739	2.60
36308	2.59
42029	2.56
35422	2.55
33629	2.55
39879	2.50
37430	2.42
35288	2.42
40973	2.40
48312	2.34
41844	2.31
44261	2.20
35679	2.20
37355	2.12
41840	2.10
37618	2.03
31052	2.00
3354994	1.94
37290	1.88
33986	1.83
39014	1.78
31009	1.77
32595	1.75
34885	1.71
44326	1.70
32100	1.64
43229	1.59
34411	1.55
37894	1.42
38515	1.40
33499	1.34
37922	1.34
43577	1.29
36583	1.25
32045	1.21
36018	1.21
31228	1.14
41965	1.12
43278	1.08
43709	1.01
32221	0.99
46058	0.94
41942	0.91
36508	0.89
42971	0.89
34595	0.87
43466	0.86
40848	0.85
31215	0.82
34504	0.80
34392	0.77
40232	0.69
33202	0.68
35001	0.66
33105	0.63
43517	0.59
39429	0.58
46326	0.57
39340	0.54
33235	0.52
47121	0.50
32133	0.48
41183	0.47
32008	0.41
40388	0.40
42828	0.39
34794	0.36
37841	0.34
42946	0.32
34924	0.32
31521	0.32
41181	0.28
37356	0.28
34250	0.27
40607	0.22
31760	0.21
43829	0.20
41703	0.18
37476	0.17
45269	0.17
42453	0.07
31150	0.04
43183	0.02
31564	0.02
44637	0.01
34842	-0.05
31185	-0.10
37587	-0.10
36390	-0.13
35340	-0.19
34726	-0.19
35287	-0.26
42832	-0.26
35796	-0.30
44291	-0.31
31139	-0.32
46069	-0.36
32789	-0.38
31166	-0.40
38447	-0.40
32007	-0.42
31144	-0.42
39396	-0.43
33373	-0.44
40972	-0.46
37804	-0.54
36017	-0.57
34256	-0.59
41845	-0.61
35119	-0.67
35886	-0.73
41432	-0.84
35728	-1.04
43447	-1.06
43736	-1.07
33386	-1.21
35970	-1.23
42291	-1.25
41550	-1.42
39251	-1.44
42126	-1.54
33351	-1.71
32545	-1.78
38456	-2.00
