37849	17.97
33487	17.41
39088	15.87
43573	15.42
37235	15.23
38983	15.04
34420	14.91
31009	14.52
44150	14.39
42464	13.23
37292	12.68
33629	12.03
47219	11.62
34352	11.60
47218	11.53
32635	11.32
37628	11.17
31700	10.84
43864	9.86
34309	9.37
39484	9.33
34070	9.30
34419	9.21
34329	9.10
31588	9.09
31106	8.71
32700	8.49
38208	7.94
33835	7.78
40451	7.45
31022	6.54
43768	6.09
33710	5.67
41347	5.45
37798	5.11
43739	4.76
46069	4.46
48312	4.07
35422	3.67
45827	3.30
33118	3.22
31228	2.59
37397	2.42
37841	2.38
37922	2.30
41965	2.16
37662	2.14
39251	2.06
31176	2.04
32100	2.02
43229	2.01
44072	1.97
41432	1.81
32595	1.52
33986	1.46
42291	1.46
46058	1.44
32789	1.37
39879	1.34
39433	1.31
41840	1.27
41845	1.24
44087	1.16
33269	1.15
37804	1.11
40848	1.05
32133	1.03
35970	1.02
31701	1.01
3354994	0.97
36018	0.94
31760	0.91
31838	0.89
45269	0.82
35288	0.80
37355	0.74
31150	0.73
34411	0.70
36390	0.68
42649	0.68
34250	0.66
41844	0.61
33373	0.51
32007	0.50
43736	0.48
39429	0.47
42029	0.46
38669	0.39
36617	0.37
36308	0.35
33112	0.33
44291	0.32
37618	0.30
33202	0.30
39014	0.28
43466	0.27
43709	0.26
32045	0.22
38447	0.21
44261	0.16
41860	0.15
36508	0.15
44326	0.15
35305	0.14
42502	0.14
39396	0.12
36288	0.09
36017	0.09
37290	0.08
43183	0.03
33235	0.01
32545	0.01
32221	-0.02
34726	-0.04
35728	-0.06
35796	-0.06
39871	-0.07
33351	-0.10
42832	-0.10
37356	-0.11
41942	-0.11
41183	-0.11
41181	-0.14
34504	-0.19
35119	-0.21
43447	-0.23
31139	-0.24
33386	-0.24
40973	-0.25
41550	-0.26
41703	-0.26
34794	-0.31
34256	-0.31
36887	-0.32
43829	-0.36
34842	-0.37
34924	-0.39
36583	-0.41
42971	-0.42
31215	-0.42
31521	-0.44
46201	-0.45
33499	-0.47
37587	-0.48
31564	-0.50
33105	-0.55
40232	-0.56
38515	-0.63
43278	-0.64
40607	-0.74
42126	-0.75
38456	-0.76
35287	-0.79
42828	-0.82
44637	-0.82
43577	-0.86
32008	-0.88
34392	-0.88
42946	-0.90
47121	-0.91
42453	-0.93
31185	-0.95
35886	-0.96
31052	-0.99
31166	-1.01
39340	-1.03
46326	-1.04
43517	-1.10
34595	-1.18
35679	-1.21
35001	-1.35
37894	-1.40
35340	-1.47
37476	-1.67
40972	-2.04
34885	-2.14
40388	-2.23
31144	-2.63
