42453	5.29
46326	4.22
36017	3.54
37587	3.51
33269	3.51
31052	3.34
34794	3.25
36887	3.01
43577	2.92
40388	2.82
42126	2.68
35119	2.67
44326	2.66
40607	2.60
33105	2.51
33202	2.47
31701	2.30
41844	2.22
40972	2.14
41942	2.11
35288	2.09
36288	2.05
31139	2.02
42828	1.93
32595	1.79
37798	1.74
37290	1.66
39433	1.65
35679	1.57
43229	1.56
42502	1.53
34392	1.42
46201	1.40
37894	1.34
35305	1.31
43739	1.26
35287	1.24
42649	1.23
41860	1.21
37841	1.17
31176	1.14
36308	1.12
34595	1.05
42291	1.05
31760	1.03
41703	1.02
42029	1.02
41965	0.97
32100	0.93
43278	0.91
34504	0.89
33710	0.89
31150	0.87
47121	0.86
44637	0.80
40973	0.80
45269	0.78
34070	0.78
33235	0.75
37804	0.75
36508	0.71
31838	0.66
31106	0.66
35728	0.65
37922	0.63
45827	0.63
43466	0.60
44291	0.59
31022	0.58
31215	0.57
35796	0.57
35886	0.55
43447	0.53
34329	0.49
42464	0.48
41183	0.44
43736	0.40
32133	0.38
36390	0.32
43829	0.32
36617	0.27
34250	0.26
39484	0.24
40451	0.24
31185	0.23
31144	0.22
41840	0.20
32789	0.18
37397	0.17
39014	0.14
38208	0.14
33629	0.13
33499	0.12
34309	0.11
37356	0.08
31588	0.03
43768	0.02
32635	0.01
3354994	0.01
32008	0.01
35001	-0.02
31521	-0.04
34842	-0.09
34924	-0.11
31166	-0.12
38515	-0.17
39871	-0.19
33118	-0.22
32545	-0.23
37618	-0.24
33112	-0.26
34726	-0.26
38456	-0.27
31564	-0.32
34419	-0.37
36018	-0.42
42946	-0.43
31228	-0.44
33373	-0.44
38669	-0.45
44072	-0.52
41432	-0.57
34352	-0.60
36583	-0.66
39879	-0.67
35970	-0.68
47219	-0.69
39251	-0.69
40848	-0.70
33986	-0.70
43573	-0.70
31700	-0.70
48312	-0.71
33351	-0.73
41845	-0.73
32045	-0.75
42971	-0.75
44087	-0.76
38983	-0.76
34411	-0.77
41347	-0.77
32007	-0.79
35340	-0.80
44261	-0.80
43183	-0.80
41550	-0.83
47218	-0.84
46069	-0.85
35422	-0.85
39088	-0.87
46058	-0.90
43864	-0.91
34420	-0.91
44150	-0.91
37628	-1.00
39340	-1.01
33386	-1.10
42832	-1.10
37849	-1.10
40232	-1.24
33835	-1.24
43517	-1.27
39396	-1.29
38447	-1.33
41181	-1.38
37662	-1.39
39429	-1.41
37235	-1.43
34885	-1.55
32221	-1.57
43709	-1.63
32700	-1.64
37430	-1.67
37355	-1.75
37292	-1.79
33487	-1.86
34256	-2.01
31009	-2.12
