44326	11.00
43829	5.62
31228	4.98
42291	4.88
36288	4.87
36583	4.87
31150	4.77
37922	4.21
33202	4.07
36508	3.94
32045	3.90
40388	3.83
39433	3.66
37476	3.51
32595	3.27
41432	3.08
41845	3.06
42453	3.00
32007	2.81
33105	2.70
40607	2.45
41844	2.41
46069	2.40
36308	2.34
37841	2.27
43739	2.26
37290	2.23
42649	2.22
37894	2.22
36887	2.16
42828	2.16
31215	2.05
34794	2.01
39879	1.91
33373	1.87
32545	1.87
42832	1.82
31701	1.82
42029	1.76
31760	1.74
35305	1.71
36617	1.69
34392	1.68
44637	1.52
43768	1.47
41860	1.41
31052	1.40
31022	1.39
31838	1.38
37798	1.37
45827	1.33
33499	1.31
38447	1.31
35886	1.27
42502	1.20
44072	1.11
41703	1.10
40972	1.10
43278	1.10
39484	1.09
38208	1.06
43229	1.06
34885	0.99
41550	0.99
36017	0.98
34352	0.94
41840	0.91
34309	0.91
34070	0.91
35119	0.91
35422	0.90
32008	0.90
43447	0.89
44261	0.89
33629	0.88
33269	0.88
33351	0.87
42946	0.86
45269	0.84
40848	0.82
34420	0.82
37804	0.79
39014	0.79
42464	0.79
47121	0.79
43736	0.78
33386	0.75
31588	0.74
44291	0.72
39871	0.70
32133	0.69
41965	0.68
34256	0.67
31144	0.66
31106	0.66
40973	0.63
41183	0.62
34419	0.61
31521	0.60
46201	0.59
35728	0.55
32789	0.54
36390	0.54
40451	0.50
35679	0.42
40232	0.42
34411	0.37
35796	0.37
41347	0.35
38669	0.32
34329	0.29
34250	0.28
43183	0.27
44150	0.24
42126	0.23
31166	0.19
36018	0.18
35287	0.15
39340	0.10
31185	0.10
35001	0.09
37356	0.07
43466	0.06
34595	0.04
34504	0.03
31176	0.02
37849	-0.04
33710	-0.06
32635	-0.08
43864	-0.08
41181	-0.09
37397	-0.10
44087	-0.12
34726	-0.13
31700	-0.14
35288	-0.15
34924	-0.16
31139	-0.17
33235	-0.20
31564	-0.21
38983	-0.27
32700	-0.29
33112	-0.31
37662	-0.37
39088	-0.37
38515	-0.38
35970	-0.40
41942	-0.43
33986	-0.45
39396	-0.46
37430	-0.48
46326	-0.53
33487	-0.66
42971	-0.67
39429	-0.68
46058	-0.70
43573	-0.71
43577	-0.72
31009	-0.76
37355	-0.78
43709	-0.84
38456	-0.84
33118	-0.88
37618	-0.89
3354994	-0.90
32221	-1.06
34842	-1.11
37292	-1.11
43517	-1.16
37628	-1.21
47218	-1.22
33835	-1.41
39251	-1.43
37235	-1.53
48312	-1.56
32100	-1.68
35340	-1.80
47219	-2.10
