39340	14.36
40232	10.43
42971	8.89
38515	8.36
43466	7.94
42946	7.82
34411	7.35
35288	7.11
39429	6.23
31139	6.01
47121	4.76
40973	4.67
34250	4.62
43517	4.61
34924	4.25
39014	4.13
37290	3.90
33499	3.85
35679	3.51
34504	3.45
34392	3.04
35001	2.71
41860	2.55
42126	2.49
35119	2.40
34595	2.29
35287	2.27
38669	2.20
44637	2.16
37397	2.03
42453	1.84
43278	1.79
46326	1.66
43229	1.61
37662	1.56
41703	1.55
41844	1.53
32595	1.51
31052	1.49
34842	1.41
31166	1.17
41942	1.15
31521	1.13
32008	1.12
33351	1.12
33986	1.09
39484	1.06
34070	1.05
32700	1.02
32789	1.02
31144	1.00
42291	1.00
37804	0.99
40607	0.98
41347	0.93
42649	0.88
36288	0.88
43183	0.87
34329	0.86
31106	0.85
31838	0.84
43768	0.81
47218	0.79
43739	0.78
43829	0.78
35728	0.77
31185	0.76
37798	0.75
31022	0.74
31760	0.73
37235	0.72
37841	0.72
38983	0.70
44087	0.67
36018	0.66
36308	0.65
44072	0.64
37628	0.63
46069	0.62
37922	0.56
31228	0.55
43864	0.54
40451	0.54
41550	0.52
43573	0.51
37849	0.51
36583	0.50
34309	0.46
32007	0.45
41845	0.44
31588	0.44
36887	0.43
33118	0.40
35422	0.39
45269	0.39
38208	0.36
46201	0.36
44150	0.35
41432	0.35
32100	0.35
34794	0.33
37430	0.30
34352	0.30
37355	0.29
34885	0.28
38447	0.28
33710	0.27
31701	0.26
33487	0.25
42029	0.25
43447	0.24
37292	0.23
35340	0.22
39088	0.22
35796	0.22
46058	0.21
31700	0.18
40848	0.17
33373	0.16
36017	0.16
33105	0.14
39433	0.14
34256	0.14
42832	0.11
41183	0.08
36617	0.07
32635	0.07
35305	0.05
34420	0.02
44261	0.01
33386	0.01
33269	-0.00
42464	-0.03
32545	-0.06
44291	-0.06
33112	-0.06
34726	-0.08
32133	-0.08
44326	-0.10
47219	-0.16
33629	-0.17
33235	-0.19
31009	-0.19
39871	-0.20
34419	-0.22
39396	-0.22
32221	-0.22
37356	-0.22
39251	-0.23
33835	-0.23
42502	-0.23
32045	-0.24
37476	-0.24
31176	-0.24
35886	-0.26
40388	-0.26
40972	-0.29
37894	-0.29
41965	-0.32
42828	-0.34
31150	-0.35
33202	-0.38
39879	-0.38
41840	-0.38
48312	-0.46
43709	-0.48
36508	-0.49
43736	-0.61
38456	-0.79
43577	-0.82
36390	-0.86
35970	-0.86
37587	-0.89
31564	-0.97
31215	-1.06
45827	-1.16
41181	-1.22
3354994	-1.43
