31009	17.23
38983	16.53
37292	15.47
39088	15.37
33487	15.34
37235	15.07
43573	14.90
32635	14.80
34329	14.57
34420	14.25
31700	13.90
31588	13.00
44150	12.91
34309	12.78
47218	12.36
31106	12.29
40451	11.96
32700	11.92
34352	11.88
42464	11.79
47219	11.51
33629	11.37
37430	11.17
43864	10.89
34070	10.57
39484	10.36
37849	10.31
38208	9.53
43768	8.63
34419	8.54
33710	8.13
31022	6.96
41347	6.73
43739	6.72
33835	5.90
35422	5.65
37662	5.44
39251	4.89
45827	4.84
37798	4.25
32595	4.00
48312	3.95
41432	3.65
45269	3.54
31228	3.46
37397	3.23
32789	3.01
37922	2.98
46058	2.96
36018	2.67
33118	2.66
46069	2.61
31176	2.59
37841	2.56
41860	2.49
42291	2.32
33986	2.32
44087	2.29
36308	2.24
42649	2.21
37804	2.17
31150	1.99
35305	1.98
39433	1.90
41845	1.89
33269	1.85
32045	1.76
33112	1.74
36288	1.69
41965	1.62
31838	1.58
33105	1.38
35728	1.38
44072	1.37
41840	1.35
38447	1.26
31701	1.24
44326	1.19
42029	1.15
34256	1.14
36617	1.13
32133	1.01
31760	0.99
31185	0.97
43229	0.96
35288	0.93
39879	0.86
32545	0.80
32007	0.79
37618	0.63
31521	0.62
43183	0.62
40848	0.59
39396	0.55
43447	0.53
33351	0.48
41844	0.46
44291	0.43
38669	0.41
43577	0.40
34504	0.39
33373	0.38
43829	0.32
43736	0.23
39429	0.22
42502	0.21
34411	0.21
33499	0.18
36017	0.12
35886	0.11
38456	0.09
46201	0.07
3354994	0.02
38515	0.02
33202	0.01
37290	-0.01
31215	-0.02
37355	-0.03
39871	-0.06
32100	-0.13
37894	-0.14
39340	-0.15
36583	-0.16
35970	-0.16
42828	-0.16
35796	-0.16
35340	-0.29
36887	-0.31
40973	-0.32
34250	-0.39
40232	-0.39
37356	-0.42
34726	-0.44
39014	-0.45
46326	-0.49
41183	-0.49
33386	-0.52
31139	-0.54
42832	-0.57
33235	-0.58
43278	-0.59
32008	-0.60
40972	-0.62
34794	-0.64
40388	-0.67
44261	-0.72
31564	-0.72
31166	-0.74
42971	-0.77
32221	-0.82
43709	-0.82
43466	-0.90
35001	-0.93
31052	-0.94
34885	-0.94
43517	-0.97
35119	-1.00
37476	-1.00
41703	-1.01
41942	-1.01
34595	-1.02
36508	-1.05
41550	-1.07
42946	-1.09
34842	-1.15
36390	-1.19
35287	-1.19
37587	-1.21
31144	-1.27
41181	-1.33
40607	-1.40
34392	-1.41
44637	-1.53
47121	-1.64
35679	-1.78
42126	-1.81
34924	-2.09
42453	-2.18
