37397	13.09
44087	8.45
41860	8.24
33112	8.22
36617	7.94
35305	7.49
31701	7.33
42502	6.05
34309	5.80
33269	5.46
37628	5.44
31176	5.14
32635	5.08
31106	5.05
39871	5.05
42649	4.89
36308	4.84
33487	4.68
36288	4.66
34329	4.58
31700	4.57
46201	4.36
45827	4.33
40451	4.29
31838	4.26
32045	4.24
42029	4.13
32700	4.13
31588	4.12
48312	4.09
38983	3.95
37235	3.88
39433	3.73
34352	3.69
41347	3.68
37798	3.56
34070	3.54
37292	3.53
43739	3.53
38208	3.53
39088	3.45
34420	3.28
43573	3.28
44150	3.24
38669	3.24
31009	3.21
42464	3.08
39879	2.83
47218	2.83
39484	2.80
33710	2.71
36583	2.60
37290	2.58
31150	2.47
43864	2.46
31022	2.45
34885	2.33
39014	2.27
37849	2.27
36887	2.23
38515	2.19
41840	2.16
34411	2.16
47219	2.15
43229	2.15
44261	2.14
37430	2.14
40973	2.10
33986	2.08
44072	2.04
31228	2.01
43278	2.00
44326	1.99
31052	1.96
35422	1.95
33629	1.86
33499	1.83
35679	1.81
36508	1.79
34419	1.68
43768	1.65
33118	1.61
37355	1.56
37618	1.56
39429	1.55
39340	1.54
34504	1.48
32008	1.46
34595	1.44
41965	1.39
46058	1.16
43577	1.12
31760	1.11
46326	1.01
42946	0.99
43517	0.97
35796	0.87
33835	0.76
41703	0.74
35001	0.68
42971	0.59
41181	0.58
36018	0.58
31185	0.58
47121	0.50
41432	0.48
41942	0.47
32100	0.43
43466	0.39
40972	0.39
33235	0.38
32789	0.36
32595	0.36
34392	0.33
40232	0.30
35288	0.29
37922	0.28
39396	0.26
40848	0.25
38447	0.24
37894	0.21
36017	0.19
33373	0.19
41183	0.18
41844	0.16
45269	0.14
42832	0.13
44637	0.11
3354994	0.08
32007	0.07
40388	0.05
33105	0.02
34794	0.00
41845	-0.00
42453	-0.03
34924	-0.05
34726	-0.09
37841	-0.21
31521	-0.24
34256	-0.25
35119	-0.27
42828	-0.29
37356	-0.32
37587	-0.37
33202	-0.37
43183	-0.38
46069	-0.42
39251	-0.45
35340	-0.49
31564	-0.53
34250	-0.56
31139	-0.59
36390	-0.62
31215	-0.63
42291	-0.63
37804	-0.65
31144	-0.70
35728	-0.71
38456	-0.76
43829	-0.78
43736	-0.81
33351	-0.91
31166	-0.98
32221	-1.03
34842	-1.04
43447	-1.10
32133	-1.14
40607	-1.18
32545	-1.21
35287	-1.33
37476	-1.39
42126	-1.41
35886	-1.53
41550	-1.56
44291	-1.57
33386	-1.59
43709	-1.65
35970	-2.69
