34419	7.35
34309	7.25
31701	7.21
37397	7.01
33835	6.84
34352	6.70
33710	6.66
44150	6.63
47218	6.33
34070	6.28
33118	6.12
40451	6.10
37235	6.04
43768	5.95
39484	5.93
43864	5.71
31700	5.54
38983	5.53
34329	5.49
36288	5.40
42464	5.35
41860	5.34
35422	5.30
31106	5.30
34420	5.28
31588	5.23
37292	5.21
33629	5.18
43739	5.17
45827	5.17
32635	5.16
37430	5.11
47219	5.08
43573	5.05
38208	5.01
39088	4.99
42502	4.89
32700	4.88
33487	4.61
36617	4.54
37849	4.39
37922	4.31
31176	4.25
37628	4.25
31009	4.21
33112	4.18
31022	4.07
32595	4.03
44087	4.00
35305	3.85
39871	3.83
35288	3.61
37662	3.56
41347	3.54
41840	3.49
33269	3.32
39433	3.31
38669	3.07
33986	2.81
31052	2.77
46201	2.75
31838	2.72
36308	2.58
43229	2.55
42029	2.44
44072	2.43
48312	2.42
34842	2.38
39879	2.31
42649	2.22
42453	2.09
32007	1.96
36887	1.94
41844	1.89
43829	1.85
33105	1.82
33202	1.78
37476	1.74
33373	1.73
31760	1.70
32045	1.67
32100	1.60
44326	1.57
45269	1.49
37587	1.37
40607	1.30
37841	1.28
31228	1.14
40972	1.13
34726	1.09
36583	1.09
36017	1.04
36018	1.02
35119	1.00
41845	0.99
3354994	0.98
44261	0.98
35728	0.97
34595	0.94
42291	0.91
31521	0.91
41703	0.88
34392	0.87
35679	0.87
38447	0.85
32789	0.84
39340	0.82
43577	0.82
37290	0.82
46069	0.80
43466	0.79
37618	0.75
35796	0.72
42828	0.71
46326	0.71
40973	0.69
31139	0.66
39396	0.65
32221	0.62
36508	0.60
43183	0.56
43709	0.55
33499	0.54
41181	0.53
39251	0.53
33386	0.50
40388	0.48
37894	0.44
37804	0.35
41550	0.31
46058	0.29
39014	0.28
34885	0.27
32545	0.26
38515	0.26
43447	0.24
43736	0.23
31166	0.21
34250	0.16
34504	0.14
40232	0.11
37355	0.11
35970	0.07
34256	0.03
43278	0.00
43517	-0.01
33351	-0.04
34411	-0.05
31185	-0.10
41942	-0.11
35886	-0.13
44291	-0.18
32133	-0.26
42832	-0.28
31150	-0.30
42126	-0.35
34794	-0.37
35001	-0.40
42946	-0.46
41432	-0.48
41183	-0.49
38456	-0.50
39429	-0.51
40848	-0.52
47121	-0.59
41965	-0.64
32008	-0.66
31564	-0.67
42971	-0.69
44637	-0.71
36390	-0.74
33235	-0.81
37356	-0.84
35287	-0.98
35340	-1.09
31215	-1.21
34924	-1.26
31144	-1.74
