31185	13.49
35886	10.22
33373	8.25
37922	7.82
44291	7.26
33351	7.08
35728	6.45
32545	6.13
33386	5.67
39251	5.60
34256	5.40
43183	5.07
43447	4.73
32789	4.44
33986	4.38
32595	4.15
43739	3.73
31760	3.34
38447	3.12
32045	3.01
41432	2.76
42828	2.74
42029	2.70
42291	2.56
33202	2.51
41845	2.47
31215	2.44
32133	2.43
36288	2.31
43829	2.27
36583	2.27
46058	2.20
36018	2.18
37628	2.17
37292	2.15
33105	2.15
42649	2.11
37894	1.98
45269	1.96
36308	1.96
40388	1.87
41840	1.85
35970	1.81
34329	1.81
46069	1.80
32700	1.78
40451	1.70
44326	1.68
38983	1.68
37235	1.60
39088	1.60
39879	1.59
34070	1.51
31150	1.50
34885	1.42
31228	1.38
33487	1.35
31106	1.32
34309	1.28
31009	1.24
31022	1.24
39433	1.22
31838	1.17
33499	1.17
37430	1.11
43577	1.11
43573	1.05
31166	1.03
35305	1.02
31588	1.01
42464	0.99
37618	0.99
32635	0.92
44150	0.90
43864	0.86
38456	0.86
31700	0.85
36887	0.83
36508	0.81
37587	0.79
38208	0.79
47219	0.79
37849	0.78
34352	0.77
35288	0.76
37476	0.75
41347	0.69
40973	0.65
39484	0.62
33835	0.59
31176	0.56
43768	0.55
33710	0.50
33269	0.49
33629	0.48
41550	0.44
39396	0.43
41183	0.41
47218	0.40
31139	0.36
39340	0.36
37798	0.35
37290	0.34
40607	0.33
31564	0.29
36017	0.28
34420	0.26
34392	0.25
43736	0.24
34726	0.21
48312	0.21
44261	0.19
45827	0.17
42126	0.12
35119	0.11
41703	0.04
38515	0.03
44072	0.02
37841	0.00
34794	0.00
43466	-0.04
32007	-0.04
31521	-0.05
32008	-0.12
39429	-0.17
41965	-0.21
39014	-0.22
35679	-0.29
40972	-0.31
41844	-0.31
35422	-0.31
43278	-0.34
36617	-0.36
35287	-0.36
40848	-0.41
44087	-0.41
34504	-0.43
37356	-0.43
31052	-0.43
34411	-0.46
42946	-0.50
37397	-0.54
42832	-0.54
44637	-0.56
34595	-0.58
37662	-0.65
47121	-0.69
31701	-0.76
34250	-0.80
42453	-0.83
34419	-0.85
33112	-0.86
32221	-0.87
32100	-0.88
43709	-0.89
41860	-0.94
35796	-0.94
35001	-0.95
40232	-0.99
41181	-1.01
3354994	-1.03
34924	-1.04
46326	-1.05
43229	-1.06
42971	-1.19
41942	-1.28
42502	-1.43
37355	-1.51
31144	-1.56
35340	-1.57
33235	-1.58
33118	-1.58
38669	-1.74
36390	-1.77
46201	-1.88
39871	-1.90
34842	-1.94
43517	-1.95
