37430	17.97
47218	14.58
44150	14.27
43864	14.22
34420	13.16
33487	12.20
43573	12.04
31009	11.58
37235	11.40
38983	11.30
39088	10.65
37628	10.31
42464	10.02
37292	9.54
47219	9.47
34352	9.34
43768	9.23
32635	8.98
33629	8.80
39484	8.76
31700	8.08
33835	7.83
34309	7.70
31588	7.68
31106	7.39
40451	6.87
34070	6.84
32700	6.82
34419	6.53
34329	6.48
31022	5.81
38208	5.59
33710	5.13
35422	4.94
41347	4.68
37798	4.39
40848	4.18
43739	3.97
46069	3.91
37397	3.90
37841	3.63
44072	2.96
33118	2.57
32595	2.55
48312	2.43
45827	2.42
37662	2.27
32100	2.16
39251	2.04
31176	1.78
36018	1.71
32545	1.67
37922	1.63
3354994	1.55
31228	1.49
32007	1.47
43829	1.46
45269	1.44
39879	1.30
41860	1.26
32789	1.21
41840	1.21
33105	1.21
32133	1.18
46058	1.17
41965	1.12
41432	1.09
31701	1.06
35288	1.02
36508	1.02
37355	1.02
33269	1.01
39433	0.99
33986	0.93
38669	0.91
31521	0.89
41844	0.87
44087	0.84
36583	0.83
31760	0.80
37804	0.78
34411	0.73
34250	0.73
35305	0.70
31838	0.66
42649	0.59
35728	0.58
39429	0.58
34842	0.57
41183	0.55
42502	0.52
37618	0.51
38447	0.48
42828	0.46
33351	0.45
43229	0.43
43183	0.41
37356	0.39
36617	0.37
41845	0.31
43466	0.29
42029	0.29
33112	0.24
32045	0.23
39014	0.19
37894	0.15
36887	0.08
34726	0.07
43709	0.06
33373	0.04
39871	0.03
42291	0.02
32221	-0.01
37587	-0.04
36308	-0.06
33235	-0.08
43447	-0.10
42832	-0.11
44291	-0.11
33499	-0.12
36390	-0.12
39396	-0.13
31185	-0.15
36288	-0.15
34794	-0.16
31215	-0.16
35970	-0.17
43736	-0.19
33202	-0.20
34392	-0.22
41550	-0.22
34504	-0.23
35796	-0.23
43577	-0.24
34256	-0.24
44261	-0.25
40232	-0.29
38456	-0.30
31564	-0.33
42971	-0.33
36017	-0.34
34924	-0.34
37290	-0.34
31150	-0.35
39340	-0.36
41942	-0.37
40973	-0.40
40388	-0.50
35340	-0.51
44326	-0.54
35119	-0.59
32008	-0.59
33386	-0.64
41703	-0.66
46326	-0.66
40607	-0.67
43278	-0.73
31139	-0.74
47121	-0.79
35886	-0.79
41181	-0.83
35287	-0.85
46201	-0.87
43517	-0.91
34595	-0.93
38515	-0.97
42946	-0.98
44637	-1.10
37476	-1.10
31166	-1.20
35001	-1.21
31052	-1.24
40972	-1.28
42453	-1.37
34885	-1.39
42126	-1.59
35679	-1.72
31144	-1.79
