32595	7.17
43768	6.92
41844	6.66
31521	6.37
45269	6.09
41965	5.22
44072	5.20
43864	5.14
34420	4.89
43739	4.89
36018	4.63
42649	4.58
36308	4.46
40848	4.25
37290	4.13
43229	4.12
44150	4.08
33105	3.96
46058	3.94
42464	3.79
37849	3.63
34411	3.59
43573	3.44
41860	3.41
32635	3.34
40388	3.32
33629	3.31
34392	3.31
39433	3.10
39879	3.10
42029	2.92
33487	2.83
34352	2.82
38983	2.78
31838	2.73
37292	2.68
33202	2.67
37628	2.56
42828	2.49
37894	2.47
31700	2.46
47218	2.42
37430	2.38
34329	2.37
37587	2.27
39484	2.23
37235	2.23
32700	2.21
39088	2.06
46069	1.97
35422	1.95
33710	1.85
40972	1.84
34504	1.82
33235	1.78
31228	1.77
39014	1.73
31144	1.63
39251	1.62
31009	1.61
31588	1.54
39340	1.52
41840	1.50
31760	1.47
41942	1.45
31106	1.39
36288	1.37
36017	1.32
37798	1.28
38208	1.26
41432	1.25
47121	1.21
34309	1.19
37476	1.17
34070	1.16
32133	1.13
38669	1.08
33499	1.05
40232	1.04
47219	1.01
41181	0.95
37922	0.95
41845	0.92
48312	0.92
34419	0.92
43829	0.90
32008	0.89
44326	0.87
36390	0.87
37356	0.86
37355	0.84
32545	0.83
36887	0.83
31215	0.79
38515	0.79
42291	0.77
31150	0.74
32100	0.72
32789	0.72
37618	0.72
31022	0.71
33269	0.67
32221	0.64
33835	0.62
39429	0.59
35679	0.55
40973	0.54
35305	0.52
44291	0.52
40451	0.51
42502	0.51
35287	0.50
43466	0.46
46201	0.44
35728	0.43
31176	0.40
33112	0.40
34924	0.38
32007	0.38
37397	0.34
44637	0.28
41183	0.23
33373	0.20
34726	0.20
43278	0.18
38456	0.16
45827	0.12
31701	0.08
31564	0.03
41347	0.00
37804	0.00
42971	-0.04
31185	-0.05
41550	-0.05
41703	-0.05
33351	-0.12
3354994	-0.13
34250	-0.15
35001	-0.18
35288	-0.19
31166	-0.20
34794	-0.20
43736	-0.21
37662	-0.21
35970	-0.25
42453	-0.38
34595	-0.42
39871	-0.46
43577	-0.47
35340	-0.53
43447	-0.58
42946	-0.60
43709	-0.63
43517	-0.66
36508	-0.68
44261	-0.72
44087	-0.74
35119	-0.79
42126	-0.79
42832	-0.81
33386	-0.82
34842	-0.90
40607	-1.00
33986	-1.07
36583	-1.07
38447	-1.22
35886	-1.26
43183	-1.29
32045	-1.35
34256	-1.40
36617	-1.54
35796	-1.64
39396	-1.69
31052	-1.87
31139	-1.90
33118	-2.15
46326	-2.28
34885	-2.33
