40388	16.07
42828	14.38
33105	12.32
36018	9.86
45269	8.87
46058	8.73
39879	5.34
39433	4.76
40972	4.72
33202	4.36
31215	4.08
32133	3.40
44072	3.37
40848	3.26
36308	3.25
32595	3.12
38456	3.12
42649	2.99
40607	2.97
36583	2.94
36288	2.78
34392	2.72
41844	2.58
42029	2.55
36887	2.48
37841	2.47
31838	2.31
31521	2.31
44326	2.30
41860	2.29
31144	2.26
37922	2.25
35679	2.22
37587	2.22
35305	2.13
44261	2.07
43577	2.00
37804	1.98
31185	1.94
32545	1.78
31760	1.70
31166	1.66
43768	1.64
40973	1.62
31150	1.59
35287	1.51
34794	1.45
44291	1.42
37397	1.42
37476	1.34
32221	1.32
43447	1.31
33373	1.16
32045	1.16
44637	1.15
36390	1.14
35119	1.12
33986	1.09
35886	1.07
45827	1.05
32008	1.05
31052	1.04
34504	0.99
35422	0.96
34885	0.94
37290	0.93
42291	0.91
43739	0.89
38515	0.86
41840	0.86
33351	0.83
36617	0.82
33499	0.81
41703	0.80
31564	0.80
33835	0.78
31139	0.77
35728	0.71
34595	0.68
39484	0.68
34329	0.65
41942	0.64
34842	0.63
31588	0.62
31022	0.59
40451	0.55
42126	0.55
34070	0.54
33386	0.54
37356	0.52
36508	0.51
33269	0.51
39396	0.49
35340	0.48
43829	0.47
37798	0.44
48312	0.42
41183	0.42
47218	0.41
37355	0.38
38208	0.36
33235	0.35
39014	0.35
42502	0.34
38447	0.34
3354994	0.32
42453	0.32
33710	0.31
41965	0.30
32789	0.27
39340	0.26
43466	0.25
36017	0.25
43229	0.24
35796	0.24
31701	0.23
37662	0.21
38669	0.20
43864	0.19
43278	0.17
34352	0.15
37849	0.15
34726	0.12
32700	0.11
31106	0.11
34411	0.07
46201	0.07
47121	0.07
41432	0.06
34256	0.05
41347	-0.00
44087	-0.03
46326	-0.04
41845	-0.04
42946	-0.05
39429	-0.08
43736	-0.08
46069	-0.08
32100	-0.09
41181	-0.10
43709	-0.10
39251	-0.12
32007	-0.13
37628	-0.14
40232	-0.16
41550	-0.17
35001	-0.19
31228	-0.22
34924	-0.22
33112	-0.23
37618	-0.29
43573	-0.31
39088	-0.36
34309	-0.39
38983	-0.42
43517	-0.43
31700	-0.45
33487	-0.57
37292	-0.63
43183	-0.68
37235	-0.69
34250	-0.76
33629	-0.87
47219	-0.91
32635	-0.94
31009	-0.95
39871	-1.01
35970	-1.05
42971	-1.10
33118	-1.22
31176	-1.28
44150	-1.40
37430	-1.40
42832	-1.43
34420	-1.50
34419	-1.61
35288	-1.63
42464	-1.85
