37804	7.82
43739	7.66
32595	7.32
36288	5.50
40451	4.85
33373	4.80
32789	4.77
34070	4.70
41845	4.52
44291	4.50
32700	4.46
42291	4.40
39251	4.35
37798	4.31
38447	4.31
37587	4.21
43829	4.20
31185	4.14
44326	4.10
37235	4.04
34352	4.03
31150	3.81
33202	3.77
41432	3.77
42828	3.71
39879	3.70
45827	3.69
34420	3.64
31228	3.64
34309	3.60
42464	3.55
44150	3.53
31760	3.52
38983	3.49
39088	3.47
32045	3.40
31700	3.39
45269	3.38
35886	3.36
37292	3.35
31106	3.35
32635	3.35
34329	3.20
32545	3.20
31588	3.18
33629	3.17
31009	3.16
33710	3.15
43864	3.15
38208	3.10
46069	3.05
36583	3.01
33986	3.00
37628	2.98
43573	2.97
34256	2.95
35728	2.92
39484	2.91
33351	2.87
44072	2.83
42029	2.83
33835	2.82
36018	2.82
31838	2.82
44261	2.80
32007	2.70
46058	2.69
47219	2.62
42649	2.61
36308	2.60
40388	2.57
33386	2.50
41840	2.47
35305	2.44
35422	2.43
43768	2.34
37430	2.30
33487	2.30
37894	2.25
31215	2.20
31176	2.04
39433	2.03
33105	2.00
43447	1.97
31022	1.95
36508	1.93
43183	1.91
43229	1.83
40607	1.77
41860	1.67
37849	1.63
34419	1.62
35970	1.58
33499	1.56
41347	1.46
47218	1.43
41844	1.37
37397	1.34
48312	1.29
31166	1.17
36887	1.13
31701	1.10
41965	1.07
36617	0.97
31052	0.96
37841	0.95
32133	0.93
41550	0.92
40972	0.92
34885	0.85
34411	0.81
33112	0.80
44087	0.71
31521	0.69
43736	0.69
37290	0.68
31139	0.68
42126	0.68
33269	0.63
37476	0.63
34794	0.59
35288	0.56
37618	0.56
42946	0.53
39340	0.49
35679	0.48
41181	0.46
3354994	0.45
37355	0.43
42832	0.43
36017	0.35
34726	0.33
31564	0.30
43278	0.29
37662	0.28
40232	0.26
32008	0.20
34504	0.20
35796	0.20
38515	0.17
40848	0.17
42453	0.17
35119	0.14
40973	0.09
34250	0.05
39396	0.05
43709	0.04
34392	-0.03
44637	-0.10
39429	-0.12
33118	-0.14
41183	-0.18
37356	-0.31
46326	-0.32
38456	-0.35
32221	-0.42
41703	-0.47
32100	-0.51
39014	-0.53
43466	-0.62
35287	-0.64
38669	-0.77
34595	-0.79
31144	-0.85
42971	-0.85
36390	-0.86
47121	-0.90
34924	-0.93
41942	-1.04
34842	-1.11
35001	-1.12
43577	-1.14
43517	-1.16
39871	-1.16
33235	-1.18
42502	-1.38
46201	-1.43
35340	-2.17
