34329	17.26
34070	16.89
34352	16.75
31022	15.97
39484	15.18
31588	15.01
31700	14.60
32635	14.27
31106	13.77
34309	13.16
33629	13.11
32700	13.08
37235	12.98
38983	12.91
43573	12.54
40451	12.37
42464	10.87
39088	10.83
37292	10.44
34420	10.23
31009	10.14
33487	10.04
37628	9.53
34419	9.20
41347	9.17
44150	8.75
47219	8.67
35422	8.64
47218	8.37
33835	8.02
37430	7.94
43768	6.90
43864	6.81
33710	6.63
45827	5.83
37849	5.59
43739	5.48
37798	5.01
33118	4.11
32595	3.75
37397	3.63
37662	3.53
32789	3.40
42291	3.16
37922	3.10
39433	3.09
41840	3.06
31760	3.06
31521	2.91
36308	2.74
44326	2.54
32100	2.36
36288	2.36
42029	2.29
46058	2.27
31176	2.19
41860	2.18
31215	2.18
32133	2.02
39251	2.01
33986	2.00
43183	1.97
40848	1.84
42832	1.53
31228	1.51
33112	1.50
38447	1.49
42649	1.39
33202	1.37
41845	1.37
44072	1.34
44291	1.32
33373	1.32
3354994	1.30
32045	1.29
33351	1.28
37841	1.26
36018	1.26
35728	1.25
42971	1.22
41844	1.16
41432	1.15
31838	1.11
43229	1.11
31150	1.10
31166	1.09
37587	1.06
31185	1.05
42828	1.04
46069	1.03
34504	1.01
37290	0.96
31701	0.95
32007	0.94
36583	0.94
40388	0.93
43709	0.89
35970	0.87
41550	0.86
35288	0.83
48312	0.82
32545	0.80
37804	0.79
41942	0.76
43829	0.74
43577	0.68
43736	0.67
39429	0.64
45269	0.62
40973	0.59
33386	0.54
35305	0.51
38515	0.48
37355	0.47
44261	0.45
43517	0.45
41965	0.41
44087	0.41
41183	0.39
37618	0.36
37894	0.36
43466	0.35
38669	0.34
39014	0.31
36617	0.31
33269	0.31
31139	0.28
37356	0.22
33105	0.22
34726	0.22
42946	0.15
37476	0.14
34256	0.09
34885	0.06
39879	0.05
35886	0.03
40232	0.03
33499	0.02
47121	-0.00
39396	-0.03
33235	-0.05
39871	-0.09
46326	-0.09
34794	-0.10
34411	-0.11
46201	-0.18
42502	-0.21
43278	-0.25
42126	-0.27
35001	-0.31
32008	-0.37
35287	-0.39
39340	-0.39
34392	-0.46
43447	-0.51
34250	-0.52
31144	-0.54
34595	-0.60
34924	-0.61
36887	-0.62
40607	-0.63
35119	-0.65
34842	-0.70
32221	-0.73
36390	-0.73
31052	-0.75
36508	-0.82
41181	-0.84
41703	-0.87
35679	-0.89
38456	-0.90
44637	-0.96
40972	-0.97
36017	-1.09
31564	-1.18
35796	-1.39
35340	-1.42
42453	-1.82
