41845	9.68
42291	8.48
35728	7.69
41432	6.91
33351	6.86
32789	6.68
46069	6.66
32007	6.64
43447	6.61
43829	6.24
31150	5.21
43183	5.13
39251	5.00
33386	4.68
33373	4.36
37922	4.31
42832	3.95
40451	3.86
32545	3.81
44291	3.69
31228	3.66
41550	3.45
35886	3.31
31166	3.23
37804	3.12
43739	3.08
32045	2.97
44326	2.93
33986	2.83
31185	2.51
35970	2.32
33118	2.24
45269	2.23
34309	2.21
31700	2.17
34256	2.06
31106	2.01
39396	2.00
34885	1.98
33710	1.96
36583	1.91
34070	1.84
38669	1.80
31588	1.77
32595	1.75
33835	1.75
45827	1.74
46058	1.74
40848	1.73
34329	1.69
31760	1.64
32635	1.61
32700	1.60
47218	1.54
38983	1.53
38208	1.49
43864	1.48
37235	1.40
36018	1.39
41183	1.31
37587	1.31
37628	1.26
32221	1.11
34352	1.11
34504	1.10
31022	1.09
42029	1.09
31144	1.08
36308	1.07
42828	1.04
35422	1.01
44072	0.99
36508	0.98
43768	0.98
42464	0.90
47219	0.89
33499	0.86
37798	0.85
39484	0.80
41860	0.78
47121	0.72
34420	0.72
31838	0.72
44087	0.70
41840	0.70
31176	0.68
31009	0.68
34924	0.62
37849	0.48
43573	0.45
37292	0.43
33105	0.42
34726	0.40
40232	0.36
39340	0.36
31701	0.35
33487	0.34
37894	0.34
42649	0.33
39088	0.32
33112	0.32
35796	0.29
37618	0.28
37662	0.24
37430	0.21
43736	0.21
40388	0.15
33202	0.14
31521	0.13
46326	0.11
34250	0.09
44150	0.06
43577	0.03
39879	0.02
35305	-0.00
39014	-0.04
41347	-0.06
44261	-0.15
43517	-0.17
35288	-0.19
34411	-0.19
38515	-0.21
43466	-0.21
41942	-0.25
42502	-0.28
33629	-0.30
48312	-0.32
46201	-0.33
35340	-0.35
43709	-0.36
32008	-0.36
43278	-0.37
37356	-0.37
37397	-0.40
36288	-0.45
31215	-0.50
42971	-0.51
34419	-0.52
37355	-0.52
31139	-0.58
34595	-0.59
41844	-0.61
37290	-0.64
42946	-0.67
43229	-0.68
38456	-0.70
36887	-0.70
39429	-0.72
33235	-0.78
36017	-0.80
32133	-0.81
33269	-0.85
40973	-0.90
34842	-1.02
35001	-1.04
42453	-1.07
39871	-1.08
36617	-1.08
32100	-1.14
40607	-1.16
35679	-1.18
37841	-1.22
31052	-1.31
37476	-1.33
3354994	-1.35
35119	-1.36
31564	-1.38
41703	-1.41
41181	-1.41
41965	-1.55
34794	-1.64
34392	-1.84
44637	-1.95
36390	-1.95
39433	-2.01
42126	-2.38
35287	-2.52
40972	-2.62
