40972	4.22
33105	3.61
40388	3.27
42828	3.26
37894	3.12
36308	2.96
42029	2.92
42649	2.84
40607	2.75
31760	2.64
33202	2.63
32133	2.59
39879	2.33
44291	2.30
40848	2.14
31838	2.12
36018	1.94
46058	1.75
34392	1.70
31564	1.67
43829	1.66
33351	1.57
35287	1.45
35305	1.43
39396	1.39
32008	1.31
36583	1.27
41183	1.22
31521	1.19
31166	1.18
35886	1.17
45269	1.01
31215	1.01
33235	0.97
31139	0.97
41840	0.95
39433	0.93
35679	0.91
35728	0.86
37804	0.86
35796	0.85
36288	0.85
33386	0.74
35422	0.74
44261	0.72
32545	0.72
33373	0.71
31185	0.70
32045	0.66
36508	0.65
42126	0.65
34256	0.57
35970	0.56
37292	0.51
34885	0.49
43768	0.48
35340	0.48
36390	0.41
43864	0.39
32221	0.39
39340	0.39
41942	0.38
34420	0.37
43709	0.35
34842	0.34
37235	0.30
44072	0.30
37356	0.29
43183	0.28
36887	0.26
37355	0.23
34794	0.16
37841	0.16
40973	0.13
37290	0.10
41181	0.10
40451	0.09
37628	0.09
43736	0.07
46326	0.07
39251	0.06
48312	0.06
32100	0.05
39429	0.05
33835	0.04
38515	0.03
44637	0.02
43447	-0.03
45827	-0.06
42291	-0.11
32007	-0.11
31144	-0.12
38669	-0.15
31009	-0.16
41432	-0.18
36017	-0.21
43466	-0.26
35119	-0.27
40232	-0.27
37476	-0.27
41965	-0.29
37849	-0.30
44150	-0.30
43517	-0.31
38983	-0.33
37922	-0.35
39484	-0.39
47218	-0.40
43577	-0.42
41347	-0.42
43278	-0.46
35288	-0.46
34352	-0.47
42453	-0.49
31700	-0.49
37798	-0.50
42946	-0.51
42464	-0.55
47219	-0.58
34726	-0.60
39088	-0.60
34595	-0.61
42971	-0.63
36617	-0.63
41860	-0.65
32595	-0.66
34504	-0.69
31106	-0.69
38447	-0.70
31588	-0.73
46069	-0.74
39014	-0.74
37430	-0.76
37662	-0.76
37618	-0.79
33986	-0.79
47121	-0.79
31052	-0.80
41845	-0.81
32789	-0.81
41550	-0.82
34924	-0.83
35001	-0.83
33487	-0.83
34250	-0.84
37587	-0.84
34329	-0.85
31701	-0.89
38208	-0.90
41703	-0.91
32635	-0.92
43573	-0.92
33710	-0.92
33112	-0.97
33629	-0.99
39871	-0.99
34419	-1.00
33118	-1.03
33269	-1.05
34411	-1.06
34070	-1.07
34309	-1.11
46201	-1.14
43229	-1.21
44087	-1.26
33499	-1.31
32700	-1.36
43739	-1.36
31150	-1.41
31022	-1.44
42502	-1.45
41844	-1.46
3354994	-1.54
31228	-1.92
37397	-2.00
44326	-2.12
42832	-2.60
31176	-3.22
