40232	11.64
42946	10.53
39429	9.97
43517	9.17
37618	8.36
34504	8.30
34411	8.07
39340	7.65
42971	6.76
40973	6.71
35287	6.24
39014	5.97
31139	5.52
43466	5.50
37290	5.49
35001	5.27
41703	5.04
42126	4.93
34250	4.84
47121	4.80
33499	4.75
35679	4.60
34392	4.17
34924	3.49
43278	3.48
35288	3.38
34595	3.36
44637	3.36
35119	3.24
36887	2.91
40607	2.84
46326	2.52
38669	2.43
40972	2.35
37662	2.19
41860	2.16
36308	1.86
36390	1.78
43229	1.77
33202	1.68
31166	1.66
42453	1.64
31838	1.56
34842	1.53
34794	1.50
42029	1.48
36617	1.44
35796	1.43
36017	1.41
37397	1.40
33986	1.36
43577	1.31
42649	1.30
32008	1.27
31052	1.09
41844	1.07
44261	0.90
37894	0.86
41942	0.85
41181	0.83
39484	0.80
37841	0.79
31521	0.79
34329	0.78
39871	0.77
39879	0.68
43709	0.68
44326	0.62
44072	0.62
35422	0.62
31701	0.60
46201	0.56
31144	0.53
35305	0.53
39433	0.50
32700	0.50
3354994	0.49
38208	0.48
35340	0.47
36583	0.44
41840	0.42
31760	0.42
31588	0.39
33112	0.39
41347	0.36
44087	0.36
31150	0.35
33235	0.34
42502	0.30
37355	0.28
37798	0.26
31022	0.23
34352	0.21
32595	0.19
36288	0.19
31106	0.18
32045	0.18
37922	0.17
43183	0.16
34070	0.13
43864	0.11
41845	0.09
33105	0.08
40388	0.08
34885	0.05
37804	0.03
43768	0.03
38456	0.03
37628	0.02
43573	0.02
33373	0.02
32133	0.01
33710	-0.03
42832	-0.05
42828	-0.06
41965	-0.07
34256	-0.07
34419	-0.10
36018	-0.11
31564	-0.13
43829	-0.14
33118	-0.14
43739	-0.15
37356	-0.15
41432	-0.16
37235	-0.16
33487	-0.16
37476	-0.17
32100	-0.17
40451	-0.17
41183	-0.18
34309	-0.18
38447	-0.21
42291	-0.23
35886	-0.23
41550	-0.23
46069	-0.26
31228	-0.26
33269	-0.29
38983	-0.32
40848	-0.33
33386	-0.35
33629	-0.37
37587	-0.38
39396	-0.39
31700	-0.41
43447	-0.43
35970	-0.59
48312	-0.59
31176	-0.59
42464	-0.61
31215	-0.61
33835	-0.61
31185	-0.62
32789	-0.62
37430	-0.63
32635	-0.66
45269	-0.69
34726	-0.69
47219	-0.69
32221	-0.70
32007	-0.71
46058	-0.71
39088	-0.77
37292	-0.77
35728	-0.78
36508	-0.83
47218	-0.85
37849	-0.97
43736	-1.07
32545	-1.09
34420	-1.09
31009	-1.24
33351	-1.29
44291	-1.40
39251	-1.42
44150	-1.43
45827	-1.47
