47121	7.12
44072	6.46
35679	6.35
41860	6.10
41844	5.70
35796	5.62
34924	5.16
33112	5.15
43229	5.04
43517	4.87
42502	4.78
40232	4.75
39014	4.58
42971	4.36
39340	4.18
40973	4.16
34392	4.13
31052	4.08
40607	4.03
43278	3.95
44087	3.88
37290	3.84
31838	3.59
35001	3.56
33499	3.50
46326	3.38
37662	3.24
41942	3.23
37397	3.17
35305	3.15
37798	3.07
36390	3.04
40848	3.03
36887	2.90
41703	2.87
42453	2.71
36583	2.69
34250	2.61
46201	2.57
40972	2.54
34842	2.50
43466	2.50
39429	2.50
38515	2.43
42649	2.41
33118	2.39
40451	2.34
34504	2.33
32045	2.32
35288	2.26
33235	2.23
35119	2.21
42946	2.21
37618	2.20
33835	2.13
42029	2.10
36017	2.08
35422	2.08
36308	2.05
44637	2.02
33710	2.01
31176	1.98
34595	1.98
34309	1.90
32007	1.86
43768	1.84
43864	1.82
38447	1.80
41840	1.77
33269	1.72
31701	1.67
43709	1.61
42832	1.59
34885	1.57
43739	1.55
43183	1.55
34411	1.55
39871	1.55
31139	1.46
45827	1.44
48312	1.43
34794	1.37
37355	1.31
32100	1.29
3354994	1.20
44261	1.17
41845	1.13
36508	1.13
31106	1.12
36018	1.11
46069	1.08
37841	1.08
34419	1.01
39879	0.99
43577	0.96
45269	0.94
31150	0.94
31760	0.93
37849	0.91
31588	0.90
35886	0.88
43736	0.82
44326	0.80
37356	0.78
31144	0.75
34256	0.74
47218	0.74
33373	0.73
41181	0.71
41183	0.70
31521	0.69
31700	0.64
37235	0.63
39088	0.59
31022	0.48
34329	0.46
41550	0.43
37628	0.41
37430	0.39
31166	0.38
38208	0.34
41347	0.34
32221	0.34
37587	0.32
43447	0.30
39484	0.27
32635	0.24
32008	0.24
32595	0.21
39433	0.20
37894	0.20
33351	0.18
33386	0.17
44150	0.16
46058	0.15
36288	0.12
43829	0.12
31009	0.11
34352	0.06
34070	0.00
33986	0.00
36617	-0.02
39396	-0.02
35287	-0.03
47219	-0.03
38983	-0.03
43573	-0.04
34420	-0.05
34726	-0.07
33202	-0.08
32700	-0.15
38456	-0.15
39251	-0.23
33487	-0.26
31228	-0.28
35728	-0.31
41432	-0.33
42291	-0.35
37292	-0.36
32545	-0.37
31564	-0.40
37476	-0.45
35340	-0.46
41965	-0.47
42126	-0.59
42464	-0.71
37922	-0.77
32789	-0.81
32133	-0.84
33629	-0.90
40388	-0.98
33105	-1.03
31215	-1.08
42828	-1.34
35970	-1.35
44291	-1.37
31185	-1.40
37804	-1.74
