43573	21.91
37235	18.31
34352	17.67
39088	17.46
37292	17.41
34329	16.86
37628	16.53
32635	16.25
31700	15.93
33629	15.58
34420	15.17
42464	15.14
32700	15.14
37430	15.04
47218	14.83
39484	14.77
31588	14.75
31009	14.30
33487	13.99
34070	13.78
31106	13.02
38208	12.91
47219	12.73
44150	12.48
43864	12.24
34309	12.24
40451	11.43
37849	11.30
34419	10.91
43768	9.75
33710	9.27
31022	9.27
33835	9.15
35422	8.01
41347	7.11
43739	6.55
37798	5.53
45827	5.24
32595	4.48
37662	3.95
33118	3.50
37922	3.49
31228	3.44
39251	3.40
46058	3.38
32789	3.23
46069	2.94
37397	2.80
37841	2.78
42291	2.75
41965	2.65
41860	2.55
36018	2.52
33986	2.43
31176	2.36
48312	2.12
43229	2.01
39433	1.99
41840	1.97
41432	1.95
44072	1.92
45269	1.81
32545	1.76
36308	1.74
41845	1.74
37804	1.68
31521	1.67
31150	1.62
38447	1.53
44087	1.52
35728	1.42
33112	1.41
36288	1.36
31701	1.30
31760	1.18
33269	1.17
33351	1.15
40848	1.14
44326	1.12
31838	1.08
42649	1.07
32007	1.07
35288	1.06
3354994	1.04
32100	1.02
39879	0.98
41844	0.96
37355	0.96
37290	0.96
33373	0.94
35305	0.89
42029	0.88
44291	0.77
43183	0.76
32133	0.74
32045	0.71
37618	0.70
34504	0.65
36017	0.56
39429	0.56
43829	0.54
35970	0.37
39014	0.37
33202	0.37
34411	0.36
36617	0.35
34250	0.35
43447	0.32
42832	0.29
43466	0.22
42828	0.19
41550	0.19
43736	0.18
43709	0.15
34256	0.14
35886	0.13
41183	0.06
33499	-0.01
39396	-0.03
38669	-0.03
33386	-0.07
33105	-0.07
40973	-0.18
34726	-0.21
40388	-0.22
31185	-0.23
37587	-0.27
38515	-0.32
38456	-0.33
34595	-0.35
34794	-0.35
43577	-0.35
39340	-0.40
39871	-0.41
36583	-0.42
37894	-0.42
41181	-0.49
44261	-0.50
33235	-0.51
35340	-0.51
43278	-0.56
31166	-0.59
46326	-0.62
43517	-0.63
36887	-0.63
40232	-0.64
34842	-0.65
31215	-0.65
46201	-0.66
35796	-0.66
42502	-0.74
37476	-0.76
31139	-0.79
31052	-0.82
42971	-0.83
47121	-0.86
40972	-0.86
37356	-0.88
35119	-0.91
32008	-0.91
35287	-0.94
31564	-1.03
42946	-1.04
32221	-1.10
41942	-1.12
36390	-1.17
36508	-1.20
41703	-1.25
34392	-1.38
44637	-1.52
42126	-1.63
35001	-1.64
34924	-1.70
42453	-1.76
35679	-1.83
40607	-2.04
34885	-2.10
31144	-2.42
