37290	14.34
40973	13.47
47121	11.49
33499	9.65
34392	9.11
43278	8.85
35679	8.74
41703	8.28
34411	6.18
39340	6.15
38515	5.97
34924	5.82
42453	5.73
44637	5.50
43517	5.38
39429	5.26
43229	5.03
34504	4.94
36887	4.83
31052	4.69
36017	4.63
38669	4.58
42971	4.55
43466	4.46
41844	4.46
41860	4.16
34595	4.13
37618	4.13
40232	4.05
35001	3.68
35119	3.45
42946	3.38
34794	3.10
35287	3.08
41942	3.00
34250	2.90
46326	2.72
35796	2.72
40972	2.58
44072	2.56
35288	2.43
37662	2.27
36390	2.13
42649	1.97
34842	1.88
33235	1.87
37397	1.78
37841	1.73
41965	1.64
39484	1.52
42828	1.50
42502	1.39
34352	1.30
33986	1.27
43739	1.26
31521	1.25
31139	1.23
35422	1.17
36308	1.09
41845	1.08
43864	1.08
31838	1.05
43768	1.03
46058	1.02
42029	1.01
39871	1.00
40388	1.00
37235	0.97
39879	0.95
36018	0.94
33112	0.94
32595	0.90
34070	0.86
44087	0.86
37355	0.84
33835	0.82
34309	0.79
37587	0.79
33105	0.74
36617	0.71
33202	0.70
31166	0.67
40848	0.67
35886	0.63
41432	0.62
34256	0.62
33629	0.59
39088	0.58
39433	0.57
33386	0.56
46201	0.54
31701	0.54
33373	0.52
45269	0.52
31588	0.48
36288	0.45
34329	0.44
31144	0.44
46069	0.40
32007	0.39
44150	0.37
38983	0.37
31022	0.36
34419	0.35
37894	0.35
43183	0.34
33710	0.34
42126	0.32
41183	0.31
38208	0.31
33118	0.29
43573	0.29
44326	0.28
37798	0.28
37430	0.28
32045	0.24
37356	0.23
37292	0.23
33487	0.23
40607	0.19
37849	0.19
32008	0.18
32789	0.17
42291	0.16
32100	0.15
37476	0.14
43829	0.13
31009	0.11
42464	0.08
44291	0.07
32635	0.05
31700	0.05
41840	0.04
31176	0.02
34420	0.01
35305	-0.00
47219	-0.01
40451	-0.01
38447	-0.04
41181	-0.08
35970	-0.10
32133	-0.14
47218	-0.14
43447	-0.19
32545	-0.21
42832	-0.21
37804	-0.22
32221	-0.23
34726	-0.23
33269	-0.24
32700	-0.24
34885	-0.26
31106	-0.27
31228	-0.29
31215	-0.30
44261	-0.31
35728	-0.32
31150	-0.32
36583	-0.34
31760	-0.35
41550	-0.35
45827	-0.36
31185	-0.36
41347	-0.39
39251	-0.39
37628	-0.45
36508	-0.46
43577	-0.47
33351	-0.48
3354994	-0.52
37922	-0.53
38456	-0.74
43736	-0.75
43709	-0.83
48312	-1.00
39396	-1.02
35340	-1.17
31564	-1.17
