31009	19.30
37235	18.13
43573	17.73
38983	17.46
37292	17.38
33629	16.92
37430	15.87
37628	15.37
33487	15.00
34352	14.47
32635	14.39
34420	14.03
31700	13.91
44150	13.71
42464	13.49
47219	13.49
34329	13.31
32700	13.03
31588	12.92
39484	12.62
47218	12.60
34070	12.41
31106	11.31
34309	11.12
40451	10.95
38208	10.83
43864	10.78
37849	10.65
34419	10.00
43768	8.15
31022	8.01
33710	7.97
33835	7.77
43739	6.38
41347	6.13
45827	5.86
35422	5.14
37798	4.99
32595	3.78
37397	3.52
33118	3.48
37922	3.47
37662	3.45
39251	3.13
48312	3.05
46069	2.79
31176	2.67
46058	2.57
36018	2.34
42291	2.28
33986	2.23
32789	2.22
31228	2.19
41432	2.15
37841	2.06
43229	2.01
45269	1.97
41965	1.85
32100	1.75
44072	1.74
41860	1.61
37804	1.60
39433	1.55
44087	1.54
36288	1.54
41845	1.52
36308	1.48
32133	1.47
31701	1.47
42649	1.34
33269	1.28
31838	1.22
35288	1.12
33112	0.99
41840	0.97
37355	0.96
33373	0.96
41844	0.94
3354994	0.91
39879	0.91
44291	0.91
32007	0.85
44326	0.79
35305	0.75
31521	0.71
32045	0.70
34256	0.65
44261	0.62
38669	0.59
39014	0.58
31760	0.56
37290	0.49
36617	0.46
34411	0.44
35970	0.39
40848	0.39
42029	0.39
31215	0.37
32545	0.34
38447	0.32
35728	0.28
37618	0.22
33202	0.22
43736	0.18
43709	0.17
31150	0.16
42502	0.09
34250	0.06
33499	0.04
43466	-0.07
43183	-0.08
32221	-0.09
32008	-0.11
39396	-0.14
43829	-0.14
34504	-0.15
36017	-0.18
31166	-0.18
33235	-0.20
35796	-0.25
41181	-0.26
34794	-0.26
39871	-0.27
33351	-0.27
33386	-0.27
36887	-0.29
34726	-0.30
41183	-0.31
35287	-0.34
42828	-0.34
41550	-0.35
33105	-0.35
37894	-0.36
35886	-0.36
42832	-0.37
37587	-0.37
39429	-0.44
43577	-0.46
46201	-0.47
43447	-0.48
42971	-0.48
35340	-0.54
39340	-0.54
42126	-0.56
38456	-0.60
31185	-0.63
36390	-0.65
40973	-0.71
47121	-0.73
38515	-0.77
40232	-0.80
40972	-0.83
34842	-0.83
31564	-0.83
31139	-0.85
35679	-0.87
37476	-0.87
37356	-0.89
40388	-0.91
44637	-0.94
42453	-0.94
43278	-1.00
31052	-1.08
41942	-1.09
36583	-1.13
42946	-1.18
34392	-1.22
41703	-1.23
35119	-1.29
40607	-1.43
34924	-1.46
36508	-1.52
46326	-1.54
34595	-1.61
43517	-1.61
31144	-1.63
34885	-1.98
35001	-2.04
