46058	6.94
41845	6.17
43739	6.00
44291	5.86
36018	5.73
32789	5.69
41432	5.61
37804	5.60
45269	5.50
42291	5.28
31185	5.13
38447	5.00
31009	4.91
37628	4.89
46069	4.72
35728	4.39
33351	4.38
37922	4.35
40451	4.34
37235	4.19
37292	4.06
32635	3.79
32595	3.78
43447	3.58
47219	3.51
38983	3.40
31700	3.24
47218	3.14
39088	3.13
43864	3.13
31228	3.04
32545	2.84
31588	2.73
31760	2.70
33487	2.69
34309	2.67
42464	2.67
34329	2.62
31150	2.60
35970	2.60
34420	2.51
35886	2.46
32700	2.41
43573	2.37
33373	2.36
31106	2.33
48312	2.32
33835	2.19
44150	2.14
43183	2.10
37430	2.06
42828	2.05
37849	2.04
38208	2.01
34070	1.95
33105	1.95
31022	1.90
32007	1.87
41550	1.78
43736	1.72
43829	1.67
39484	1.65
44072	1.65
37841	1.62
34352	1.61
33629	1.54
45827	1.46
33710	1.41
33386	1.38
42649	1.37
40848	1.32
40388	1.31
42832	1.30
32045	1.27
43229	1.23
41965	1.15
43768	1.15
34256	1.15
43709	1.07
36308	1.02
39396	1.00
36288	0.96
41844	0.92
44326	0.91
42029	0.87
33202	0.85
41840	0.85
31521	0.83
31838	0.69
35422	0.66
34726	0.57
34419	0.53
37798	0.53
33269	0.52
34411	0.38
41183	0.32
39879	0.31
41347	0.21
31144	0.14
38456	0.06
41860	-0.07
41942	-0.09
37894	-0.12
34885	-0.16
32133	-0.17
31176	-0.20
39340	-0.21
33986	-0.22
37618	-0.23
38669	-0.23
33118	-0.28
35288	-0.30
42971	-0.33
31166	-0.33
37290	-0.33
36017	-0.34
39014	-0.39
35305	-0.41
36887	-0.42
37662	-0.45
34794	-0.48
32221	-0.50
34504	-0.51
31564	-0.52
43278	-0.53
43577	-0.60
36508	-0.62
33499	-0.63
36583	-0.67
32008	-0.68
37476	-0.69
34924	-0.73
31139	-0.74
32100	-0.76
33235	-0.76
36390	-0.77
44087	-0.80
31215	-0.81
35340	-0.94
41703	-0.97
3354994	-0.97
41181	-0.98
33112	-0.99
34250	-1.02
31701	-1.04
40972	-1.05
35001	-1.05
47121	-1.09
35119	-1.16
39433	-1.23
39429	-1.24
40232	-1.27
43466	-1.30
40973	-1.35
46201	-1.37
42502	-1.39
37356	-1.40
46326	-1.41
38515	-1.42
37355	-1.43
37587	-1.43
37397	-1.44
43517	-1.45
44261	-1.55
31052	-1.64
39871	-1.69
42453	-1.72
42946	-1.78
34842	-1.79
40607	-1.89
35287	-1.89
35796	-1.90
42126	-1.91
34392	-1.92
34595	-1.94
44637	-2.13
35679	-2.49
36617	-2.85
