37618	14.36
40232	10.37
42971	9.46
34411	8.59
38515	7.65
42946	7.40
43466	6.41
39014	6.15
39429	6.13
37290	6.12
35288	6.01
34924	5.99
47121	5.52
40973	5.41
34392	5.08
34250	4.53
33499	4.33
38669	4.18
34504	4.01
43517	3.87
31139	3.86
35287	3.57
35679	3.35
41860	3.32
35119	3.18
32595	2.77
41844	2.73
41703	2.61
43229	2.55
44637	2.55
43278	2.51
35001	2.49
42453	2.45
42649	2.37
44072	2.35
42126	2.23
34595	2.12
40972	2.10
43829	2.02
40607	1.99
34842	1.99
31838	1.96
31052	1.75
39879	1.67
36288	1.57
37662	1.54
36308	1.53
31521	1.52
37841	1.52
41942	1.50
32008	1.46
32007	1.45
36017	1.44
42029	1.33
35796	1.30
36887	1.15
46326	1.15
33202	1.07
31166	0.98
35422	0.96
43768	0.91
43864	0.90
41347	0.88
35728	0.88
43739	0.86
37798	0.82
34794	0.82
41432	0.77
31144	0.73
33986	0.72
41183	0.71
41181	0.68
39484	0.68
33105	0.65
33112	0.63
34885	0.62
46069	0.61
37397	0.54
36018	0.52
39871	0.51
37922	0.49
36390	0.47
36617	0.43
36583	0.43
32789	0.41
38456	0.39
38447	0.36
46058	0.36
37804	0.36
31564	0.35
40388	0.35
41845	0.35
32133	0.33
32045	0.28
31588	0.27
44261	0.27
37894	0.26
33351	0.25
37235	0.24
41550	0.23
31701	0.22
45269	0.22
44150	0.20
34420	0.19
41840	0.14
42832	0.12
31215	0.11
32700	0.11
42291	0.11
37587	0.10
37355	0.10
44291	0.08
31185	0.06
44087	0.05
47218	0.05
33386	0.01
34352	-0.05
31760	-0.06
34256	-0.06
31022	-0.07
42828	-0.10
34329	-0.11
39433	-0.12
42502	-0.13
32545	-0.14
40451	-0.15
37628	-0.15
45827	-0.16
34309	-0.21
31106	-0.21
39251	-0.21
35305	-0.23
34070	-0.27
39396	-0.29
41965	-0.32
34726	-0.36
37849	-0.36
43447	-0.37
43183	-0.38
33373	-0.38
32635	-0.39
38208	-0.39
38983	-0.40
33118	-0.40
33235	-0.41
40848	-0.43
46201	-0.46
31228	-0.50
33835	-0.51
39088	-0.54
37356	-0.55
37292	-0.57
31700	-0.57
33710	-0.61
43573	-0.62
44326	-0.63
36508	-0.64
42464	-0.64
3354994	-0.68
48312	-0.70
43736	-0.77
34419	-0.78
31150	-0.79
35886	-0.88
33487	-0.90
32221	-0.90
33629	-0.92
31009	-0.93
35970	-0.94
33269	-0.98
37476	-1.01
37430	-1.03
32100	-1.04
47219	-1.08
43577	-1.12
35340	-1.14
43709	-1.35
31176	-1.49
