31166	3.35
35886	3.31
35728	3.25
33351	3.20
33386	2.88
43183	2.83
43447	2.64
33118	2.60
41432	2.39
41183	2.23
32007	2.13
42291	2.08
34256	2.03
38447	2.00
46069	1.62
43829	1.61
41845	1.50
31760	1.49
33105	1.44
45827	1.39
38456	1.39
41550	1.32
32545	1.24
34885	1.22
31185	1.20
43736	1.18
31106	1.13
34309	1.06
39251	1.00
46058	0.99
43577	0.96
31139	0.91
33373	0.82
36583	0.81
31700	0.81
37235	0.80
35288	0.80
33269	0.78
34352	0.71
40388	0.71
33487	0.71
35970	0.69
42828	0.68
33835	0.67
44291	0.65
37798	0.65
47219	0.64
34419	0.64
31009	0.63
31150	0.60
41347	0.56
37628	0.55
33710	0.54
33986	0.52
48312	0.52
32700	0.51
40451	0.50
37894	0.49
35796	0.48
47218	0.47
37804	0.43
31588	0.40
31838	0.38
45269	0.37
44261	0.33
36308	0.32
34329	0.32
42029	0.32
41840	0.32
34070	0.30
31176	0.29
37662	0.26
43517	0.24
31701	0.23
36018	0.23
32635	0.18
44326	0.18
43573	0.16
32045	0.16
37292	0.16
39484	0.15
34420	0.15
31052	0.14
44087	0.12
37430	0.12
42502	0.12
44150	0.09
37922	0.05
42126	0.02
42649	0.02
38669	-0.02
38983	-0.03
38208	-0.03
37849	-0.13
39088	-0.14
33112	-0.19
40607	-0.20
37618	-0.22
42464	-0.25
42946	-0.25
32789	-0.26
34726	-0.27
39879	-0.27
39340	-0.29
46326	-0.31
32008	-0.32
36887	-0.34
3354994	-0.34
31144	-0.35
42832	-0.37
43768	-0.38
31022	-0.39
38515	-0.39
37397	-0.43
43229	-0.44
36288	-0.45
37587	-0.46
43864	-0.47
43709	-0.47
36508	-0.48
33499	-0.50
36017	-0.54
39871	-0.56
32221	-0.62
33629	-0.66
34504	-0.67
33202	-0.67
41844	-0.68
34842	-0.69
44072	-0.71
31228	-0.74
34924	-0.76
40973	-0.76
34794	-0.76
36617	-0.77
46201	-0.81
35422	-0.81
42971	-0.82
31564	-0.82
40848	-0.87
37290	-0.91
35119	-0.95
35305	-0.99
34595	-0.99
39014	-1.02
31521	-1.06
37355	-1.09
35287	-1.11
35679	-1.11
34411	-1.16
41181	-1.16
40232	-1.17
41942	-1.20
35001	-1.21
47121	-1.22
43278	-1.24
37476	-1.29
44637	-1.30
43739	-1.32
34392	-1.33
40972	-1.36
36390	-1.36
41860	-1.40
39429	-1.41
32133	-1.42
39433	-1.50
33235	-1.52
42453	-1.57
41703	-1.58
43466	-1.66
37841	-1.69
37356	-1.70
41965	-1.72
31215	-1.81
34250	-1.83
32100	-1.86
35340	-1.99
32595	-2.12
