42946	10.81
38515	9.97
40232	8.78
43517	7.70
34504	7.55
35287	7.15
34411	6.64
35001	6.61
42971	6.57
37618	6.23
39340	6.13
39014	5.26
41703	4.93
34250	4.79
47121	4.77
31139	4.54
35679	4.51
36390	4.25
40973	4.12
34924	4.11
42126	3.65
43466	3.43
43278	3.38
44637	3.17
37290	2.95
34392	2.90
40607	2.72
43229	2.67
38669	2.50
33499	2.49
40972	2.26
35796	2.25
41181	2.25
34794	2.21
41942	2.16
34595	1.94
36887	1.59
37662	1.55
32100	1.52
41844	1.45
34842	1.38
41965	1.34
31521	1.19
35340	1.19
35422	1.13
39484	1.06
42453	1.06
33235	1.05
35288	0.99
39871	0.90
46326	0.90
35305	0.89
46201	0.86
44072	0.84
44087	0.84
41860	0.80
35119	0.78
33202	0.77
31052	0.76
41347	0.76
48312	0.70
33112	0.69
39433	0.67
32045	0.65
43709	0.65
38208	0.64
36617	0.63
36017	0.61
40848	0.61
37841	0.59
31564	0.59
37397	0.58
37849	0.58
31838	0.58
31022	0.58
32700	0.57
43864	0.57
34419	0.57
38983	0.56
39879	0.55
31166	0.54
36308	0.52
33986	0.47
37430	0.47
37292	0.46
32008	0.45
41845	0.44
34352	0.42
44261	0.38
34726	0.37
37355	0.33
41840	0.29
47218	0.29
31150	0.28
46069	0.25
42828	0.25
41432	0.24
37628	0.22
33118	0.22
41183	0.21
43573	0.21
42649	0.19
31144	0.18
37235	0.17
34329	0.16
42832	0.13
34885	0.10
36018	0.09
43829	0.06
34256	0.06
38456	0.05
46058	0.04
3354994	0.01
36508	-0.02
37894	-0.08
31185	-0.08
43577	-0.10
33487	-0.11
37922	-0.12
32595	-0.13
35970	-0.14
37804	-0.17
40451	-0.18
42291	-0.18
31760	-0.19
45269	-0.21
33269	-0.23
43739	-0.26
43768	-0.26
40388	-0.26
31009	-0.27
31228	-0.28
44150	-0.28
33835	-0.29
31588	-0.30
43183	-0.32
34070	-0.33
47219	-0.34
32545	-0.37
36583	-0.38
32007	-0.40
31700	-0.41
33629	-0.42
39088	-0.44
37356	-0.44
33386	-0.47
32221	-0.47
37798	-0.51
33105	-0.53
42029	-0.57
33710	-0.59
32133	-0.65
31215	-0.66
37587	-0.68
38447	-0.72
36288	-0.75
31106	-0.75
42502	-0.78
33373	-0.86
44326	-0.93
35886	-0.94
34420	-0.94
35728	-0.95
32789	-1.00
32635	-1.01
42464	-1.01
43736	-1.12
34309	-1.14
31701	-1.22
39251	-1.24
31176	-1.26
33351	-1.33
41550	-1.40
39396	-1.41
37476	-1.41
44291	-1.43
43447	-1.80
45827	-2.21
