36288	7.23
35305	6.47
33202	5.19
37894	4.76
32133	4.61
39879	4.61
36308	4.56
31215	4.44
37397	4.24
36617	4.10
40388	4.00
32595	3.78
37662	3.73
37587	3.66
42649	3.63
36583	3.59
40972	3.58
41347	3.55
41860	3.51
42828	3.50
33105	3.49
39484	3.45
32700	3.44
34070	3.39
42029	3.37
37798	3.31
32045	3.29
31022	3.28
44326	3.24
31760	3.21
37290	3.19
37841	3.10
38208	3.09
31838	3.08
34329	3.04
36508	3.03
44072	3.01
44087	2.95
31106	2.93
41965	2.85
33629	2.83
44261	2.81
42502	2.63
31588	2.63
48312	2.61
40451	2.57
36887	2.52
41844	2.45
34885	2.43
31701	2.43
33112	2.41
35422	2.36
34352	2.33
42464	2.27
34392	2.24
34309	2.16
32100	2.08
33269	2.06
37922	2.03
43739	2.02
43768	2.00
38983	1.99
39871	1.96
41703	1.96
32008	1.95
40973	1.94
37628	1.90
45269	1.88
46058	1.85
43183	1.84
43229	1.84
36018	1.83
43573	1.78
46201	1.78
33710	1.78
33487	1.78
35886	1.72
37476	1.65
35679	1.62
32635	1.62
31700	1.56
39088	1.55
37292	1.50
45827	1.46
32545	1.45
37235	1.39
43577	1.36
37430	1.31
31521	1.31
47219	1.30
43864	1.29
34419	1.26
37355	1.25
37804	1.22
41840	1.18
34420	1.17
47218	1.17
44637	1.07
37849	0.99
42291	0.98
31052	0.95
44150	0.94
38456	0.93
31150	0.90
44291	0.88
43278	0.82
36390	0.76
40848	0.75
33986	0.69
35287	0.69
39429	0.67
31228	0.65
31009	0.58
39014	0.57
40607	0.57
31564	0.50
38515	0.50
40232	0.49
33835	0.42
31176	0.34
33235	0.32
3354994	0.31
34794	0.30
35728	0.29
38669	0.20
31185	0.19
31144	0.18
37618	0.14
33351	0.14
33386	0.09
34504	0.04
34411	0.03
43447	0.02
33373	0.02
43466	0.02
37356	-0.04
43736	-0.10
39340	-0.12
34256	-0.14
35119	-0.14
42453	-0.20
47121	-0.24
33499	-0.24
43829	-0.24
41181	-0.29
41183	-0.31
43709	-0.32
35340	-0.39
42971	-0.42
42126	-0.46
31166	-0.48
34726	-0.49
42946	-0.56
41845	-0.57
35001	-0.59
36017	-0.63
34595	-0.64
35796	-0.86
46069	-0.88
34250	-0.93
41942	-0.94
35288	-0.94
34924	-1.02
33118	-1.03
32789	-1.05
41432	-1.07
32221	-1.10
41550	-1.15
34842	-1.18
31139	-1.20
39251	-1.23
32007	-1.24
42832	-1.46
39396	-1.50
43517	-1.80
35970	-2.00
38447	-2.01
46326	-2.03
