34352	20.40
31588	18.84
34070	16.76
31700	16.15
34329	15.72
43573	15.41
38208	15.18
37235	14.97
38983	14.77
31022	14.38
33629	14.17
42464	13.94
32635	13.69
32700	13.55
35422	13.18
31106	13.15
34309	12.95
39088	12.62
47218	12.55
34420	12.49
43864	12.17
37292	12.03
43768	11.60
40451	11.39
44150	10.80
34419	10.65
31009	10.49
37628	10.36
33710	10.11
41347	9.75
47219	9.61
33835	9.49
33487	9.44
37430	9.33
37849	8.76
37798	5.93
33118	5.47
43739	5.10
45827	4.49
32595	4.19
37397	3.57
39433	3.45
42291	3.11
37922	2.91
37662	2.80
41860	2.54
46058	2.45
31521	2.44
31176	2.43
44072	2.37
41840	2.35
32789	2.33
3354994	2.30
46069	2.28
40848	2.24
33986	2.24
37841	2.23
31701	2.23
32133	2.20
36288	2.17
31760	2.09
43183	1.98
36018	1.95
32545	1.82
45269	1.78
42832	1.75
32100	1.69
43829	1.68
39251	1.65
33351	1.64
37290	1.64
43229	1.62
35728	1.59
41845	1.52
39014	1.52
40232	1.49
33112	1.48
44291	1.45
43709	1.32
42649	1.30
41550	1.22
41844	1.22
32007	1.15
33235	1.11
37587	1.09
39429	1.06
37618	1.06
36308	1.00
41965	0.97
35970	0.97
40388	0.94
44326	0.90
42971	0.85
35886	0.83
31215	0.83
36617	0.82
38515	0.80
38447	0.80
33386	0.78
40973	0.75
35287	0.72
37894	0.68
39340	0.68
34250	0.67
33202	0.66
32008	0.66
37355	0.64
37804	0.62
35288	0.61
36583	0.60
34842	0.59
46201	0.57
31228	0.57
31838	0.54
44087	0.53
34504	0.48
42029	0.46
33373	0.45
36390	0.39
41183	0.36
44261	0.32
35305	0.30
42502	0.30
42828	0.30
38669	0.27
34411	0.24
37476	0.24
48312	0.23
33105	0.23
43447	0.19
32045	0.17
39396	0.15
34256	0.15
41432	0.11
43736	0.10
39879	0.09
43517	0.07
39871	0.04
34392	0.02
31166	-0.02
42946	-0.02
31150	-0.02
43577	-0.03
47121	-0.03
34726	-0.10
33269	-0.23
41181	-0.32
43466	-0.32
38456	-0.39
34595	-0.45
40972	-0.47
42453	-0.54
31052	-0.58
36887	-0.60
31139	-0.60
37356	-0.61
32221	-0.66
42126	-0.66
35001	-0.67
33499	-0.69
34885	-0.70
41942	-0.72
44637	-0.72
35340	-0.81
34794	-0.93
43278	-0.94
35119	-0.99
36508	-1.01
34924	-1.06
36017	-1.07
31185	-1.11
31144	-1.13
35796	-1.22
41703	-1.30
40607	-1.31
35679	-1.47
46326	-1.62
31564	-1.70
