46201	10.85
42502	10.66
31701	8.13
33112	7.87
44087	7.47
36617	6.67
33269	5.58
41860	5.33
37662	5.05
37397	4.59
35305	3.95
37798	3.83
31176	2.82
33118	2.59
34419	2.20
41181	2.01
39433	1.96
47121	1.86
39879	1.83
35001	1.73
40973	1.72
34885	1.69
36288	1.65
35422	1.63
36887	1.59
34392	1.56
38669	1.55
41703	1.33
44072	1.20
32221	1.19
44637	1.17
33202	1.12
48312	1.10
41840	1.09
45827	1.08
41347	1.05
42029	1.02
43768	1.01
39014	1.00
33986	0.98
33235	0.97
31144	0.94
43466	0.92
31052	0.91
39429	0.90
44150	0.87
36308	0.86
42649	0.84
43229	0.80
36508	0.79
38515	0.77
36583	0.76
44261	0.70
37587	0.70
42832	0.68
31022	0.68
43864	0.67
35679	0.67
42453	0.63
37355	0.62
34411	0.60
41844	0.60
43278	0.57
35119	0.55
40972	0.54
32045	0.53
32100	0.52
39340	0.51
34420	0.50
33710	0.44
33105	0.43
35340	0.34
35970	0.33
34595	0.32
32007	0.22
44326	0.20
34842	0.18
34726	0.18
31700	0.17
36390	0.17
3354994	0.14
41942	0.14
43709	0.09
33835	0.09
35796	0.08
32008	0.05
34924	0.04
39484	0.04
37849	0.03
42464	0.03
41965	0.02
37290	0.01
34352	-0.02
37628	-0.06
37430	-0.07
38208	-0.09
34256	-0.13
31588	-0.14
31838	-0.14
31009	-0.15
31564	-0.16
40607	-0.17
40232	-0.17
43183	-0.17
31228	-0.17
37476	-0.19
37618	-0.20
33487	-0.22
35288	-0.26
39088	-0.27
34070	-0.27
31521	-0.27
35287	-0.29
43517	-0.30
42971	-0.33
40451	-0.33
42946	-0.35
42126	-0.38
34329	-0.40
38983	-0.41
36017	-0.42
46326	-0.43
34309	-0.45
37841	-0.46
31150	-0.47
37235	-0.48
31139	-0.48
32133	-0.54
39396	-0.56
32635	-0.57
31215	-0.62
47218	-0.65
37292	-0.65
34794	-0.70
33373	-0.70
45269	-0.71
42828	-0.71
43573	-0.72
43829	-0.75
40388	-0.81
33386	-0.81
33499	-0.82
33629	-0.85
32595	-0.88
31106	-0.93
38456	-0.99
31185	-0.99
37894	-1.01
40848	-1.02
41183	-1.05
38447	-1.08
37356	-1.10
34250	-1.10
47219	-1.14
42291	-1.14
32700	-1.15
43739	-1.16
37922	-1.16
41845	-1.18
31760	-1.22
34504	-1.24
43447	-1.25
46069	-1.27
46058	-1.30
31166	-1.37
41432	-1.44
36018	-1.47
33351	-1.49
43736	-1.50
32545	-1.57
41550	-1.65
39251	-1.69
35886	-1.73
35728	-1.76
43577	-1.79
37804	-1.90
44291	-1.99
32789	-2.34
