33202	8.25
42649	7.98
36308	6.95
42029	6.81
40388	6.76
36288	6.53
36018	6.40
31838	5.57
37894	5.34
42828	5.17
33105	4.97
46058	4.91
48312	4.68
39433	4.61
41860	4.38
32595	4.17
32045	4.16
36508	4.11
44072	4.09
35305	3.98
36583	3.95
44261	3.83
37922	3.70
45269	3.41
41844	3.32
37290	3.24
37841	3.10
37662	2.83
36887	2.83
31701	2.80
33986	2.68
34411	2.60
31564	2.57
43739	2.53
37397	2.50
32133	2.45
31760	2.43
41840	2.41
36617	2.36
38456	2.33
37798	2.31
44326	2.26
33269	2.20
35287	2.12
31150	2.10
33373	2.08
33112	2.02
40607	2.01
40972	2.01
31215	1.94
37587	1.91
40451	1.89
44087	1.88
39871	1.83
41181	1.80
43229	1.80
43864	1.78
45827	1.74
36390	1.73
34392	1.69
39340	1.67
40232	1.67
43768	1.65
37804	1.59
34885	1.47
33499	1.44
41965	1.38
37430	1.34
31228	1.33
37849	1.30
40848	1.26
32008	1.25
40973	1.22
42502	1.16
33487	1.10
31176	1.08
37235	1.02
38669	0.99
46201	0.99
34420	0.98
38983	0.98
33835	0.96
39014	0.95
32700	0.94
44150	0.93
32789	0.91
39088	0.91
41183	0.88
43829	0.86
37628	0.86
34352	0.82
44637	0.81
38515	0.68
44291	0.67
31185	0.66
35679	0.66
43573	0.60
39429	0.55
34329	0.53
34504	0.52
37292	0.52
32635	0.49
33710	0.48
34256	0.47
43278	0.45
31106	0.39
41703	0.39
47218	0.34
43709	0.32
34070	0.32
39251	0.31
34726	0.29
42464	0.28
34794	0.28
33629	0.28
31521	0.24
42291	0.24
41942	0.23
31588	0.19
41432	0.13
35422	0.12
31009	0.11
43466	0.10
39484	0.09
34309	0.08
32545	0.07
34250	0.07
43736	0.05
38208	0.05
38447	0.02
31700	-0.00
37356	-0.08
37355	-0.08
41347	-0.19
34924	-0.21
42126	-0.22
35970	-0.24
32007	-0.25
34595	-0.27
39396	-0.27
37618	-0.38
41845	-0.41
43577	-0.45
31144	-0.46
31052	-0.46
35288	-0.47
34419	-0.49
35886	-0.49
42453	-0.50
31166	-0.52
42946	-0.53
35728	-0.54
46069	-0.55
35796	-0.56
42971	-0.56
3354994	-0.57
32100	-0.58
43517	-0.58
33351	-0.58
47219	-0.61
37476	-0.67
35119	-0.69
47121	-0.71
43447	-0.81
33386	-0.82
36017	-0.84
31022	-0.86
41550	-0.87
43183	-1.02
31139	-1.02
32221	-1.10
35001	-1.32
33235	-1.32
34842	-1.37
35340	-1.49
42832	-1.73
33118	-1.80
46326	-2.46
