42971	13.13
38515	11.64
42946	10.69
37618	10.43
39340	10.37
34250	9.32
39429	8.78
34411	8.16
43517	7.75
34504	6.99
43466	5.48
35287	4.99
38669	4.75
31139	4.51
37290	4.30
39014	4.05
35001	4.03
36390	3.73
34924	3.64
47121	3.51
35679	3.45
40973	3.41
35288	3.27
42126	3.13
34392	2.69
34595	2.53
33499	2.38
40607	2.36
44072	2.24
41860	2.07
43229	2.03
35422	1.98
41844	1.82
44637	1.81
41703	1.81
39879	1.67
31521	1.66
35796	1.66
40848	1.62
43278	1.59
39484	1.49
31166	1.42
41347	1.27
42832	1.23
41942	1.06
37841	1.04
43829	1.04
32007	1.02
33118	1.01
35119	0.99
36887	0.97
34842	0.95
43864	0.91
3354994	0.89
31838	0.89
37356	0.88
31760	0.82
31106	0.81
42453	0.79
33835	0.79
41845	0.78
46326	0.78
46069	0.77
43768	0.75
34794	0.75
41550	0.73
34885	0.72
36018	0.70
37397	0.69
37355	0.69
42502	0.66
34070	0.65
36508	0.65
42029	0.64
43183	0.61
31588	0.60
33202	0.56
32008	0.54
43739	0.53
45269	0.53
48312	0.50
39433	0.49
47218	0.49
32133	0.47
41183	0.45
40451	0.45
42291	0.43
37587	0.42
32700	0.41
38447	0.36
31052	0.36
46058	0.35
40972	0.34
34352	0.32
42649	0.31
37662	0.30
36308	0.30
32221	0.29
33986	0.28
31144	0.28
31022	0.27
37922	0.26
34419	0.26
31700	0.23
33710	0.23
34309	0.20
32045	0.18
33235	0.17
37798	0.11
35970	0.11
46201	0.11
43447	0.10
35340	0.06
34256	0.06
38208	0.03
41840	0.01
44261	0.01
43736	-0.01
32595	-0.01
32789	-0.04
33373	-0.05
42464	-0.05
40388	-0.06
43573	-0.07
36583	-0.08
43709	-0.10
33629	-0.10
31150	-0.11
33386	-0.11
44087	-0.14
35886	-0.14
32100	-0.15
33112	-0.15
36017	-0.16
37894	-0.16
39871	-0.17
41181	-0.17
33351	-0.18
47219	-0.20
31564	-0.20
44326	-0.22
36288	-0.24
38456	-0.27
37235	-0.27
33487	-0.28
37849	-0.29
34329	-0.30
32635	-0.34
41432	-0.35
31176	-0.37
37628	-0.39
34726	-0.41
34420	-0.43
44150	-0.45
32545	-0.48
43577	-0.51
37430	-0.56
35728	-0.60
31009	-0.60
38983	-0.64
42828	-0.66
33105	-0.79
31185	-0.80
45827	-0.80
39088	-0.80
44291	-0.81
41965	-0.86
37292	-0.87
36617	-0.91
31215	-0.94
35305	-0.94
37804	-0.99
31701	-1.00
39396	-1.17
31228	-1.17
37476	-1.24
39251	-1.27
33269	-1.86
