42828	18.13
37894	16.07
33105	16.06
36018	10.27
45269	9.24
46058	8.66
39879	6.76
33202	4.86
39433	4.00
37587	3.83
36288	3.62
32595	3.41
32133	3.38
31521	3.32
37841	3.32
31215	3.27
38456	3.27
40607	3.19
44326	3.09
36308	2.89
37476	2.82
40972	2.77
34392	2.76
36887	2.72
40848	2.64
42029	2.62
41844	2.61
42649	2.61
37922	2.57
31760	2.49
37290	2.42
43739	2.36
36583	2.29
43829	2.16
44291	2.10
31185	2.08
44072	1.91
37804	1.87
42291	1.86
44261	1.84
36508	1.76
43577	1.74
35287	1.73
40973	1.63
35305	1.59
31838	1.59
34794	1.59
31052	1.44
43229	1.42
31144	1.37
39251	1.31
32789	1.30
41860	1.22
41840	1.21
31150	1.20
33499	1.19
31166	1.16
35679	1.15
41432	1.09
34504	1.08
32545	1.08
36390	1.07
35422	1.04
41183	1.03
43278	1.02
43768	1.01
32008	1.01
44637	1.00
39014	1.00
42126	0.96
39484	0.94
38208	0.93
32045	0.92
35886	0.86
31588	0.85
33373	0.84
31701	0.80
31022	0.77
33351	0.77
31106	0.77
34070	0.76
42453	0.74
33986	0.71
31564	0.71
39396	0.71
34885	0.69
41845	0.60
43447	0.60
32221	0.56
35728	0.55
37798	0.48
33835	0.48
40451	0.47
3354994	0.46
43864	0.42
34352	0.41
33710	0.41
37397	0.40
33269	0.37
39340	0.35
36017	0.30
41703	0.27
34256	0.18
33386	0.18
34309	0.16
38447	0.15
34726	0.15
31228	0.15
32007	0.15
45827	0.14
34411	0.12
46069	0.11
41550	0.11
38515	0.08
34329	0.07
34595	0.06
37662	0.05
46326	0.04
31139	0.00
47121	-0.01
42502	-0.03
32700	-0.04
36617	-0.06
40232	-0.06
41965	-0.06
37355	-0.07
43736	-0.07
42946	-0.08
48312	-0.20
34924	-0.21
38983	-0.22
43573	-0.23
35119	-0.23
37618	-0.26
39429	-0.26
33629	-0.29
37356	-0.36
41347	-0.39
35001	-0.41
42971	-0.44
43517	-0.44
47218	-0.45
41942	-0.46
37849	-0.50
35796	-0.53
43466	-0.53
31700	-0.56
33235	-0.56
32635	-0.57
44087	-0.59
35340	-0.64
37628	-0.67
37235	-0.68
34250	-0.69
37292	-0.71
35970	-0.72
43183	-0.79
39871	-0.81
34842	-0.84
33118	-0.86
41181	-0.89
39088	-0.91
38669	-0.98
33112	-1.03
46201	-1.05
42832	-1.21
34420	-1.22
42464	-1.23
32100	-1.32
31009	-1.51
31176	-1.59
33487	-1.63
35288	-1.68
44150	-1.68
47219	-1.72
34419	-1.78
43709	-1.83
37430	-2.23
