31106	18.59
34309	15.79
31700	15.22
32635	13.95
34070	13.62
34329	13.59
31588	12.98
34352	12.45
38208	12.37
37628	11.96
37235	11.92
32700	11.88
34420	11.45
38983	11.43
39484	11.39
39088	10.95
43864	10.88
31022	10.67
42464	10.20
43573	10.05
47218	9.94
44150	9.89
37292	8.95
31009	8.83
33710	8.73
33835	8.65
47219	8.58
33629	8.45
33487	8.31
41347	8.31
43768	8.21
45827	7.59
37430	7.45
35422	7.09
34419	7.00
37849	6.87
43739	6.30
37798	6.10
37922	4.85
37397	4.80
32595	4.70
39251	4.34
37662	4.29
36308	4.11
41860	4.01
32789	3.90
38447	3.86
36288	3.77
42649	3.65
33118	3.64
42029	3.48
42291	3.35
41845	3.35
46058	3.25
44087	3.02
31838	3.01
41840	2.81
41432	2.79
36018	2.79
33986	2.73
32045	2.63
33112	2.57
39433	2.57
31228	2.48
31760	2.38
43829	2.37
45269	2.36
38669	2.34
31176	2.31
44291	2.23
32007	2.20
40848	2.16
46069	2.11
44326	2.07
31185	2.01
35728	1.98
31701	1.98
31150	1.91
39879	1.89
33373	1.87
33269	1.79
31521	1.74
37804	1.70
35305	1.70
32133	1.70
35288	1.65
42828	1.55
48312	1.54
43229	1.45
43183	1.45
44072	1.44
3354994	1.38
32545	1.38
33202	1.36
36583	1.29
33105	1.16
44261	1.12
36617	1.06
34726	0.90
37355	0.89
43447	0.84
34256	0.83
31166	0.78
43709	0.78
42832	0.75
43736	0.73
33235	0.71
41844	0.69
33351	0.67
41183	0.64
34504	0.59
41550	0.56
37894	0.55
37618	0.54
37841	0.51
32100	0.51
37587	0.50
39396	0.50
40388	0.47
31215	0.46
40232	0.45
42502	0.41
43577	0.32
34411	0.28
40973	0.24
37476	0.24
34885	0.23
46201	0.22
35796	0.19
35970	0.16
35886	0.13
42971	0.11
34794	0.11
38456	0.09
33499	0.07
32008	0.02
39014	-0.01
37290	-0.04
41965	-0.04
46326	-0.05
41181	-0.09
39340	-0.15
33386	-0.15
43517	-0.16
37356	-0.16
38515	-0.17
39429	-0.18
31052	-0.24
39871	-0.33
41942	-0.37
36887	-0.37
43466	-0.38
43278	-0.50
35119	-0.50
34250	-0.58
32221	-0.71
31564	-0.75
35679	-0.75
31144	-0.76
35287	-0.77
35340	-0.81
31139	-0.81
34842	-0.81
34924	-0.88
40607	-0.91
36390	-1.00
36508	-1.02
40972	-1.02
47121	-1.12
42946	-1.15
35001	-1.22
34595	-1.22
36017	-1.40
44637	-1.43
42126	-1.80
34392	-1.81
42453	-1.90
41703	-2.19
