35796	5.52
31052	5.25
36390	5.15
35287	4.95
36887	4.87
35679	4.74
40972	4.71
44261	4.70
42126	4.62
35001	4.62
44637	4.34
46326	4.27
38669	4.03
31139	3.93
34842	3.79
35288	3.78
34794	3.57
41703	3.57
47121	3.57
43278	3.51
35119	3.45
43517	3.28
40388	3.19
40973	3.17
34595	3.13
34392	3.08
37894	2.97
33202	2.87
38515	2.84
42453	2.78
38456	2.75
39429	2.72
41942	2.63
42946	2.61
37476	2.60
36617	2.57
43577	2.56
43466	2.49
36508	2.47
37587	2.45
34250	2.38
40232	2.36
35305	2.31
33499	2.28
36583	2.24
33105	2.09
39879	2.01
39340	1.99
34924	1.90
32045	1.84
42971	1.81
36288	1.79
43829	1.77
37922	1.77
44326	1.75
43709	1.73
41181	1.62
42649	1.56
37356	1.54
31838	1.46
33235	1.45
34504	1.40
37798	1.30
46201	1.29
41844	1.28
31166	1.20
36017	1.13
33112	1.11
35340	1.04
37618	0.98
42828	0.96
34885	0.94
42029	0.93
35886	0.93
31760	0.93
37290	0.92
33269	0.89
43229	0.83
34256	0.67
3354994	0.61
33386	0.61
42502	0.60
31215	0.59
39433	0.57
41183	0.52
33986	0.52
33118	0.50
32008	0.46
35728	0.39
33373	0.34
37804	0.33
44087	0.32
35422	0.30
31701	0.30
41432	0.27
31564	0.24
37397	0.22
41860	0.19
39014	0.19
32133	0.14
33351	0.09
36308	0.08
40848	0.08
32007	0.05
31150	0.05
34411	0.05
42291	-0.02
48312	-0.05
44072	-0.05
37355	-0.06
32545	-0.08
36018	-0.11
32595	-0.12
43736	-0.14
31521	-0.16
39871	-0.17
39396	-0.20
32100	-0.22
43739	-0.35
41840	-0.41
31185	-0.42
46069	-0.43
34309	-0.48
41845	-0.49
44291	-0.52
43183	-0.58
42832	-0.61
43447	-0.61
38208	-0.63
32789	-0.65
37849	-0.67
45269	-0.69
37430	-0.74
41550	-0.78
31144	-0.80
31228	-0.91
40451	-0.91
37841	-1.00
43768	-1.01
35970	-1.02
32221	-1.02
37235	-1.08
41347	-1.10
31176	-1.14
31588	-1.15
34070	-1.15
38447	-1.16
37662	-1.18
31022	-1.18
43864	-1.28
39484	-1.31
31106	-1.33
34726	-1.35
37628	-1.40
33835	-1.41
39088	-1.43
45827	-1.47
33710	-1.47
41965	-1.47
34419	-1.57
34352	-1.61
46058	-1.63
31009	-1.73
33629	-1.82
32700	-1.85
39251	-1.89
33487	-1.99
38983	-2.04
34420	-2.25
34329	-2.27
42464	-2.27
47219	-2.28
47218	-2.38
37292	-2.41
43573	-2.53
31700	-2.80
32635	-3.00
44150	-3.17
