31521	6.54
44072	6.13
41844	4.34
47218	4.29
37841	4.25
37849	4.18
33835	3.97
36018	3.96
32007	3.94
46058	3.77
42828	3.73
31760	3.39
32133	3.29
37894	3.26
41840	3.11
38669	3.03
36390	2.86
42832	2.73
43739	2.71
42649	2.66
40388	2.64
36583	2.64
36308	2.64
45269	2.59
42291	2.55
31150	2.50
32221	2.50
33105	2.50
33235	2.46
34309	2.44
33351	2.40
46069	2.39
36508	2.36
31106	2.36
39484	2.24
31700	2.21
41860	2.20
31022	2.17
40451	2.16
34504	2.14
38456	2.14
43864	2.10
42029	2.08
31144	2.07
35422	2.01
32545	2.01
31215	2.01
31838	2.00
34070	2.00
31588	1.95
43517	1.95
41183	1.91
37356	1.90
43183	1.90
41942	1.86
38208	1.84
32635	1.82
34885	1.82
34924	1.77
43768	1.75
38447	1.73
41550	1.71
32595	1.65
40232	1.62
42971	1.58
41845	1.49
48312	1.43
34329	1.42
44326	1.38
3354994	1.37
43736	1.36
39251	1.32
39879	1.26
34250	1.23
43573	1.21
35287	1.17
47219	1.17
44261	1.16
41432	1.16
33202	1.15
37235	1.14
38983	1.14
31166	1.08
35728	1.07
43229	1.07
32100	1.06
37430	1.05
43466	1.03
33386	0.97
37290	0.94
32008	0.94
34411	0.93
31009	0.91
44150	0.90
43447	0.88
37397	0.85
32045	0.84
37587	0.82
35340	0.81
43829	0.80
33487	0.80
35305	0.78
34352	0.76
39433	0.75
42464	0.74
33373	0.72
34420	0.70
41347	0.69
39014	0.67
43709	0.63
39429	0.61
37628	0.59
33710	0.59
47121	0.58
36887	0.55
45827	0.53
37355	0.50
32789	0.47
35886	0.46
39088	0.39
41965	0.32
42502	0.25
37662	0.25
31228	0.22
34726	0.22
37922	0.17
37618	0.17
32700	0.15
40607	0.08
37292	0.07
36288	0.07
31185	0.05
35679	-0.00
33499	-0.11
34842	-0.12
44291	-0.16
43278	-0.28
35001	-0.32
38515	-0.33
31564	-0.35
42946	-0.37
33112	-0.39
37804	-0.41
39340	-0.43
31176	-0.45
34794	-0.46
46201	-0.48
35796	-0.48
37798	-0.52
33629	-0.55
31139	-0.57
40973	-0.57
40972	-0.58
34392	-0.64
34256	-0.66
37476	-0.70
33269	-0.71
43577	-0.74
44637	-0.78
44087	-0.86
39396	-0.87
41181	-0.89
46326	-0.95
33118	-0.95
39871	-1.02
41703	-1.09
42126	-1.22
35970	-1.27
34419	-1.32
31701	-1.34
34595	-1.37
42453	-1.56
33986	-1.63
35119	-1.76
31052	-1.79
36017	-2.30
36617	-2.52
35288	-2.57
