34392	15.17
35679	14.14
37290	13.87
39014	13.47
33499	11.04
43278	10.44
47121	10.33
41703	10.17
31052	8.03
36887	7.74
44637	7.45
38515	6.71
42453	6.68
43466	6.63
34924	6.43
34595	6.42
34794	6.31
35119	5.61
35796	5.46
39340	5.41
40972	5.40
35288	5.33
34411	4.79
36017	4.74
37618	4.67
43517	4.55
41860	4.39
46326	4.37
35287	4.27
38669	4.16
39429	4.12
43229	3.94
34504	3.68
40232	3.41
34842	3.34
42946	3.33
31139	3.20
36308	3.20
42029	3.18
31838	3.17
42649	3.17
40607	3.17
35001	3.16
42971	3.10
34250	2.88
44072	2.81
33202	2.78
41844	2.62
36617	2.57
37397	2.40
42126	2.23
37662	2.10
39433	1.94
31701	1.94
33986	1.91
41942	1.88
42828	1.87
43577	1.86
39871	1.72
35305	1.66
36288	1.64
40388	1.63
37894	1.62
34256	1.61
33105	1.53
31166	1.48
35886	1.27
36583	1.27
35422	1.25
39879	1.22
36390	1.12
32595	1.12
32045	1.10
37355	1.06
34352	0.99
33112	0.95
32100	0.92
44087	0.89
42502	0.86
43739	0.84
37476	0.80
34309	0.78
46201	0.78
33235	0.77
39484	0.75
37798	0.69
44326	0.69
37804	0.65
37587	0.63
38208	0.59
43864	0.59
41840	0.59
44261	0.56
41965	0.55
37841	0.54
31760	0.53
43829	0.51
32133	0.47
44291	0.46
43183	0.45
37356	0.45
46058	0.44
41183	0.40
33269	0.34
33835	0.34
33386	0.34
32008	0.33
31185	0.33
34726	0.32
31106	0.32
37235	0.28
32635	0.28
34070	0.27
41550	0.27
31215	0.26
40451	0.24
31022	0.23
41347	0.23
31521	0.20
38456	0.13
35728	0.13
32789	0.10
31588	0.09
37922	0.09
42291	0.09
34329	0.08
46069	0.04
32545	0.04
33373	0.01
41432	0.01
42464	0.01
36018	-0.04
45269	-0.05
43768	-0.07
34885	-0.09
32700	-0.13
31228	-0.15
41845	-0.16
33710	-0.18
38983	-0.18
33629	-0.20
36508	-0.23
37430	-0.25
44150	-0.27
43573	-0.27
33351	-0.28
31700	-0.29
37628	-0.32
34420	-0.32
31176	-0.33
45827	-0.35
47219	-0.37
43447	-0.40
37849	-0.40
47218	-0.47
34419	-0.51
41181	-0.53
40848	-0.57
31150	-0.58
43736	-0.58
37292	-0.59
43709	-0.59
32007	-0.59
35340	-0.65
48312	-0.69
39088	-0.71
39396	-0.76
31144	-0.77
33118	-0.77
3354994	-0.81
35970	-0.85
31009	-0.87
33487	-0.89
38447	-0.90
32221	-0.95
31564	-1.17
42832	-1.21
39251	-1.35
