34392	8.34
35305	7.10
35679	6.51
40973	5.40
37894	4.72
40607	4.71
34794	4.67
36887	4.59
35796	4.43
31052	4.39
34842	4.31
38456	4.22
44637	4.05
37290	3.93
43278	3.88
41703	3.60
39433	3.58
42453	3.57
35287	3.43
36017	3.42
33202	3.36
33105	3.29
42649	3.20
31838	3.18
35119	3.14
43229	2.96
36308	2.86
40388	2.77
36583	2.58
42828	2.58
39014	2.58
38669	2.54
43577	2.50
42126	2.50
34595	2.49
33499	2.42
41965	2.36
38515	2.35
43466	2.28
39429	2.26
35001	2.25
42029	2.23
37476	2.14
39340	2.10
31760	2.10
32595	2.01
39879	2.01
34256	1.97
36617	1.97
37841	1.84
44072	1.82
42946	1.71
36390	1.65
32045	1.61
41181	1.60
47121	1.59
41844	1.53
43517	1.51
36288	1.49
32100	1.47
34504	1.47
46326	1.37
35422	1.28
32545	1.28
33235	1.22
31139	1.19
37798	1.13
35288	1.11
37587	1.10
33373	1.09
41860	1.08
35340	1.07
36018	1.05
45269	0.93
37922	0.92
34250	0.89
46058	0.85
41942	0.84
37355	0.83
43709	0.78
44291	0.73
45827	0.67
43829	0.65
34411	0.62
31144	0.60
44087	0.59
35886	0.59
34924	0.57
44261	0.56
39871	0.54
42971	0.43
37662	0.39
31215	0.39
31521	0.39
42502	0.36
31701	0.36
43864	0.35
40232	0.34
43768	0.23
31166	0.12
3354994	0.10
44326	0.09
34419	0.05
37356	0.04
43739	0.03
36508	0.02
33986	0.02
41840	-0.05
32133	-0.06
33351	-0.06
34329	-0.07
35728	-0.11
32221	-0.12
34726	-0.15
34885	-0.16
34420	-0.19
37618	-0.29
34352	-0.30
37804	-0.31
33629	-0.40
32008	-0.41
37397	-0.46
39484	-0.47
31185	-0.50
43447	-0.50
31564	-0.52
44150	-0.54
31228	-0.56
33269	-0.57
40848	-0.58
33112	-0.62
37628	-0.62
41432	-0.62
43736	-0.63
33386	-0.64
31150	-0.65
41550	-0.69
48312	-0.77
37292	-0.81
39088	-0.83
46201	-0.84
38983	-0.86
31588	-0.91
33835	-0.92
38208	-0.97
31009	-0.97
33118	-1.00
33710	-1.02
32007	-1.02
40451	-1.02
39251	-1.05
41347	-1.08
37235	-1.08
43183	-1.13
42291	-1.26
37849	-1.28
41183	-1.28
32635	-1.32
31022	-1.32
32700	-1.35
39396	-1.36
33487	-1.38
42464	-1.40
32789	-1.41
43573	-1.43
46069	-1.45
42832	-1.54
47219	-1.55
34309	-1.56
47218	-1.62
31700	-1.63
34070	-1.74
41845	-1.76
35970	-1.94
37430	-2.04
31176	-2.22
31106	-2.28
38447	-2.62
