33235	4.57
43709	4.35
44261	4.25
36390	4.12
32100	3.87
36617	3.30
33202	2.68
36583	2.34
39429	2.25
46201	2.18
39871	2.01
31144	1.96
35001	1.88
41942	1.86
3354994	1.84
39879	1.80
43768	1.72
35422	1.71
40607	1.62
40972	1.60
42946	1.57
35287	1.52
31838	1.38
41840	1.32
44087	1.32
34411	1.24
35340	1.20
43864	1.13
42649	0.97
37841	0.95
35305	0.93
36308	0.86
44637	0.85
38515	0.83
42832	0.79
32133	0.78
32221	0.71
38669	0.71
41965	0.70
39340	0.68
31701	0.62
33269	0.59
37662	0.58
31150	0.54
37798	0.53
32595	0.52
33710	0.52
34419	0.49
36288	0.49
31215	0.48
41347	0.47
37922	0.46
41844	0.46
46058	0.45
44072	0.42
41550	0.41
31022	0.38
43229	0.38
48312	0.30
37397	0.28
43829	0.27
31564	0.25
42502	0.23
32045	0.21
41845	0.21
32700	0.19
34392	0.18
35970	0.18
47121	0.12
45827	0.11
44150	0.10
41860	0.10
38456	0.10
32008	0.05
33118	-0.04
34329	-0.05
37355	-0.08
39014	-0.08
33112	-0.09
37587	-0.09
40451	-0.09
34726	-0.09
45269	-0.10
37894	-0.10
44291	-0.10
35288	-0.10
32007	-0.11
37430	-0.14
40232	-0.17
33835	-0.18
31176	-0.20
31521	-0.21
42971	-0.23
34595	-0.25
39088	-0.26
35679	-0.28
33986	-0.29
39433	-0.29
31760	-0.29
34256	-0.30
39484	-0.32
35119	-0.34
33629	-0.37
33105	-0.37
36018	-0.38
42464	-0.41
34420	-0.41
34885	-0.42
37235	-0.42
34352	-0.44
33487	-0.45
34309	-0.49
38983	-0.49
36508	-0.52
34250	-0.52
34842	-0.53
40973	-0.53
36887	-0.54
46069	-0.55
42126	-0.57
42029	-0.57
34070	-0.58
43517	-0.61
41432	-0.62
33373	-0.63
42291	-0.64
37292	-0.64
34924	-0.65
31228	-0.66
31588	-0.68
41703	-0.68
37290	-0.68
43739	-0.70
37356	-0.72
44326	-0.74
43573	-0.74
37849	-0.83
42453	-0.84
31166	-0.84
38208	-0.84
43736	-0.86
40388	-0.89
40848	-0.89
35886	-0.91
42828	-0.92
34504	-0.95
39251	-0.98
37804	-1.01
43577	-1.07
47219	-1.11
41183	-1.14
47218	-1.16
39396	-1.16
32635	-1.18
31052	-1.20
37618	-1.22
31700	-1.22
34794	-1.29
37628	-1.33
43278	-1.33
37476	-1.38
38447	-1.41
31106	-1.44
43466	-1.51
32545	-1.52
33386	-1.53
36017	-1.53
31185	-1.54
33499	-1.58
35728	-1.60
31009	-1.65
43183	-1.70
31139	-1.77
33351	-1.89
43447	-1.89
32789	-2.01
35796	-2.48
46326	-2.73
