39396	2.23
40848	1.91
43736	1.49
46069	1.48
43829	1.41
38447	1.31
36508	1.30
35728	1.28
33351	1.24
38456	1.22
43183	1.19
41432	1.16
34256	1.14
40388	1.03
37290	0.94
34885	0.90
45269	0.89
39879	0.88
34070	0.87
31521	0.84
32007	0.84
46058	0.84
35886	0.83
41845	0.74
43577	0.74
33710	0.73
36288	0.72
39340	0.71
38669	0.70
33386	0.67
31166	0.67
44072	0.65
40451	0.64
31106	0.63
31176	0.63
37587	0.62
43447	0.61
44291	0.60
37235	0.59
42029	0.56
36018	0.55
35287	0.55
37849	0.55
41860	0.53
40607	0.52
45827	0.48
42828	0.48
37397	0.47
32545	0.47
42832	0.46
40232	0.45
37476	0.44
37894	0.42
31701	0.41
37804	0.41
40973	0.40
36308	0.39
34309	0.39
38208	0.39
39484	0.36
34329	0.34
31228	0.33
32700	0.32
39251	0.32
33105	0.31
39014	0.31
47218	0.31
32008	0.31
34504	0.30
43466	0.30
33112	0.29
31588	0.29
42649	0.27
34250	0.26
34352	0.24
37841	0.23
31838	0.23
33499	0.22
39429	0.21
34794	0.21
32133	0.21
34924	0.20
33202	0.20
34411	0.19
37662	0.18
42291	0.18
32789	0.16
48312	0.16
43864	0.15
43573	0.13
33835	0.12
33118	0.11
35422	0.10
37618	0.08
35288	0.08
47121	0.06
38983	0.06
46326	0.03
33373	0.02
33986	0.01
43278	0.00
31700	-0.00
47219	-0.01
31564	-0.04
43517	-0.06
41840	-0.07
41347	-0.07
41550	-0.08
35796	-0.08
31009	-0.09
35970	-0.09
36887	-0.11
37430	-0.11
43739	-0.11
42453	-0.12
31185	-0.13
43709	-0.14
33487	-0.16
32635	-0.16
33629	-0.17
32595	-0.17
33269	-0.17
37922	-0.18
38515	-0.18
43768	-0.22
35305	-0.23
44326	-0.23
42971	-0.23
31150	-0.24
31760	-0.27
44150	-0.27
35679	-0.29
34419	-0.29
31144	-0.31
39088	-0.31
39433	-0.31
42946	-0.32
44087	-0.33
34392	-0.33
34420	-0.34
31215	-0.37
46201	-0.38
36583	-0.38
41844	-0.39
31022	-0.42
37356	-0.43
42502	-0.43
37292	-0.44
41942	-0.49
37798	-0.49
37628	-0.49
33235	-0.56
42464	-0.59
41703	-0.60
32100	-0.61
34842	-0.68
36617	-0.71
31052	-0.72
34595	-0.75
35119	-0.75
31139	-0.75
44637	-0.77
34726	-0.80
36017	-0.86
32045	-0.86
42126	-0.94
36390	-0.99
39871	-1.05
32221	-1.07
37355	-1.10
41181	-1.14
40972	-1.28
3354994	-1.43
35340	-1.55
35001	-1.59
43229	-1.60
41965	-1.71
44261	-1.75
