31700	10.16
34070	10.10
39484	9.75
31588	9.50
38208	9.17
32635	8.81
44150	8.60
31022	8.59
34420	8.54
31106	8.53
32700	8.45
34309	8.45
34329	8.38
40451	8.31
34352	8.25
42464	8.16
35422	8.02
43573	7.27
37292	7.15
38983	7.11
47218	7.02
37235	6.98
37628	6.73
33835	6.72
47219	6.41
33487	6.38
33629	6.24
39088	6.13
34419	5.89
31009	5.81
43768	5.75
33710	5.68
37430	5.45
43864	4.75
37849	4.68
37397	4.64
33118	4.28
45827	4.25
3354994	3.76
37662	3.68
39433	3.55
37798	3.54
41840	2.86
41860	2.51
31701	2.50
33112	2.34
31176	2.34
43183	2.21
31521	2.20
43829	2.08
36308	2.07
42649	1.91
46201	1.91
33986	1.81
36617	1.77
43739	1.62
36288	1.62
32100	1.61
32133	1.59
33235	1.55
36583	1.50
31215	1.50
37922	1.46
42029	1.45
35340	1.39
31760	1.37
37355	1.36
44087	1.35
43709	1.33
42971	1.29
40232	1.27
48312	1.22
39871	1.05
35970	1.04
31838	1.03
37356	0.96
37618	0.93
33269	0.91
39340	0.88
35305	0.84
41550	0.82
33202	0.81
32595	0.79
32789	0.79
35288	0.76
39429	0.76
46069	0.75
40848	0.69
44072	0.69
37804	0.69
42291	0.67
44261	0.65
43736	0.65
34885	0.64
32008	0.58
43229	0.56
31185	0.56
39396	0.56
42832	0.55
42502	0.48
41181	0.47
37290	0.44
44637	0.38
38515	0.36
37587	0.35
38669	0.34
36390	0.34
31166	0.31
41965	0.31
34504	0.26
32045	0.26
36018	0.23
40973	0.23
39251	0.21
42828	0.20
31144	0.19
46058	0.18
41942	0.10
44291	0.09
32545	0.06
33351	0.06
41844	0.05
34411	0.04
31228	0.04
37841	0.00
37894	-0.00
35728	-0.02
34726	-0.02
38447	-0.06
41183	-0.07
33105	-0.08
34842	-0.09
33386	-0.10
43517	-0.11
35886	-0.15
41845	-0.16
47121	-0.17
43466	-0.19
39879	-0.19
35287	-0.24
43447	-0.32
42946	-0.33
33373	-0.35
31052	-0.36
43577	-0.36
31150	-0.37
35119	-0.38
39014	-0.39
40388	-0.39
34595	-0.41
38456	-0.42
45269	-0.44
32007	-0.47
44326	-0.49
35679	-0.52
34924	-0.56
41432	-0.58
31564	-0.61
31139	-0.68
34256	-0.69
35001	-0.73
37476	-0.77
41703	-0.77
34392	-0.80
43278	-0.89
40972	-1.08
36887	-1.08
40607	-1.10
34794	-1.10
35796	-1.10
33499	-1.19
34250	-1.26
46326	-1.35
42126	-1.37
42453	-1.52
32221	-1.62
36508	-1.82
36017	-2.70
