41845	16.86
42291	14.96
46069	13.60
43829	9.03
32007	8.94
35728	7.74
38447	6.91
39251	5.61
31228	5.48
31150	5.42
33351	5.40
43739	5.23
43447	4.99
31166	4.19
44326	4.08
37922	3.77
37628	3.65
33386	3.54
42832	3.44
43183	3.34
32635	3.17
48312	3.13
37587	3.08
32595	3.02
32789	3.01
35886	2.94
31700	2.87
40451	2.79
37804	2.76
34885	2.55
31009	2.54
32545	2.53
46058	2.42
34420	2.41
39396	2.39
37235	2.38
34256	2.29
45269	2.23
31185	2.16
39088	2.15
34309	2.13
37292	2.12
41550	2.12
38983	1.95
42464	1.94
31106	1.93
34329	1.83
33499	1.82
32045	1.82
37430	1.81
33487	1.78
33373	1.70
45827	1.65
36508	1.64
43573	1.60
44150	1.58
37290	1.56
33629	1.39
43864	1.35
34352	1.29
37841	1.25
44291	1.21
40848	1.16
47218	1.16
41183	1.16
32700	1.16
38208	1.15
32008	1.10
40388	1.09
37849	1.09
34504	1.03
47219	0.98
33105	0.98
34070	0.92
36018	0.90
41703	0.90
32221	0.89
31760	0.82
31588	0.79
39340	0.77
34411	0.75
43736	0.74
42029	0.73
44072	0.67
42828	0.66
47121	0.66
41844	0.65
39014	0.62
34595	0.59
33269	0.54
35305	0.49
43768	0.48
37662	0.48
36308	0.44
43278	0.43
41860	0.43
36288	0.36
37618	0.35
31022	0.34
33202	0.33
40607	0.27
31838	0.26
39429	0.24
42453	0.22
35970	0.20
42649	0.19
44087	0.18
31139	0.14
39879	0.13
34250	0.12
39484	0.11
42946	0.09
36583	0.07
41840	0.07
37894	0.06
31144	0.03
33710	0.02
40973	0.01
41965	-0.02
34924	-0.02
43229	-0.02
36017	-0.08
43466	-0.12
33118	-0.13
38515	-0.16
42971	-0.16
38456	-0.18
35679	-0.22
31052	-0.27
34726	-0.30
35119	-0.33
35796	-0.33
38669	-0.33
43517	-0.34
31176	-0.34
46326	-0.35
40232	-0.35
33986	-0.37
34794	-0.38
34419	-0.38
31521	-0.43
44261	-0.48
37798	-0.48
37476	-0.57
41347	-0.58
41181	-0.62
40972	-0.62
35422	-0.62
31701	-0.64
33835	-0.65
34392	-0.65
35287	-0.66
33235	-0.67
35001	-0.68
31215	-0.69
44637	-0.72
42126	-0.73
36887	-0.75
34842	-0.78
37397	-0.84
42502	-0.86
35288	-0.88
43577	-0.88
33112	-1.06
36390	-1.06
41942	-1.07
39433	-1.07
37356	-1.11
31564	-1.15
3354994	-1.20
36617	-1.21
37355	-1.27
39871	-1.44
46201	-1.45
35340	-1.47
32133	-1.50
32100	-1.69
43709	-2.27
