42832	6.02
43183	4.36
32545	4.27
33351	4.24
42291	4.24
43447	4.06
35728	3.68
38447	3.45
31521	3.40
43829	3.40
33386	3.38
32007	3.32
31760	2.92
36583	2.64
35886	2.36
41845	2.28
41840	2.15
41432	2.12
33835	2.11
32133	2.04
44291	1.99
31144	1.97
35422	1.89
31022	1.86
33373	1.85
39251	1.78
32045	1.73
40848	1.71
46069	1.71
33118	1.71
44072	1.61
35970	1.54
31166	1.50
34885	1.46
34256	1.43
47218	1.37
39396	1.32
39484	1.22
35340	1.19
32595	1.06
37587	0.99
42126	0.94
37922	0.92
32221	0.91
32100	0.89
38208	0.86
41347	0.82
37356	0.79
45827	0.75
40232	0.73
44326	0.71
47121	0.70
32789	0.70
43739	0.69
34329	0.68
33629	0.68
47219	0.67
31150	0.63
34250	0.60
44261	0.59
31588	0.58
34352	0.56
40451	0.56
43864	0.56
31838	0.54
34924	0.54
43709	0.53
43466	0.53
37618	0.52
32635	0.50
34070	0.47
32008	0.47
32700	0.45
37804	0.44
38669	0.43
33202	0.42
41181	0.41
31185	0.41
31215	0.39
42971	0.34
37290	0.32
37798	0.31
33235	0.31
43768	0.27
40973	0.27
31700	0.26
43736	0.23
31701	0.23
39340	0.23
34842	0.20
31228	0.19
38983	0.19
34309	0.18
42828	0.14
42029	0.13
40388	0.11
36508	0.10
36288	0.05
31106	0.05
34595	0.04
37355	0.01
33499	-0.01
33986	-0.01
37235	-0.02
37841	-0.05
42946	-0.06
41183	-0.08
35288	-0.09
33105	-0.11
43573	-0.11
42464	-0.13
36390	-0.17
37894	-0.17
31139	-0.19
42649	-0.21
37849	-0.22
38515	-0.23
41844	-0.24
37430	-0.26
36617	-0.32
33710	-0.32
39014	-0.35
39088	-0.35
36018	-0.37
3354994	-0.39
46058	-0.39
42453	-0.42
34419	-0.42
36308	-0.44
34392	-0.45
31052	-0.55
37292	-0.58
45269	-0.64
33487	-0.65
40972	-0.69
41860	-0.73
43229	-0.73
42502	-0.75
31009	-0.75
40607	-0.78
46326	-0.79
34726	-0.81
38456	-0.82
37476	-0.83
44150	-0.84
39879	-0.87
35287	-0.95
43278	-0.97
35119	-1.01
43517	-1.03
37628	-1.07
31176	-1.12
41703	-1.14
39433	-1.15
34411	-1.16
34420	-1.17
35679	-1.17
46201	-1.22
41942	-1.23
35001	-1.24
39429	-1.40
37397	-1.42
35796	-1.43
43577	-1.52
37662	-1.56
36017	-1.61
39871	-1.65
34794	-1.70
44637	-1.71
34504	-1.74
48312	-1.87
31564	-1.95
35305	-1.98
36887	-2.00
33269	-2.17
33112	-2.18
44087	-2.35
41965	-3.40
