43278	12.88
35679	10.17
40973	10.17
33499	9.34
37290	9.20
44637	9.07
34392	8.46
39014	8.28
34794	7.59
47121	7.52
36887	7.49
34595	7.18
36017	7.00
42453	6.98
35119	6.78
31052	6.62
34924	6.18
35796	6.11
46326	5.08
38515	5.04
39429	4.93
43517	4.12
42946	3.86
35001	3.62
40972	3.60
40607	3.57
34250	3.43
34411	3.34
43466	3.19
34842	3.17
34504	3.13
31139	2.96
42971	2.93
38669	2.87
35287	2.83
39340	2.61
42126	2.58
31838	2.32
35305	2.02
43229	2.00
39433	1.96
35288	1.83
40232	1.81
41860	1.78
36508	1.64
42029	1.61
36617	1.59
37618	1.55
36308	1.39
39871	1.33
43739	1.31
42649	1.30
33202	1.30
32045	1.20
37587	1.10
37476	1.02
44072	0.98
41942	0.97
34256	0.92
41432	0.90
43577	0.89
37798	0.88
37894	0.80
36390	0.79
41845	0.78
37662	0.74
42828	0.67
37356	0.67
44326	0.66
46201	0.64
35886	0.62
41844	0.58
32008	0.53
32595	0.52
33986	0.52
39879	0.39
42502	0.36
37355	0.35
31185	0.30
31228	0.28
43829	0.28
40388	0.27
41965	0.25
42291	0.20
33373	0.20
37397	0.18
31150	0.17
48312	0.15
36288	0.13
32789	0.11
31166	0.11
33386	0.10
35340	0.06
31701	0.04
37804	0.04
33105	-0.01
34885	-0.01
37841	-0.05
32545	-0.07
32007	-0.18
46069	-0.19
44087	-0.23
34309	-0.25
37430	-0.26
32100	-0.28
35728	-0.28
33351	-0.33
43447	-0.35
33235	-0.37
31564	-0.45
37922	-0.47
31760	-0.48
43736	-0.49
33269	-0.51
31521	-0.56
33629	-0.58
42832	-0.59
31215	-0.59
41183	-0.60
46058	-0.60
37849	-0.66
41181	-0.68
34726	-0.68
36583	-0.69
41347	-0.77
35422	-0.78
32133	-0.79
43183	-0.80
31022	-0.85
38208	-0.87
33112	-0.89
35970	-0.89
38456	-0.91
33487	-0.91
45827	-0.94
37235	-0.95
45269	-0.96
39251	-0.97
37628	-1.01
41840	-1.03
34419	-1.03
32221	-1.05
36018	-1.05
44261	-1.07
40848	-1.09
34352	-1.14
41550	-1.14
31009	-1.19
39088	-1.23
42464	-1.23
38983	-1.25
44291	-1.28
34070	-1.30
39484	-1.30
43573	-1.33
38447	-1.41
31176	-1.42
32635	-1.42
43864	-1.44
33835	-1.47
34329	-1.49
37292	-1.51
47219	-1.51
33710	-1.56
39396	-1.58
43709	-1.67
34420	-1.67
47218	-1.70
3354994	-1.75
32700	-1.80
31106	-1.82
44150	-1.84
33118	-1.87
43768	-1.90
31144	-2.05
31700	-2.08
31588	-2.10
40451	-2.19
