33202	6.04
42029	5.92
36308	4.90
31838	4.89
33835	4.82
42649	4.53
31700	4.39
44072	3.97
35422	3.90
32635	3.55
33112	3.54
36583	3.54
31521	3.51
31022	3.50
37798	3.49
31760	3.28
34070	3.21
32045	3.14
40848	3.11
34329	3.08
38208	3.06
42464	3.01
34309	2.98
41347	2.86
40451	2.81
45827	2.80
32595	2.72
32133	2.61
31106	2.58
37922	2.47
39879	2.41
39484	2.35
33710	2.30
41844	2.25
31215	2.25
43739	2.21
37662	2.16
41550	2.15
32700	2.15
34420	2.12
37397	2.10
42832	2.04
34352	2.03
44150	1.99
31588	1.98
38983	1.97
43768	1.96
37235	1.95
47219	1.94
36288	1.94
43573	1.94
37292	1.87
35305	1.87
41860	1.85
37804	1.85
43229	1.78
38669	1.77
33487	1.75
33629	1.72
32007	1.70
34885	1.61
43183	1.58
31144	1.56
43864	1.54
35970	1.52
44326	1.50
37841	1.50
31185	1.46
44087	1.45
32100	1.41
33373	1.41
34419	1.40
47218	1.40
33118	1.38
37628	1.35
37356	1.34
41181	1.32
35886	1.29
37430	1.27
46201	1.23
37849	1.21
40388	1.21
31228	1.19
42502	1.19
39433	1.18
33386	1.17
36508	1.16
43736	1.14
31701	1.12
39871	1.09
42828	1.08
31009	1.07
43829	1.05
42291	1.03
37355	1.01
33986	1.01
32221	0.98
39088	0.97
38456	0.95
31150	0.94
43709	0.92
31166	0.91
37587	0.91
41942	0.90
37894	0.86
39251	0.85
36390	0.82
33105	0.79
44291	0.77
36617	0.73
38447	0.70
48312	0.69
44261	0.59
40973	0.59
31052	0.56
34924	0.54
36018	0.52
34256	0.46
33351	0.45
32789	0.44
31176	0.44
46058	0.43
38515	0.42
45269	0.37
46069	0.36
41845	0.36
33269	0.33
44637	0.32
39396	0.32
32545	0.31
39429	0.29
33235	0.25
37476	0.20
43466	0.19
35288	0.19
39340	0.14
34392	0.14
42946	0.10
37290	0.08
41432	0.07
35728	0.06
34726	0.05
39014	0.04
31564	0.02
40232	0.01
47121	-0.01
40972	-0.05
3354994	-0.06
41183	-0.07
36887	-0.13
35340	-0.16
32008	-0.18
43278	-0.23
36017	-0.31
34411	-0.32
33499	-0.35
43447	-0.36
37618	-0.38
40607	-0.41
42126	-0.46
41965	-0.47
46326	-0.49
31139	-0.53
35287	-0.54
35796	-0.54
42971	-0.63
43517	-0.65
35679	-0.65
34250	-0.71
34504	-0.83
43577	-0.90
35001	-0.95
41703	-1.03
34595	-1.08
34842	-1.36
35119	-1.38
34794	-1.45
42453	-1.91
