43229	9.93
44072	9.07
41860	6.97
37841	6.66
41965	5.84
38669	5.70
41942	5.51
32595	4.98
47121	4.48
39014	4.46
40848	4.34
37290	4.29
36390	4.19
33202	4.16
31521	3.88
42649	3.55
36018	3.54
34411	3.44
42502	3.42
45269	3.37
36887	3.36
39879	3.32
35001	3.26
33112	3.11
34924	3.02
43739	2.89
42971	2.78
31144	2.75
39340	2.73
33269	2.68
36288	2.63
44326	2.62
40973	2.62
31838	2.61
40388	2.61
37894	2.58
32221	2.56
35679	2.54
43768	2.53
34392	2.49
39433	2.45
33235	2.42
37587	2.41
3354994	2.38
37397	2.31
41840	2.25
37476	2.22
42828	2.22
42453	2.14
34420	2.13
42029	2.10
33105	2.05
36308	2.04
46058	2.03
37798	1.89
36017	1.89
43736	1.89
31215	1.88
43466	1.88
34504	1.87
46201	1.85
40232	1.82
33835	1.79
43864	1.79
33499	1.78
31052	1.74
31176	1.67
33710	1.62
35287	1.62
48312	1.61
35305	1.56
40972	1.53
37618	1.53
43517	1.52
32635	1.51
43278	1.48
32133	1.46
31700	1.45
39429	1.45
34794	1.43
45827	1.43
34885	1.39
37922	1.37
31701	1.36
34309	1.35
31022	1.30
40607	1.28
35422	1.28
44150	1.27
32007	1.26
34250	1.24
37235	1.22
39484	1.22
32100	1.19
35288	1.18
38208	1.16
34070	1.13
32045	1.13
42464	1.12
34726	1.10
37292	1.10
34352	1.09
36583	1.09
38515	1.07
31150	1.03
31139	1.00
38983	0.96
31588	0.95
39088	0.94
39251	0.92
34419	0.88
37849	0.87
43709	0.83
44637	0.82
47218	0.80
31009	0.79
42291	0.74
31106	0.73
42832	0.71
40451	0.69
31166	0.68
33629	0.67
44087	0.67
41432	0.65
34329	0.64
37430	0.61
39871	0.60
43573	0.58
41703	0.58
46069	0.55
35119	0.53
32700	0.49
43183	0.47
41181	0.46
42126	0.46
37628	0.46
41845	0.44
44261	0.42
42946	0.39
43829	0.27
31760	0.25
34842	0.18
37662	0.16
35970	0.13
34595	0.10
32545	0.08
41347	0.05
37356	0.05
35886	0.03
31228	-0.01
47219	-0.04
33487	-0.12
31564	-0.19
32008	-0.21
41550	-0.24
37804	-0.31
44291	-0.33
35728	-0.34
32789	-0.34
41183	-0.39
33386	-0.44
36508	-0.57
38447	-0.61
33986	-0.66
33118	-0.66
39396	-0.68
37355	-0.71
33373	-0.71
43447	-0.74
36617	-0.81
33351	-0.87
31185	-0.92
43577	-0.96
46326	-1.00
35796	-1.28
38456	-1.46
34256	-1.48
35340	-1.57
