42291	17.34
46069	17.00
41432	16.86
32007	11.01
43829	9.91
38447	9.68
35728	9.53
33351	6.49
43447	6.45
39251	6.17
31150	5.74
43739	5.49
33386	5.40
42832	5.21
31228	4.83
31166	4.81
37922	4.52
43183	4.16
32789	3.79
44326	3.73
32545	3.63
35886	3.46
46058	3.36
40451	3.35
45269	3.31
37587	3.06
32595	2.98
34309	2.82
31700	2.62
37804	2.47
32635	2.41
41550	2.28
42464	2.25
34329	2.19
33373	2.17
43864	2.09
43768	2.08
44291	2.05
33710	2.05
31588	1.97
37235	1.90
37628	1.89
32700	1.87
34411	1.85
31760	1.82
34256	1.82
31022	1.76
38983	1.74
34352	1.61
34504	1.56
34420	1.55
39484	1.52
39088	1.52
36018	1.51
31106	1.51
39396	1.50
40848	1.49
32008	1.45
33118	1.40
35970	1.39
38208	1.37
33487	1.33
37430	1.24
37292	1.24
31009	1.18
34070	1.16
43573	1.14
44150	1.14
48312	1.13
38669	1.13
33629	1.11
39014	1.08
47218	1.07
36308	1.02
37798	0.99
44072	0.99
47121	0.98
37841	0.92
33105	0.91
31185	0.90
33499	0.87
41860	0.84
34885	0.80
32045	0.79
37290	0.79
41703	0.78
40232	0.78
36508	0.77
35422	0.75
41183	0.74
42828	0.68
47219	0.68
40388	0.60
33986	0.58
43736	0.57
42971	0.54
42649	0.53
44087	0.51
41844	0.44
39429	0.44
37618	0.44
36288	0.39
43278	0.38
41965	0.38
41840	0.36
33835	0.35
39340	0.35
36583	0.35
42029	0.33
31838	0.33
42453	0.33
37849	0.31
34419	0.27
33235	0.25
42946	0.24
43517	0.23
41181	0.21
33202	0.20
34250	0.16
38515	0.09
43229	0.07
31176	0.06
45827	0.05
31701	0.04
34595	0.02
34924	0.02
33269	-0.00
37662	-0.00
32221	-0.02
31052	-0.03
44261	-0.03
37894	-0.04
35119	-0.07
31139	-0.08
35679	-0.12
34726	-0.12
34794	-0.12
41347	-0.16
40973	-0.16
35305	-0.31
35001	-0.32
36017	-0.32
31144	-0.35
32100	-0.36
36390	-0.36
41942	-0.37
3354994	-0.38
44637	-0.39
39879	-0.41
35796	-0.46
33112	-0.47
46201	-0.48
40607	-0.49
36887	-0.49
31521	-0.50
34392	-0.55
39433	-0.57
37397	-0.61
46326	-0.64
42502	-0.64
43466	-0.64
43709	-0.65
35288	-0.66
34842	-0.68
37476	-0.73
31215	-0.76
38456	-0.81
32133	-0.95
39871	-1.18
36617	-1.20
37355	-1.27
31564	-1.33
35287	-1.50
43577	-1.55
35340	-1.59
40972	-1.76
37356	-1.80
42126	-1.94
