37397	9.32
33112	8.89
37662	8.24
44087	8.11
42502	7.88
44072	7.46
41844	6.97
31701	6.20
38669	6.10
42649	5.85
37290	5.83
35305	5.70
46201	5.56
33269	5.37
36308	5.35
37798	5.34
39871	5.33
36288	5.13
36887	4.96
42029	4.60
43739	4.45
43229	4.40
40973	4.39
39879	4.38
39014	4.16
31176	4.11
35679	4.08
36617	4.03
40451	4.01
33710	4.00
34309	3.78
44326	3.72
47121	3.56
39433	3.51
48312	3.51
45827	3.48
31106	3.44
37841	3.41
31700	3.39
32595	3.37
34411	3.37
39340	3.32
34420	3.31
33499	3.20
34329	3.17
43278	3.04
31838	2.99
43768	2.98
31588	2.93
32635	2.91
34392	2.90
47218	2.87
36018	2.76
42453	2.76
34070	2.75
35001	2.73
45269	2.64
46058	2.59
34352	2.59
31052	2.57
38983	2.55
37618	2.55
39484	2.54
41347	2.51
35422	2.49
37628	2.49
44150	2.48
42464	2.43
41965	2.42
43864	2.40
34504	2.35
37894	2.29
40848	2.20
38208	2.18
38515	2.16
43573	2.13
43517	2.07
40232	2.07
31150	2.06
34595	2.03
41942	2.02
33105	2.00
34419	1.96
43466	1.94
42971	1.93
32700	1.86
41840	1.85
37235	1.83
31228	1.81
32045	1.79
37292	1.79
33202	1.78
41703	1.78
32007	1.74
35288	1.68
37922	1.67
34885	1.66
31521	1.66
39088	1.61
36017	1.61
33835	1.60
31022	1.51
33986	1.50
33629	1.48
37587	1.41
35119	1.40
33487	1.39
34794	1.37
37849	1.26
42828	1.26
40388	1.22
37476	1.21
33235	1.13
40972	1.08
44261	1.06
43829	0.98
42291	0.91
46326	0.90
41845	0.84
36390	0.82
34924	0.82
36508	0.80
39429	0.80
38447	0.78
32008	0.78
47219	0.75
31009	0.71
32221	0.70
36583	0.64
31760	0.62
43183	0.57
31215	0.55
41183	0.53
32789	0.44
31144	0.43
3354994	0.43
42832	0.43
34726	0.43
41432	0.43
35796	0.38
34842	0.36
33118	0.30
44637	0.25
32133	0.20
40607	0.19
32100	0.17
37430	0.15
46069	0.14
41181	0.10
42946	0.06
44291	0.03
43736	0.01
34250	-0.04
33373	-0.06
39251	-0.07
43447	-0.07
33386	-0.09
31185	-0.11
35728	-0.13
31139	-0.19
35287	-0.21
32545	-0.25
37355	-0.33
33351	-0.35
31166	-0.47
43577	-0.57
35886	-0.59
38456	-0.65
37356	-0.71
41550	-0.73
35970	-0.77
31564	-0.83
35340	-0.83
34256	-0.93
37804	-0.94
39396	-1.40
43709	-1.69
42126	-2.24
