33235	7.34
35001	6.34
32100	5.82
41844	5.51
36390	5.07
43229	4.63
43517	3.72
47121	3.34
46326	3.30
38669	3.23
31144	3.22
33112	3.13
42971	3.11
39014	3.00
41965	2.68
40607	2.63
43709	2.61
46201	2.56
44072	2.51
37356	2.22
3354994	2.17
39429	2.16
42649	2.12
31838	2.12
37476	2.11
35679	2.08
41860	2.02
42029	1.96
40973	1.88
41181	1.86
40848	1.86
42453	1.83
34504	1.77
34924	1.76
31052	1.70
34411	1.65
31166	1.64
31521	1.54
39340	1.50
35287	1.47
37841	1.45
43278	1.43
44637	1.41
35288	1.41
33202	1.39
31139	1.38
36308	1.32
34392	1.31
34309	1.25
43736	1.18
44261	1.15
37618	1.15
36887	1.07
40232	1.06
31176	1.01
41703	0.97
43739	0.96
33835	0.95
32221	0.92
37397	0.91
41840	0.90
35422	0.88
31701	0.86
38515	0.85
35970	0.84
44087	0.84
40972	0.84
38208	0.76
31150	0.76
43466	0.76
42828	0.74
31760	0.73
33269	0.68
32595	0.68
37894	0.64
35340	0.61
34726	0.59
42946	0.58
32789	0.57
36617	0.56
31022	0.49
37662	0.47
42832	0.44
31106	0.44
34070	0.42
48312	0.42
45269	0.42
38456	0.38
33105	0.29
42502	0.29
34885	0.27
34842	0.24
39879	0.23
34595	0.21
32045	0.19
34794	0.16
39871	0.14
35796	0.12
31700	0.12
41347	0.10
35119	0.05
32635	0.02
34420	0.01
32133	0.01
35305	-0.01
33351	-0.07
33118	-0.08
45827	-0.09
33710	-0.09
39251	-0.09
44150	-0.10
31564	-0.11
37430	-0.11
44326	-0.11
37798	-0.11
36017	-0.14
33487	-0.15
33373	-0.16
36018	-0.16
31228	-0.20
37290	-0.23
32007	-0.24
31588	-0.24
38447	-0.25
33986	-0.27
43768	-0.28
31215	-0.30
34352	-0.34
37235	-0.35
46058	-0.35
41845	-0.37
37849	-0.37
40451	-0.37
42464	-0.38
43447	-0.42
37587	-0.43
31009	-0.44
33499	-0.46
40388	-0.46
36508	-0.48
46069	-0.48
41183	-0.49
32008	-0.54
34250	-0.55
33629	-0.57
31185	-0.62
43864	-0.68
47218	-0.70
39484	-0.72
37355	-0.77
35886	-0.90
44291	-0.91
39433	-0.94
34419	-0.94
35728	-0.96
43573	-0.96
34329	-0.98
42126	-1.00
37628	-1.01
37292	-1.03
37922	-1.04
41432	-1.07
39088	-1.09
38983	-1.12
43183	-1.19
32545	-1.19
39396	-1.20
33386	-1.21
34256	-1.22
41550	-1.23
36288	-1.27
43577	-1.28
37804	-1.28
36583	-1.42
42291	-1.48
32700	-1.57
47219	-1.72
43829	-1.76
