43229	6.06
41844	5.84
37841	5.22
34411	3.25
31228	3.14
31150	2.87
39433	2.85
37292	2.75
33629	2.71
41942	2.68
45269	2.67
46058	2.66
38983	2.65
44072	2.57
33269	2.51
34420	2.51
48312	2.49
41860	2.42
43573	2.41
42464	2.41
32635	2.40
33710	2.39
37290	2.37
40972	2.36
44150	2.28
33487	2.27
32595	2.25
31009	2.21
37430	2.16
36017	2.11
36018	2.11
43864	2.10
43739	2.00
37235	1.99
34504	1.97
31176	1.87
39088	1.85
35305	1.84
36887	1.78
36390	1.76
42649	1.74
32100	1.73
39014	1.64
44326	1.64
33235	1.63
37628	1.62
35001	1.57
47219	1.49
34329	1.45
37662	1.39
39879	1.38
31700	1.35
39429	1.34
36288	1.34
32700	1.34
34392	1.29
34352	1.29
31838	1.27
43768	1.26
3354994	1.25
34794	1.23
32045	1.22
34419	1.19
36308	1.18
46201	1.16
39251	1.15
37397	1.12
37849	1.12
34595	1.12
43709	1.12
33112	1.11
42453	1.08
37922	1.07
39484	0.97
37476	0.97
45827	0.92
43278	0.86
33202	0.77
47218	0.75
42029	0.71
41181	0.70
37355	0.69
31701	0.68
37587	0.68
31588	0.67
42502	0.62
43736	0.58
44087	0.58
40973	0.55
35288	0.45
46069	0.42
38208	0.41
31106	0.41
34309	0.41
41845	0.38
34070	0.37
33105	0.35
32008	0.33
44637	0.33
40848	0.32
41347	0.31
37894	0.30
41703	0.25
31760	0.21
35679	0.18
42828	0.17
36508	0.17
46326	0.09
43447	0.08
42971	0.03
43577	0.03
39871	0.02
32789	-0.01
41432	-0.02
31564	-0.04
40451	-0.04
40388	-0.06
38515	-0.07
43517	-0.08
34726	-0.08
34924	-0.08
33499	-0.11
43466	-0.12
31022	-0.20
37804	-0.21
36617	-0.23
35287	-0.24
31521	-0.26
38456	-0.29
39340	-0.32
37618	-0.32
32221	-0.32
32545	-0.37
31215	-0.45
38669	-0.47
41840	-0.47
31052	-0.48
34250	-0.48
47121	-0.49
35970	-0.55
33835	-0.56
35119	-0.58
37798	-0.64
35422	-0.68
33118	-0.68
35728	-0.71
35796	-0.76
37356	-0.77
31144	-0.85
40232	-0.86
44261	-0.89
33986	-0.98
33351	-1.02
44291	-1.04
35340	-1.08
33373	-1.09
31139	-1.13
42832	-1.14
32133	-1.15
43183	-1.18
42291	-1.27
32007	-1.27
42126	-1.31
34842	-1.33
35886	-1.46
40607	-1.47
36583	-1.48
31166	-1.49
38447	-1.55
42946	-1.64
43829	-1.65
33386	-1.66
41183	-1.71
39396	-1.72
31185	-1.96
34256	-2.20
34885	-2.39
41550	-3.40
