36308	20.97
42649	19.68
31838	14.81
33202	10.41
31760	7.14
39879	6.81
32045	6.59
41840	5.92
36288	5.30
44072	4.67
41860	4.60
44326	4.51
32595	4.48
35305	4.48
37662	4.13
33112	4.00
34392	3.90
42828	3.59
40451	3.48
32133	3.39
39433	3.37
36583	3.37
43739	3.36
31106	3.29
31215	3.28
40973	3.18
45827	3.02
31185	2.99
31521	2.95
37841	2.92
38456	2.92
33105	2.87
37922	2.83
31176	2.76
37804	2.70
34885	2.64
40388	2.62
31150	2.62
37397	2.56
37894	2.55
44087	2.55
37290	2.48
37798	2.44
34309	2.42
31701	2.39
46058	2.35
33269	2.35
35679	2.32
31228	2.30
38208	2.29
36887	2.28
40972	2.23
34070	2.23
36508	2.18
43229	2.15
32789	2.14
41844	2.10
38669	2.10
32100	2.09
40848	2.08
44637	2.05
43278	2.01
41942	1.96
35288	1.94
46326	1.90
44261	1.90
44291	1.81
34352	1.76
37587	1.76
42502	1.72
36617	1.71
43466	1.70
31700	1.67
34924	1.65
33373	1.64
37356	1.63
41703	1.61
32008	1.58
32635	1.58
36018	1.56
33351	1.55
31564	1.54
33835	1.50
38515	1.48
41347	1.45
31588	1.42
31166	1.42
46201	1.42
34329	1.40
33986	1.35
39340	1.33
35970	1.33
33499	1.30
45269	1.28
37235	1.21
35796	1.20
37628	1.15
48312	1.12
43736	1.11
31022	1.11
38447	1.09
42291	1.07
43573	1.03
33487	1.02
31052	1.02
37476	1.02
39871	1.02
39014	1.01
32700	1.01
35728	1.01
34794	0.98
37355	0.95
40607	0.93
32545	0.88
38983	0.88
39251	0.87
34595	0.78
47121	0.76
34411	0.73
41432	0.73
42464	0.72
41965	0.71
43829	0.65
40232	0.64
35886	0.62
47218	0.58
41183	0.56
43864	0.56
34504	0.53
35422	0.52
31144	0.51
33710	0.51
31009	0.51
36017	0.49
34256	0.47
43183	0.47
39484	0.46
37430	0.46
36390	0.43
39088	0.39
43447	0.35
41845	0.33
39396	0.32
43517	0.31
37849	0.29
42832	0.27
42126	0.25
37618	0.25
35119	0.21
32007	0.20
31139	0.15
34726	0.14
41550	0.13
43577	0.05
37292	0.04
33386	0.03
33235	0.02
33629	-0.01
35287	-0.01
34420	-0.04
43768	-0.04
42946	-0.19
47219	-0.34
42453	-0.35
42971	-0.36
44150	-0.47
43709	-0.57
39429	-0.57
41181	-0.57
35001	-0.75
32221	-0.90
34250	-1.00
46069	-1.06
33118	-1.11
34842	-1.21
3354994	-1.31
34419	-1.35
35340	-1.56
