31139	7.15
35287	7.07
42946	5.87
38515	4.93
40607	4.62
43517	4.23
34250	4.22
44637	3.83
42971	3.76
39429	3.65
34842	3.47
35679	3.44
36390	3.14
40232	3.13
35001	3.03
35119	2.92
34504	2.74
36017	2.72
37476	2.68
41703	2.58
40972	2.50
37618	2.49
34595	2.46
35288	2.43
46326	2.42
34924	2.38
42453	2.35
33202	2.31
35796	2.29
39340	2.23
40973	2.23
31052	2.13
34794	2.04
43278	2.01
43466	1.88
34392	1.87
37290	1.86
36887	1.85
43229	1.77
47121	1.61
34411	1.44
33499	1.29
43577	1.20
40388	0.96
41550	0.94
31215	0.81
31166	0.77
43709	0.72
37922	0.68
38456	0.65
32133	0.65
37894	0.55
44261	0.52
41844	0.46
32008	0.46
31760	0.42
35970	0.40
42649	0.40
39014	0.32
34256	0.31
43736	0.28
31564	0.28
35886	0.27
36583	0.26
42029	0.25
37587	0.23
36508	0.22
37804	0.12
31838	0.11
31521	0.03
43829	0.03
39396	0.02
44326	-0.03
32045	-0.04
44072	-0.05
36617	-0.06
33629	-0.06
36308	-0.07
44291	-0.09
32100	-0.09
37355	-0.15
33386	-0.20
31022	-0.21
39879	-0.22
42828	-0.23
35340	-0.25
3354994	-0.26
38208	-0.27
33986	-0.28
36288	-0.29
32595	-0.30
37356	-0.31
37798	-0.35
43447	-0.36
33373	-0.38
39871	-0.38
33105	-0.39
42291	-0.39
33351	-0.41
41840	-0.46
39433	-0.46
31144	-0.52
39088	-0.56
34885	-0.57
41181	-0.57
31185	-0.59
38669	-0.59
31106	-0.61
32545	-0.61
34352	-0.62
43183	-0.63
35728	-0.64
39484	-0.66
42502	-0.72
34070	-0.72
41432	-0.73
37430	-0.75
34329	-0.76
37841	-0.79
33118	-0.84
32007	-0.84
46058	-0.84
34419	-0.85
34726	-0.89
32789	-0.91
34309	-0.92
41183	-0.94
35305	-0.95
45827	-0.96
43739	-0.97
41942	-1.00
48312	-1.02
42832	-1.02
32221	-1.08
33487	-1.12
36018	-1.18
43573	-1.20
40848	-1.22
32700	-1.24
46201	-1.24
41965	-1.31
37235	-1.36
35422	-1.36
45269	-1.37
41347	-1.37
47219	-1.38
31150	-1.39
37662	-1.41
31009	-1.41
46069	-1.46
31701	-1.47
31228	-1.51
37397	-1.54
33835	-1.58
37849	-1.59
38983	-1.63
37292	-1.67
31176	-1.71
33235	-1.72
40451	-1.80
37628	-1.81
31588	-1.87
39251	-1.91
41845	-1.94
43768	-1.94
42464	-1.99
47218	-2.18
41860	-2.24
43864	-2.27
33269	-2.30
32635	-2.37
38447	-2.38
33710	-2.46
44150	-2.60
34420	-2.65
44087	-2.73
33112	-2.75
31700	-2.87
