41845	17.34
41432	14.96
46069	11.61
32007	10.29
43829	9.55
35728	9.12
38447	8.48
43447	8.47
33351	7.93
43183	6.40
43739	6.26
44326	5.77
33386	5.63
31150	5.60
39251	5.28
42832	5.19
31166	4.97
31228	4.89
37587	4.88
37922	4.40
41550	4.24
32789	4.21
32545	4.20
35886	4.00
31760	3.67
34070	3.39
40451	3.35
34329	3.17
38208	3.16
39484	3.11
44291	3.10
32595	3.08
34309	3.06
33629	3.03
45827	2.89
31022	2.79
34352	2.77
38983	2.75
31106	2.61
31588	2.61
31700	2.58
37804	2.56
40848	2.55
33373	2.46
32635	2.43
45269	2.42
42464	2.36
37628	2.32
34256	2.30
31009	2.28
39088	2.28
46058	2.27
36508	2.22
43573	2.20
32700	2.10
39396	2.08
47218	1.88
40388	1.86
32045	1.83
37235	1.78
31185	1.72
33710	1.72
36018	1.69
42828	1.68
44072	1.66
47219	1.64
35422	1.60
33105	1.56
36583	1.51
34885	1.48
37430	1.46
34420	1.44
33986	1.39
32008	1.33
48312	1.33
33487	1.30
31521	1.24
37290	1.22
35970	1.21
37292	1.21
33835	1.11
33202	1.07
42029	1.07
37476	1.05
41840	1.03
37618	1.00
39433	0.98
37798	0.91
41860	0.91
37894	0.91
36308	0.86
47121	0.82
34419	0.82
32133	0.81
43768	0.79
42649	0.79
34411	0.78
37841	0.77
44261	0.76
41844	0.74
31215	0.71
33499	0.70
36288	0.70
43864	0.67
41347	0.67
34504	0.56
33118	0.56
31139	0.50
31144	0.48
32221	0.47
40232	0.43
34250	0.41
43229	0.41
42946	0.41
42453	0.38
39879	0.24
42971	0.22
44150	0.21
41703	0.20
41183	0.18
39014	0.16
43466	0.16
39340	0.11
40973	0.09
43736	0.08
43278	0.06
34924	0.04
37849	0.02
34595	0.00
40607	-0.02
31701	-0.03
43517	-0.05
38456	-0.11
35305	-0.11
39429	-0.18
34726	-0.22
38515	-0.23
34392	-0.27
31838	-0.29
35001	-0.29
33269	-0.29
31052	-0.32
38669	-0.35
32100	-0.36
34794	-0.39
42502	-0.39
42126	-0.39
46201	-0.40
44087	-0.49
35119	-0.52
35679	-0.58
37662	-0.63
41181	-0.64
31176	-0.64
36887	-0.64
33112	-0.69
36390	-0.69
3354994	-0.77
36017	-0.80
35288	-0.80
44637	-0.94
35796	-0.97
34842	-1.05
31564	-1.06
37356	-1.11
39871	-1.14
35287	-1.21
33235	-1.22
37397	-1.25
40972	-1.26
41965	-1.27
43577	-1.29
46326	-1.32
41942	-1.48
43709	-1.53
36617	-1.68
35340	-1.98
37355	-2.23
