35119	8.45
31052	8.03
37290	7.53
35679	7.24
41703	6.98
40973	6.68
34794	6.67
47121	6.56
43278	6.35
39014	5.73
34392	5.71
33499	5.54
36017	5.40
44637	5.34
34595	5.33
46326	5.32
43229	5.31
36887	5.29
37476	5.29
35796	4.50
31139	4.29
34250	3.93
34842	3.75
40972	3.57
35001	3.54
34411	3.51
43466	3.17
37587	3.00
35288	2.87
34924	2.86
40607	2.78
41860	2.76
38669	2.71
39340	2.45
42971	2.36
42126	2.35
43517	2.24
35287	2.17
41844	2.14
37798	2.09
42946	1.89
37618	1.84
41942	1.83
36288	1.77
31701	1.68
38515	1.64
42502	1.28
36617	1.20
35305	1.19
43739	1.16
41965	1.08
33269	1.08
39429	1.06
44072	1.05
44326	1.04
46201	0.92
36390	0.80
40232	0.79
40388	0.74
31838	0.67
31176	0.65
32595	0.64
39871	0.63
34504	0.59
31166	0.57
43829	0.43
33629	0.41
42291	0.38
45827	0.35
36508	0.33
41845	0.33
37894	0.32
46069	0.29
31228	0.29
33105	0.29
42828	0.28
33986	0.24
41432	0.22
33202	0.17
37922	0.17
43447	0.15
33373	0.11
32008	0.10
37397	0.07
34885	0.06
31150	0.06
44291	0.05
35728	0.02
32007	-0.01
37662	-0.03
32789	-0.11
41183	-0.12
33235	-0.13
42649	-0.15
39433	-0.20
43577	-0.21
34309	-0.26
34726	-0.27
43768	-0.30
42029	-0.35
37841	-0.38
44261	-0.38
3354994	-0.41
41550	-0.42
42464	-0.42
31215	-0.44
38456	-0.49
39879	-0.50
32100	-0.50
39484	-0.54
34419	-0.55
33351	-0.62
32045	-0.69
36308	-0.72
35886	-0.72
34256	-0.74
48312	-0.75
33112	-0.81
44150	-0.81
36018	-0.83
37804	-0.83
41181	-0.84
33386	-0.85
45269	-0.85
31564	-0.89
37430	-0.93
32635	-0.93
39088	-0.94
32221	-0.98
32545	-0.99
33710	-1.01
42832	-1.03
38447	-1.07
34420	-1.07
43736	-1.12
34352	-1.12
31185	-1.14
37356	-1.17
32133	-1.18
37235	-1.22
44087	-1.24
32700	-1.29
31009	-1.29
37849	-1.37
31521	-1.37
35970	-1.41
31144	-1.44
43864	-1.44
33118	-1.44
31022	-1.47
34070	-1.52
41347	-1.52
46058	-1.52
47219	-1.54
40848	-1.56
39396	-1.57
35422	-1.64
31106	-1.65
43573	-1.68
34329	-1.68
33835	-1.71
39251	-1.72
31700	-1.76
38983	-1.76
43183	-1.78
31588	-1.80
33487	-1.82
38208	-1.82
40451	-1.90
31760	-1.90
41840	-1.91
37292	-1.92
37355	-2.12
35340	-2.14
47218	-2.17
37628	-2.18
36583	-2.21
43709	-2.64
