33629	18.26
34352	16.17
34420	15.49
32635	15.19
38983	15.14
43573	14.40
31700	13.96
39484	13.94
37235	13.53
39088	13.49
37430	13.23
32700	13.14
34070	12.97
33487	12.81
37292	12.65
31009	12.60
43864	12.55
44150	12.44
34329	12.19
47218	11.93
31106	11.92
31588	11.91
37628	11.79
34309	11.44
47219	11.43
38208	10.87
40451	10.20
43768	10.12
31022	10.03
37849	10.02
34419	9.91
33710	8.35
41347	8.16
33835	7.98
45827	6.68
35422	6.18
43739	5.77
37798	5.35
32595	3.84
37841	3.79
37922	3.55
32789	3.27
37397	3.27
33118	3.24
46069	3.14
37662	3.08
41840	3.01
48312	2.73
39251	2.67
44072	2.60
31176	2.52
41860	2.43
41965	2.41
42291	2.36
39433	2.27
41845	2.25
35288	1.96
41432	1.94
3354994	1.77
46058	1.71
31228	1.68
44087	1.56
43229	1.55
44326	1.36
31701	1.29
36288	1.25
33269	1.21
33986	1.15
41844	1.12
44291	1.11
35970	1.08
43736	1.04
31521	1.03
32007	0.99
37804	0.99
37355	0.96
38447	0.90
32100	0.90
36018	0.84
37587	0.79
42502	0.76
40848	0.74
42029	0.72
36308	0.69
31838	0.68
32545	0.64
31150	0.58
36017	0.58
37290	0.57
42649	0.56
36617	0.53
34411	0.49
37476	0.48
32133	0.46
33202	0.45
42832	0.43
45269	0.43
43447	0.43
33112	0.40
31760	0.39
35728	0.38
39879	0.28
46201	0.28
34726	0.26
34250	0.19
32221	0.16
33235	0.14
31166	0.13
35886	0.12
39014	0.08
39871	0.03
32008	0.01
40973	0.01
37618	-0.03
40232	-0.05
33351	-0.05
34256	-0.07
37356	-0.11
43829	-0.11
34504	-0.11
41550	-0.13
43183	-0.21
39396	-0.25
43709	-0.31
36390	-0.32
33373	-0.34
41942	-0.38
33499	-0.39
41181	-0.41
43466	-0.41
42453	-0.42
35305	-0.47
44261	-0.48
35287	-0.48
38456	-0.55
43278	-0.55
31185	-0.55
31215	-0.56
41183	-0.59
38515	-0.61
39340	-0.64
35796	-0.66
34595	-0.66
36887	-0.67
33386	-0.71
31052	-0.71
38669	-0.71
35119	-0.74
34794	-0.81
31139	-0.85
36508	-0.89
34392	-0.91
39429	-1.01
47121	-1.05
36583	-1.07
42971	-1.19
43577	-1.20
33105	-1.21
31564	-1.22
40388	-1.23
41703	-1.23
32045	-1.24
42828	-1.27
42946	-1.30
35340	-1.37
34924	-1.40
40972	-1.40
35679	-1.42
44637	-1.43
35001	-1.44
31144	-1.64
46326	-1.67
34842	-1.69
37894	-1.85
34885	-1.85
43517	-1.97
42126	-1.99
40607	-2.27
