46201	10.86
39871	10.66
44087	10.34
31701	9.94
33112	9.93
41860	7.88
33269	7.87
37397	7.20
36617	6.65
37662	6.05
31176	5.62
35305	5.61
37798	4.89
38669	4.78
44072	3.63
41844	3.42
36887	3.21
48312	3.09
33118	3.02
39433	2.63
36288	2.24
45827	2.16
34885	2.10
34419	2.09
32221	2.01
47121	1.93
33710	1.87
43768	1.85
33235	1.84
35679	1.75
42029	1.72
42649	1.67
31052	1.58
37476	1.53
36308	1.50
31838	1.50
39014	1.39
3354994	1.35
35422	1.28
42453	1.28
37587	1.20
31144	1.19
41840	1.19
39879	1.16
33835	1.15
43864	1.10
43229	1.08
34842	1.07
44261	0.99
36508	0.97
35288	0.88
32045	0.88
42971	0.88
40973	0.86
31700	0.84
33986	0.84
44326	0.83
36583	0.79
43278	0.77
42464	0.76
36390	0.72
35119	0.71
35340	0.69
34309	0.69
40232	0.66
41965	0.62
40607	0.60
35001	0.58
34595	0.58
32008	0.55
31150	0.54
45269	0.53
37849	0.52
34392	0.51
37841	0.51
47218	0.49
41347	0.48
36017	0.47
43466	0.46
34352	0.45
33105	0.43
43577	0.42
37290	0.42
40451	0.41
32007	0.40
40972	0.36
41703	0.36
37894	0.34
46326	0.34
37355	0.31
33487	0.31
38515	0.30
39484	0.30
31588	0.30
31022	0.29
41942	0.29
40848	0.25
34411	0.24
41181	0.23
42832	0.22
37628	0.21
43517	0.18
33202	0.18
31106	0.14
34726	0.14
37430	0.14
32100	0.13
39396	0.12
39088	0.09
37235	0.08
31521	0.04
44150	0.03
43183	0.02
32635	-0.02
40388	-0.03
34420	-0.04
31228	-0.07
34924	-0.10
39340	-0.13
31139	-0.15
34794	-0.16
42828	-0.19
38208	-0.21
37292	-0.22
33629	-0.23
37618	-0.23
34329	-0.24
36018	-0.24
47219	-0.26
38447	-0.28
43709	-0.30
31760	-0.33
43736	-0.34
34070	-0.37
42291	-0.39
31009	-0.40
43573	-0.40
44637	-0.43
41183	-0.43
35796	-0.44
31215	-0.45
35970	-0.45
37356	-0.46
31564	-0.48
33499	-0.58
41845	-0.64
32133	-0.64
42126	-0.72
38983	-0.74
41550	-0.75
43739	-0.76
39429	-0.78
43447	-0.78
34504	-0.79
46058	-0.86
41432	-0.86
34250	-0.88
31166	-0.89
44291	-0.97
35287	-1.02
46069	-1.03
43829	-1.06
31185	-1.07
34256	-1.08
33373	-1.21
33386	-1.22
35886	-1.26
37922	-1.38
32700	-1.38
39251	-1.39
37804	-1.43
38456	-1.45
42946	-1.47
32595	-1.79
32789	-1.91
33351	-2.24
35728	-2.34
32545	-2.72
