36308	21.64
42029	19.68
31838	15.40
33202	8.73
39879	7.98
32045	7.13
36288	7.07
35305	6.05
31760	5.90
41860	5.85
32595	5.19
37662	4.89
33112	4.62
37841	4.58
41840	4.53
44072	4.46
34392	4.28
36583	4.04
40451	3.65
39433	3.63
33105	3.61
44326	3.55
41844	3.55
43739	3.39
36887	3.34
42828	3.33
40972	3.20
40973	3.17
32133	3.15
31701	3.02
37894	2.99
36018	2.97
43229	2.94
44087	2.92
37290	2.91
35288	2.91
37397	2.88
45269	2.86
38456	2.84
34309	2.83
31521	2.78
36617	2.74
33269	2.69
40848	2.66
31215	2.65
40388	2.61
37922	2.61
45827	2.61
35679	2.47
31106	2.44
32008	2.42
38669	2.41
44261	2.41
31150	2.38
39340	2.37
43278	2.37
46058	2.36
34070	2.27
31176	2.25
37587	2.22
37798	2.22
37628	2.21
41942	2.12
37804	2.11
44637	2.11
31052	2.07
46201	2.05
31588	2.03
31228	2.00
39014	1.97
31185	1.95
41347	1.91
44291	1.90
34352	1.86
33487	1.86
34411	1.80
37235	1.78
41965	1.74
34329	1.72
33710	1.72
32789	1.71
42502	1.67
43829	1.66
43864	1.59
40607	1.56
33373	1.55
31564	1.50
33986	1.47
34794	1.46
37292	1.45
43768	1.44
32700	1.44
31700	1.44
36508	1.42
35422	1.40
38208	1.39
33499	1.38
39251	1.37
43736	1.35
39088	1.34
41703	1.30
38515	1.30
39484	1.30
32635	1.30
33235	1.26
43466	1.25
43573	1.25
37476	1.23
35796	1.12
38983	1.07
31009	1.07
32545	1.05
41181	0.97
33351	0.96
31144	0.91
37618	0.88
31022	0.86
39871	0.84
34595	0.83
44150	0.82
36390	0.82
33835	0.81
42291	0.79
47121	0.76
35728	0.75
34504	0.75
34885	0.71
36017	0.71
47218	0.68
37430	0.68
48312	0.68
37849	0.59
35287	0.56
42464	0.56
34256	0.55
41845	0.53
34924	0.49
34420	0.44
35119	0.43
42832	0.42
42126	0.40
32007	0.39
37356	0.34
38447	0.33
40232	0.31
33629	0.30
37355	0.29
41183	0.27
41432	0.19
39429	0.19
46326	0.17
47219	0.16
43709	0.15
32100	0.06
35886	0.05
43517	0.04
31166	0.04
39396	0.02
42946	0.02
43447	-0.01
42453	-0.15
35970	-0.18
41550	-0.21
34726	-0.31
3354994	-0.33
43577	-0.45
42971	-0.52
31139	-0.52
46069	-0.64
34419	-0.73
35001	-0.81
33386	-0.83
35340	-1.01
43183	-1.07
34842	-1.22
33118	-1.33
34250	-1.95
32221	-2.10
