33105	19.30
40388	18.13
37894	14.38
36018	12.59
45269	12.07
46058	10.50
39879	5.17
31521	4.21
31185	3.90
36308	3.80
40848	3.73
37922	3.71
42029	3.59
39433	3.50
42649	3.33
38456	3.26
33202	3.19
31760	3.03
32133	3.03
43739	2.98
31215	2.97
32595	2.79
37804	2.74
40972	2.58
37841	2.49
36288	2.44
36887	2.35
32789	2.34
44072	2.28
41844	2.22
37587	2.16
31144	2.15
31150	2.07
44291	2.05
39251	2.05
34794	1.97
34392	1.94
37476	1.93
40973	1.87
35305	1.77
34504	1.73
42291	1.68
43577	1.66
44326	1.61
31838	1.60
37290	1.55
32545	1.55
40451	1.55
33835	1.54
39014	1.50
35679	1.41
33373	1.32
33269	1.28
41860	1.26
31166	1.25
35422	1.21
35287	1.19
34070	1.18
33351	1.16
41840	1.08
38208	1.04
44261	1.04
38447	1.04
31701	1.02
33986	0.99
35728	0.99
43278	0.98
43229	0.97
31228	0.96
40607	0.96
36583	0.90
34726	0.88
33499	0.85
41942	0.74
34309	0.71
37798	0.71
34256	0.70
45827	0.69
39396	0.68
44637	0.68
34842	0.68
41845	0.68
32045	0.68
41703	0.67
41432	0.66
34885	0.64
43829	0.60
43864	0.57
47121	0.52
33235	0.51
37356	0.51
31052	0.49
48312	0.48
41183	0.48
31564	0.48
31139	0.47
37849	0.46
32221	0.45
43768	0.44
31588	0.41
37397	0.39
37292	0.38
43447	0.35
32100	0.30
39484	0.30
37355	0.29
42453	0.28
39429	0.25
33386	0.24
3354994	0.23
34352	0.20
41347	0.20
38983	0.19
35886	0.19
41965	0.17
44087	0.15
41550	0.14
32007	0.10
33710	0.07
32008	0.05
46326	0.01
35119	-0.01
47218	-0.01
43517	-0.05
31106	-0.05
38515	-0.06
33112	-0.06
34411	-0.06
43573	-0.07
37235	-0.08
34924	-0.08
39340	-0.10
31009	-0.15
46069	-0.16
37628	-0.16
34595	-0.18
42502	-0.19
31700	-0.20
36390	-0.21
34329	-0.22
42126	-0.23
36508	-0.24
32635	-0.24
37662	-0.29
43736	-0.30
39088	-0.34
37618	-0.34
35970	-0.40
43466	-0.40
47219	-0.46
31022	-0.49
35340	-0.53
36017	-0.54
43183	-0.58
40232	-0.66
35001	-0.66
42946	-0.70
39871	-0.71
32700	-0.71
35796	-0.76
42971	-0.77
36617	-0.78
33487	-0.80
37430	-0.82
44150	-0.85
33629	-0.91
41181	-0.92
46201	-1.15
42464	-1.27
31176	-1.33
38669	-1.34
33118	-1.35
43709	-1.41
34420	-1.58
34250	-1.62
35288	-1.65
42832	-2.00
34419	-2.58
