41550	6.02
32007	5.86
41845	5.21
42291	5.19
33386	4.54
43447	4.40
43829	4.38
35728	3.99
38447	3.95
46069	3.89
31166	3.74
43183	3.67
31022	3.47
41432	3.44
32545	3.37
33351	3.32
31760	3.21
40848	2.73
33118	2.56
32045	2.52
35422	2.42
34885	2.37
3354994	2.24
44326	2.10
41840	2.04
35886	1.95
31150	1.91
32789	1.90
34256	1.89
33373	1.88
37587	1.82
35970	1.80
39484	1.75
44072	1.73
43736	1.66
44291	1.63
38669	1.59
36583	1.56
31588	1.53
38208	1.53
31521	1.45
32008	1.42
31700	1.38
34070	1.31
43739	1.31
39251	1.30
31228	1.27
40232	1.23
34250	1.16
32635	1.07
31144	1.04
31106	0.97
47121	0.90
34329	0.90
34419	0.88
46201	0.81
41181	0.79
47218	0.76
40451	0.75
42971	0.73
41844	0.71
35340	0.69
35001	0.69
34309	0.69
39871	0.68
45827	0.68
36390	0.61
42946	0.59
32700	0.57
41347	0.55
36508	0.54
33235	0.53
34352	0.48
41183	0.46
33986	0.44
41942	0.44
41860	0.43
42464	0.43
37922	0.43
42649	0.42
33710	0.38
44261	0.36
32595	0.31
43517	0.30
38983	0.29
31838	0.28
43768	0.28
42029	0.27
43709	0.22
42502	0.22
31176	0.21
32221	0.16
39429	0.13
37662	0.13
39340	0.12
37618	0.11
32133	0.11
37235	0.10
32100	0.06
36308	0.06
33835	0.03
43573	0.02
34726	-0.05
38515	-0.05
43864	-0.05
31139	-0.08
31052	-0.08
37430	-0.10
37849	-0.11
33629	-0.12
47219	-0.14
34595	-0.15
46326	-0.16
34420	-0.17
31701	-0.17
39014	-0.21
34842	-0.22
44087	-0.26
37397	-0.26
34924	-0.28
37798	-0.28
43466	-0.29
43229	-0.30
39088	-0.37
31009	-0.37
39396	-0.37
33499	-0.53
37804	-0.54
37628	-0.57
31215	-0.57
31185	-0.58
41703	-0.59
33202	-0.60
40607	-0.61
37292	-0.66
44150	-0.69
43278	-0.73
35305	-0.75
36617	-0.78
44637	-0.79
33487	-0.80
37841	-0.81
34504	-0.84
36288	-0.86
37356	-0.89
35287	-0.96
37290	-0.97
34411	-0.97
35119	-0.98
42126	-1.02
42453	-1.03
37476	-1.10
46058	-1.12
34392	-1.12
41965	-1.14
36017	-1.20
40388	-1.21
40973	-1.21
45269	-1.23
33112	-1.24
35288	-1.28
35796	-1.42
35679	-1.42
37894	-1.43
48312	-1.45
39433	-1.46
34794	-1.49
37355	-1.49
40972	-1.54
39879	-1.73
31564	-1.76
36018	-1.84
36887	-1.99
42828	-2.00
33269	-2.31
33105	-2.38
43577	-2.45
38456	-2.60
