39429	10.81
40232	10.69
38515	10.53
42971	9.22
37618	7.82
39340	7.40
43517	7.30
34250	7.07
31139	6.91
34411	5.96
42126	5.87
35287	5.33
35001	5.06
34504	4.57
35679	4.22
43466	4.17
41703	3.86
34924	3.78
47121	3.69
43278	3.67
39014	3.38
40973	3.33
35119	2.89
37290	2.81
35288	2.77
34392	2.70
33499	2.66
40607	2.61
34595	2.50
36390	2.36
44637	2.27
34794	2.21
38669	2.21
31052	1.95
42453	1.89
46326	1.88
40972	1.71
36017	1.67
41181	1.57
35796	1.47
34842	1.41
36617	1.22
31022	1.18
37356	1.16
44261	1.14
36887	1.07
31166	1.05
34256	1.01
37662	0.99
31838	0.95
37587	0.86
43229	0.81
33986	0.80
43829	0.80
33202	0.67
42832	0.59
41942	0.58
37922	0.53
37355	0.52
33373	0.48
36583	0.47
44326	0.45
42291	0.41
41844	0.39
31760	0.38
35340	0.36
31144	0.36
31215	0.34
37397	0.32
35422	0.32
32221	0.27
36508	0.24
41845	0.24
34885	0.23
32007	0.21
43739	0.19
43709	0.19
31185	0.15
38208	0.15
32133	0.15
35886	0.14
32045	0.11
41840	0.10
41432	0.09
41860	0.06
33235	0.05
33386	0.02
42649	0.02
33118	-0.01
43577	-0.02
39484	-0.02
32595	-0.03
44087	-0.03
46201	-0.04
37894	-0.05
46069	-0.05
33629	-0.05
32008	-0.05
41550	-0.06
40388	-0.08
36308	-0.08
35305	-0.14
32100	-0.18
31150	-0.18
42029	-0.19
35728	-0.20
32545	-0.20
34329	-0.22
39396	-0.25
46058	-0.29
44072	-0.30
41183	-0.32
41347	-0.33
33351	-0.34
39871	-0.35
43447	-0.36
31521	-0.36
40848	-0.37
32789	-0.38
33112	-0.39
36288	-0.41
34352	-0.43
37476	-0.43
37798	-0.46
43573	-0.50
34419	-0.50
37804	-0.50
38456	-0.51
39879	-0.53
35970	-0.55
39433	-0.56
31588	-0.57
34070	-0.57
37841	-0.60
3354994	-0.63
43183	-0.65
48312	-0.65
32700	-0.66
36018	-0.67
38447	-0.67
42828	-0.70
33710	-0.75
34309	-0.80
34726	-0.84
31106	-0.87
33487	-0.88
37292	-0.89
31228	-0.89
37430	-0.90
43768	-0.90
37235	-0.93
47219	-0.94
31564	-0.95
37849	-0.98
31009	-1.02
44291	-1.03
38983	-1.04
33105	-1.04
37628	-1.09
45269	-1.15
40451	-1.15
39088	-1.18
43864	-1.20
42464	-1.30
47218	-1.34
43736	-1.34
45827	-1.35
31700	-1.40
32635	-1.46
42502	-1.47
31176	-1.57
31701	-1.60
34420	-1.63
41965	-1.64
33835	-1.72
44150	-1.77
39251	-1.78
33269	-1.88
