40232	13.13
39340	9.46
42946	9.22
37618	8.89
43517	7.66
34411	6.83
38515	6.76
39429	6.57
31139	6.29
34504	5.30
47121	4.80
34924	4.71
39014	4.55
35287	4.44
35001	4.42
38669	4.36
34250	4.29
35679	4.05
37290	3.92
36390	3.90
43466	3.83
42126	3.76
43278	3.69
44637	3.27
41942	3.11
40973	3.10
46326	2.98
41703	2.93
41844	2.78
34794	2.67
31521	2.64
35288	2.55
42453	2.36
35119	2.26
43229	1.97
41860	1.93
40607	1.81
34392	1.74
32100	1.62
40848	1.58
31166	1.57
31052	1.44
41347	1.29
34070	1.28
38208	1.22
37356	1.14
44072	1.10
34595	1.02
31022	0.97
33235	0.91
37397	0.89
31760	0.88
42502	0.88
43736	0.86
39484	0.85
34842	0.82
36887	0.80
37235	0.80
34309	0.75
42832	0.73
33499	0.66
37355	0.65
43739	0.63
31106	0.61
35422	0.59
37662	0.59
46069	0.56
32008	0.55
32007	0.55
41845	0.54
33112	0.53
35796	0.53
33835	0.45
31838	0.44
40972	0.43
36017	0.43
36508	0.42
31588	0.35
41550	0.34
46201	0.29
34885	0.27
48312	0.24
42291	0.22
31144	0.21
43183	0.18
40451	0.11
35970	0.06
41965	0.03
36018	0.02
3354994	-0.00
35886	-0.03
37841	-0.04
33351	-0.06
34329	-0.08
32700	-0.12
32221	-0.13
33118	-0.14
32133	-0.16
41432	-0.16
44291	-0.19
33986	-0.19
41181	-0.23
41183	-0.23
46058	-0.27
35340	-0.28
34352	-0.28
47218	-0.30
47219	-0.30
32789	-0.31
39251	-0.33
45269	-0.33
39871	-0.33
37849	-0.33
33629	-0.34
42029	-0.36
31185	-0.37
31700	-0.38
43573	-0.39
33386	-0.41
37430	-0.42
39433	-0.42
40388	-0.44
43577	-0.45
35728	-0.47
31150	-0.48
39088	-0.48
31009	-0.48
38447	-0.51
42649	-0.52
32635	-0.56
39879	-0.56
36308	-0.57
38456	-0.63
41840	-0.63
37292	-0.65
44261	-0.66
43447	-0.66
37587	-0.67
33373	-0.68
31215	-0.68
43829	-0.68
43709	-0.68
37798	-0.69
34726	-0.71
31228	-0.72
37476	-0.75
42828	-0.77
37628	-0.77
44087	-0.80
39396	-0.82
38983	-0.83
44150	-0.84
37922	-0.85
33487	-0.86
43864	-0.89
34419	-0.90
32545	-0.98
34256	-1.01
43768	-1.02
34420	-1.02
33710	-1.07
31176	-1.08
37894	-1.10
45827	-1.14
36288	-1.14
42464	-1.19
37804	-1.19
32045	-1.24
35305	-1.28
32595	-1.32
33269	-1.33
33202	-1.36
33105	-1.41
44326	-1.48
31701	-1.51
31564	-1.53
36617	-1.61
36583	-1.68
