35886	11.33
33351	9.74
33386	9.64
35728	9.17
32545	8.54
43447	8.23
42291	6.40
38447	5.13
37804	5.07
33373	4.45
41550	4.36
41845	4.16
43829	4.03
32007	4.01
46069	3.73
42832	3.67
31166	3.63
34885	3.63
34256	3.41
41432	3.34
36583	3.25
44291	3.12
31185	2.92
39396	2.83
33835	2.79
33986	2.62
31022	2.42
32789	2.24
41347	2.21
39251	2.10
34070	2.05
31760	2.00
39484	1.98
38208	1.97
37922	1.91
40848	1.90
32045	1.87
39433	1.84
35970	1.81
34329	1.73
44072	1.67
36508	1.59
41840	1.58
43709	1.56
38669	1.55
32133	1.51
47218	1.47
31106	1.46
40451	1.45
35422	1.33
43739	1.30
34352	1.22
33118	1.21
41183	1.19
31150	1.17
32221	1.12
43573	1.10
34309	1.09
31215	1.08
44326	1.06
43736	1.06
45827	1.04
34924	1.02
31588	0.95
32700	0.92
43768	0.88
37618	0.87
32595	0.77
38983	0.76
31700	0.75
47121	0.74
47219	0.70
43466	0.66
37628	0.62
31228	0.61
40232	0.61
32100	0.61
41860	0.57
37798	0.56
43864	0.50
41844	0.47
42029	0.47
40973	0.45
37235	0.45
33629	0.44
33710	0.43
37849	0.41
34419	0.38
33202	0.37
39014	0.34
33499	0.33
37290	0.33
32635	0.32
38456	0.28
37587	0.27
44261	0.24
33112	0.22
31144	0.20
46201	0.19
31521	0.18
42971	0.18
38515	0.16
35340	0.11
37430	0.03
36308	0.03
37397	0.02
42502	0.02
34250	-0.07
39088	-0.08
33487	-0.09
43229	-0.11
31139	-0.16
39871	-0.17
34504	-0.20
42464	-0.21
34726	-0.22
31701	-0.26
43517	-0.26
31009	-0.29
48312	-0.29
31176	-0.31
39429	-0.32
39340	-0.38
37662	-0.38
31838	-0.39
32008	-0.45
36617	-0.47
34420	-0.50
46058	-0.52
43577	-0.52
35679	-0.56
37356	-0.56
40607	-0.58
35305	-0.58
42828	-0.58
34392	-0.58
35288	-0.59
35001	-0.60
44087	-0.63
42126	-0.63
42946	-0.65
36288	-0.66
37894	-0.68
37292	-0.69
43278	-0.70
31052	-0.74
40388	-0.79
37476	-0.80
41703	-0.80
34842	-0.80
44150	-0.82
35796	-0.83
36390	-0.87
3354994	-0.92
31564	-1.00
39879	-1.02
36018	-1.04
46326	-1.07
42649	-1.07
35287	-1.09
40972	-1.13
45269	-1.16
41965	-1.18
41942	-1.19
36017	-1.20
36887	-1.27
34595	-1.27
44637	-1.29
37841	-1.29
35119	-1.33
34411	-1.36
33269	-1.50
33105	-1.57
41181	-1.70
42453	-1.78
37355	-1.88
33235	-1.98
34794	-2.03
