41844	9.93
44072	7.57
37290	6.16
41965	6.06
36390	5.51
47121	5.43
42453	5.31
38669	5.04
39014	5.03
34411	4.93
35679	4.68
41942	4.63
41860	4.40
31052	4.26
32595	4.13
37841	4.12
35001	3.96
40973	3.94
34924	3.94
44637	3.54
31838	3.48
33499	3.39
34504	3.08
34392	3.02
40972	2.96
42649	2.94
33629	2.81
34309	2.73
36887	2.73
33835	2.72
43278	2.70
39429	2.67
43739	2.66
36017	2.62
33202	2.58
43466	2.57
37798	2.55
39340	2.55
32635	2.47
36308	2.45
45827	2.45
43517	2.43
34250	2.42
35305	2.39
34352	2.29
34419	2.28
33112	2.21
36018	2.19
35796	2.15
37662	2.15
42029	2.15
31521	2.14
43864	2.12
40232	2.03
38983	2.01
37430	2.01
39088	2.01
41703	2.00
42971	1.97
34420	1.94
43768	1.93
31106	1.90
43573	1.87
31700	1.87
35287	1.86
37292	1.85
46058	1.85
39433	1.84
37922	1.83
31139	1.82
39879	1.80
31176	1.79
41840	1.78
44150	1.78
48312	1.78
33710	1.78
38515	1.77
42126	1.77
32700	1.69
34329	1.62
39484	1.62
37618	1.61
37397	1.59
31150	1.57
44326	1.57
37476	1.56
37235	1.55
42464	1.55
34794	1.48
31166	1.47
40451	1.45
40388	1.42
47219	1.39
34885	1.37
35119	1.36
33487	1.33
45269	1.26
34070	1.23
39251	1.23
46326	1.22
31009	1.20
31022	1.16
32221	1.15
33269	1.11
38208	1.11
31588	1.08
42502	1.08
40848	1.07
32045	1.06
37587	1.06
31144	1.06
47218	1.04
42828	0.97
37628	0.96
3354994	0.95
32100	0.94
31701	0.84
40607	0.83
31228	0.82
36288	0.81
42946	0.81
39871	0.80
34726	0.78
46069	0.66
32008	0.63
32007	0.62
43736	0.60
34595	0.57
41347	0.56
35288	0.47
33105	0.46
44087	0.46
37849	0.43
42291	0.41
41181	0.38
31564	0.27
37894	0.24
41845	0.07
37355	0.05
33118	0.03
44261	0.02
43709	0.00
31215	-0.01
41432	-0.02
46201	-0.03
34842	-0.06
32133	-0.09
43183	-0.11
33235	-0.15
32789	-0.26
42832	-0.30
35970	-0.30
36583	-0.30
31760	-0.42
39396	-0.44
35422	-0.48
33373	-0.54
44291	-0.58
36617	-0.65
38447	-0.68
43829	-0.72
41550	-0.73
43447	-0.75
37804	-1.06
33386	-1.11
36508	-1.12
33986	-1.14
38456	-1.21
32545	-1.22
34256	-1.22
33351	-1.25
37356	-1.28
35886	-1.32
35728	-1.55
41183	-1.60
31185	-1.85
35340	-1.99
43577	-2.86
