41703	12.88
40973	10.44
35679	10.14
37290	9.80
31052	9.18
33499	8.94
39014	8.85
46326	8.11
35796	7.94
36887	7.89
34392	7.86
47121	7.59
44637	7.58
34794	7.42
36017	7.36
35119	6.45
42453	6.35
34595	6.16
34924	5.10
43517	4.45
38669	3.95
40972	3.88
42971	3.69
42946	3.67
31139	3.54
34504	3.52
40607	3.51
34411	3.50
38515	3.48
35001	3.40
39429	3.38
31838	3.13
34842	3.13
41860	3.04
35288	2.84
43466	2.81
43229	2.70
35305	2.68
39340	2.51
34250	2.37
42649	2.37
36308	2.09
42126	2.01
42029	2.01
37662	2.00
35287	1.94
37618	1.79
43739	1.68
40232	1.59
41844	1.48
41942	1.43
33373	1.32
33202	1.25
44087	1.24
36508	1.20
43577	1.14
37356	1.12
34256	1.12
37587	1.10
37397	1.08
33986	1.07
36617	1.07
31228	1.06
40388	1.02
42828	0.98
37355	0.95
32045	0.94
37476	0.91
41965	0.86
39433	0.82
34309	0.80
42502	0.77
44326	0.76
31185	0.67
36288	0.57
39871	0.57
33112	0.55
44072	0.53
32789	0.52
35886	0.47
32595	0.46
33105	0.45
39879	0.45
41432	0.43
33269	0.42
41845	0.38
46201	0.38
43829	0.34
31150	0.32
37922	0.29
36390	0.28
31701	0.25
34726	0.24
48312	0.23
32007	0.20
37841	0.18
37894	0.17
33235	0.13
31521	0.10
46069	0.08
31166	0.07
42291	0.06
45269	0.02
45827	0.01
37798	0.00
41183	0.00
34352	-0.07
34885	-0.13
32545	-0.16
33386	-0.18
41840	-0.23
38208	-0.25
40848	-0.28
33710	-0.29
35422	-0.33
37804	-0.34
32008	-0.35
38447	-0.37
46058	-0.38
43573	-0.38
31760	-0.40
33351	-0.42
34070	-0.45
38456	-0.46
32635	-0.47
36583	-0.48
35728	-0.49
40451	-0.50
39251	-0.53
43447	-0.55
43864	-0.55
42464	-0.55
38983	-0.56
37628	-0.59
35340	-0.62
37430	-0.64
47218	-0.65
31215	-0.65
37235	-0.68
43183	-0.70
37849	-0.73
42832	-0.73
43736	-0.74
33629	-0.75
31009	-0.75
31700	-0.75
37292	-0.80
41347	-0.89
44291	-0.90
33835	-0.90
32100	-0.94
39484	-0.94
44261	-0.95
34329	-0.96
41550	-0.97
31564	-0.98
32221	-0.98
39088	-1.00
36018	-1.02
31588	-1.06
47219	-1.15
31106	-1.21
33487	-1.22
34420	-1.23
39396	-1.24
31022	-1.26
44150	-1.30
32700	-1.32
43768	-1.33
41181	-1.33
31176	-1.46
34419	-1.48
35970	-1.57
33118	-1.67
32133	-1.76
31144	-1.79
3354994	-1.86
43709	-2.15
