35728	15.19
33351	15.18
32545	13.56
33386	10.78
35886	9.66
42291	8.47
43183	8.23
38447	6.61
41845	6.45
46069	5.33
43829	5.12
41432	4.99
37804	4.73
33373	4.67
32007	4.52
42832	4.40
41550	4.06
31166	3.92
39251	3.58
44291	3.43
32789	3.41
34256	3.06
39396	2.64
31228	2.54
31150	2.45
31760	2.42
43739	2.37
31185	2.34
44326	2.26
37922	1.97
36508	1.61
47218	1.47
46058	1.41
32595	1.41
31106	1.39
35970	1.32
37894	1.31
32045	1.28
34329	1.27
44072	1.04
33986	1.02
43573	0.96
34595	0.93
37587	0.89
45827	0.89
40848	0.88
40451	0.84
45269	0.83
34885	0.80
31700	0.78
47219	0.77
36583	0.76
34309	0.74
32008	0.74
33118	0.70
32635	0.69
41183	0.61
46326	0.61
36018	0.60
40388	0.60
43864	0.55
36308	0.55
32133	0.55
37476	0.53
37628	0.53
43709	0.48
34250	0.44
42464	0.43
34352	0.37
42828	0.35
42029	0.35
43736	0.34
31144	0.33
38983	0.32
38669	0.30
33710	0.25
31022	0.24
37798	0.24
37618	0.24
39484	0.19
42453	0.15
40232	0.10
34070	0.09
36017	0.09
41965	0.08
33629	0.05
43768	0.02
39433	0.02
31588	0.00
42649	-0.01
37235	-0.01
38456	-0.03
34924	-0.04
32221	-0.07
41860	-0.07
37849	-0.10
34504	-0.11
37290	-0.14
31052	-0.14
33105	-0.15
33835	-0.18
37356	-0.18
39014	-0.19
33487	-0.22
37430	-0.23
33202	-0.24
32700	-0.28
34392	-0.28
35305	-0.29
34842	-0.30
41347	-0.32
34420	-0.32
31838	-0.33
33499	-0.35
41703	-0.35
42946	-0.36
41840	-0.36
42126	-0.36
32100	-0.37
43577	-0.37
39340	-0.37
36887	-0.39
31139	-0.40
40973	-0.40
34726	-0.41
41942	-0.42
38515	-0.43
43466	-0.44
39088	-0.48
40972	-0.50
35119	-0.51
38208	-0.51
31215	-0.52
31176	-0.53
43278	-0.55
37355	-0.56
43517	-0.58
37841	-0.58
47121	-0.58
35422	-0.58
31009	-0.60
40607	-0.61
36288	-0.63
34419	-0.64
34411	-0.66
42971	-0.66
35796	-0.71
35001	-0.74
41844	-0.74
37292	-0.75
43229	-0.75
34794	-0.76
42502	-0.78
44087	-0.80
39879	-0.81
35287	-0.81
44150	-0.83
35679	-0.86
48312	-0.87
35288	-0.89
46201	-1.00
33235	-1.05
37397	-1.06
31521	-1.09
37662	-1.10
39871	-1.25
31701	-1.26
36390	-1.29
35340	-1.33
44261	-1.36
36617	-1.39
31564	-1.42
33269	-1.72
39429	-1.80
41181	-1.89
33112	-2.12
3354994	-2.15
44637	-2.60
