37618	7.94
40973	6.63
34924	6.44
39340	6.41
47121	6.27
38515	5.50
40232	5.48
34392	5.32
35679	4.71
33499	4.67
35288	4.59
39014	4.46
37290	4.21
42946	4.17
31139	3.92
42971	3.83
43517	3.81
34250	3.69
39429	3.43
44637	3.38
34411	3.32
41703	3.19
42453	3.17
35287	2.97
35119	2.86
43278	2.81
34504	2.76
43229	2.57
34595	2.56
38669	2.50
40607	2.49
35796	2.47
36887	2.31
40972	2.28
31838	2.27
46326	2.12
44072	2.00
35001	1.97
31052	1.97
41860	1.94
41844	1.88
42126	1.88
42029	1.70
33202	1.55
37355	1.55
37356	1.45
34842	1.44
42649	1.25
31228	1.23
44326	1.22
36308	1.17
36017	1.14
32100	1.06
40848	1.03
33835	0.94
31166	0.94
39871	0.92
32595	0.91
32133	0.91
36617	0.88
37397	0.86
37798	0.79
41942	0.76
47218	0.74
43183	0.66
35305	0.62
33351	0.60
37476	0.60
31521	0.54
35340	0.54
41550	0.53
31701	0.52
42502	0.46
43864	0.46
37841	0.46
43739	0.45
34794	0.40
37662	0.39
34256	0.38
31215	0.36
33112	0.35
38208	0.35
41183	0.30
37849	0.29
31144	0.28
37430	0.27
37894	0.25
38983	0.22
41840	0.19
42291	0.16
32789	0.13
32221	0.11
39879	0.10
31150	0.09
31022	0.08
37587	0.06
33269	0.05
34352	0.04
32045	0.03
39433	0.02
33105	0.01
46201	-0.03
33373	-0.03
37804	-0.04
34885	-0.07
39088	-0.07
33386	-0.08
35970	-0.11
41432	-0.12
41965	-0.12
35728	-0.13
46069	-0.14
31185	-0.16
43577	-0.18
41347	-0.19
36583	-0.20
33986	-0.21
38447	-0.21
47219	-0.23
33629	-0.24
32008	-0.26
38456	-0.26
43573	-0.28
42832	-0.29
32007	-0.30
34070	-0.31
39484	-0.32
34329	-0.33
36288	-0.33
40451	-0.38
43829	-0.38
48312	-0.39
31106	-0.39
42828	-0.40
36390	-0.40
32635	-0.40
42464	-0.41
31564	-0.41
31588	-0.42
34726	-0.42
43768	-0.44
43447	-0.44
44150	-0.45
31700	-0.52
40388	-0.53
32545	-0.53
31760	-0.54
37292	-0.54
34309	-0.55
33710	-0.56
37235	-0.56
31009	-0.60
37922	-0.62
34420	-0.64
41845	-0.64
35422	-0.67
34419	-0.69
44261	-0.77
43709	-0.77
36508	-0.80
44087	-0.89
37628	-0.90
33487	-0.97
33235	-1.05
33118	-1.06
45827	-1.09
43736	-1.18
36018	-1.19
35886	-1.20
31176	-1.22
44291	-1.25
39251	-1.30
46058	-1.31
32700	-1.35
41181	-1.51
3354994	-1.65
45269	-1.65
39396	-1.66
