38515	9.17
35001	8.41
34504	8.35
40232	7.75
39429	7.70
42971	7.66
42946	7.30
35287	6.01
47121	5.90
35679	5.65
39014	5.38
34411	5.12
38669	4.87
35796	4.80
31139	4.79
37618	4.61
40973	4.55
34250	4.50
43278	4.45
42126	4.23
41703	4.12
36390	3.87
39340	3.87
43466	3.81
41942	3.72
46326	3.46
33499	3.40
37290	3.33
40607	3.28
34924	3.15
34794	3.12
36887	3.02
34595	2.55
31052	2.47
43229	2.43
34392	2.27
34842	2.26
42453	2.24
44637	2.17
41860	2.07
40848	1.95
33235	1.64
41844	1.52
40972	1.51
3354994	1.48
33112	1.46
35119	1.43
33118	1.39
44261	1.32
35340	1.27
36017	1.26
43577	1.12
31166	1.00
37662	0.97
35422	0.95
33835	0.94
31144	0.92
35288	0.83
44087	0.83
31521	0.76
34309	0.68
37356	0.65
34885	0.61
37397	0.59
31150	0.57
48312	0.46
38208	0.45
32008	0.36
44326	0.32
33710	0.32
31106	0.32
33986	0.32
43739	0.32
42029	0.31
42832	0.30
31760	0.28
43709	0.24
39396	0.24
41845	0.23
31176	0.22
32100	0.22
42502	0.18
34329	0.17
33105	0.17
36018	0.12
32221	0.11
34726	0.07
39484	0.07
32007	0.06
31228	0.05
42649	0.04
34352	-0.01
37798	-0.01
34070	-0.02
42828	-0.05
42291	-0.05
34419	-0.05
41183	-0.06
31838	-0.07
41965	-0.08
41347	-0.11
36308	-0.13
44072	-0.15
40451	-0.16
31701	-0.16
46069	-0.17
38447	-0.17
46058	-0.20
31564	-0.22
33269	-0.24
43183	-0.26
39871	-0.30
38456	-0.31
46201	-0.32
33386	-0.33
31022	-0.34
41432	-0.34
31588	-0.36
37894	-0.43
40388	-0.44
43573	-0.49
33373	-0.50
45269	-0.51
37355	-0.51
32045	-0.57
43447	-0.58
39879	-0.58
32789	-0.61
41181	-0.61
34256	-0.62
31009	-0.62
33629	-0.62
38983	-0.63
41840	-0.65
37841	-0.66
35305	-0.77
33351	-0.80
43864	-0.81
43736	-0.81
35970	-0.83
36617	-0.85
36508	-0.88
32700	-0.90
47218	-0.90
37849	-0.91
31700	-0.92
33487	-0.92
37628	-0.97
37292	-0.98
47219	-0.99
41550	-1.03
35728	-1.04
31185	-1.05
43768	-1.08
35886	-1.08
37430	-1.10
37587	-1.16
37922	-1.16
37235	-1.17
33202	-1.27
37476	-1.27
32635	-1.32
43829	-1.34
32133	-1.35
39251	-1.45
36288	-1.45
34420	-1.48
45827	-1.56
39088	-1.61
32545	-1.66
31215	-1.72
36583	-1.73
39433	-1.80
44150	-1.92
37804	-1.95
42464	-1.97
32595	-2.03
44291	-2.29
