38983	21.91
37235	17.92
39088	17.73
34352	17.43
33629	17.18
37292	16.15
34329	15.81
32635	15.62
37430	15.42
39484	15.41
31009	15.40
31700	15.10
47218	14.91
37628	14.90
34420	14.45
42464	14.40
31588	14.09
33487	13.74
47219	13.66
34070	13.11
44150	13.08
32700	13.03
31106	12.93
38208	12.54
43864	12.27
37849	12.04
34419	11.27
34309	10.93
40451	10.05
33710	9.17
31022	8.96
33835	8.61
43768	8.56
41347	7.27
35422	7.12
43739	5.74
37798	5.05
45827	5.02
33118	3.61
32595	3.57
46069	3.44
37841	3.44
37662	3.28
48312	2.98
37922	2.97
37397	2.79
46058	2.73
31176	2.72
32789	2.62
31228	2.58
41965	2.41
39251	2.37
42291	2.20
33986	2.20
41860	2.13
36018	2.07
41840	1.94
43229	1.87
44072	1.79
39433	1.78
36308	1.77
45269	1.70
41432	1.60
44087	1.46
32100	1.44
33112	1.37
42649	1.25
3354994	1.23
40848	1.21
31701	1.16
41845	1.14
44326	1.11
43183	1.10
31521	1.07
35288	1.06
37804	1.05
42029	1.03
37355	1.01
43447	0.96
37290	0.90
31760	0.86
32545	0.79
44291	0.76
33351	0.73
35728	0.69
43709	0.68
31150	0.67
35970	0.64
39879	0.60
41844	0.58
34504	0.53
37618	0.51
32133	0.50
33373	0.47
38447	0.45
36288	0.37
43736	0.33
39014	0.29
35305	0.26
39429	0.21
34411	0.21
34726	0.17
31215	0.17
31838	0.17
39396	0.16
41183	0.13
43829	0.13
32007	0.12
34250	0.11
33202	0.11
33269	0.09
34256	0.03
42832	0.02
38515	0.02
36617	0.00
35886	-0.02
38669	-0.04
40232	-0.07
42828	-0.07
36017	-0.07
35287	-0.09
32045	-0.09
41550	-0.11
32008	-0.21
40388	-0.23
33386	-0.25
37356	-0.25
36583	-0.26
40973	-0.27
43466	-0.28
37894	-0.31
31139	-0.33
43577	-0.37
43278	-0.38
34595	-0.39
42971	-0.39
42502	-0.40
44261	-0.40
46201	-0.44
34842	-0.49
43517	-0.49
36887	-0.49
42946	-0.50
33105	-0.55
39340	-0.62
33235	-0.64
36390	-0.65
33499	-0.69
37476	-0.70
37587	-0.71
39871	-0.72
31166	-0.73
47121	-0.73
31185	-0.73
41181	-0.74
35340	-0.76
31564	-0.78
35796	-0.81
34794	-0.83
46326	-0.84
31052	-0.90
38456	-0.92
41942	-0.96
35119	-1.01
34392	-1.03
35679	-1.17
42126	-1.20
36508	-1.22
32221	-1.23
34924	-1.31
41703	-1.33
40972	-1.43
44637	-1.51
35001	-1.59
42453	-1.68
34885	-1.86
31144	-2.12
40607	-2.53
