34794	3.86
34842	3.18
34595	2.92
37476	2.92
36887	2.89
46326	2.89
34504	2.85
33105	2.79
33269	2.58
40607	2.56
40972	2.50
33499	2.41
45269	2.38
36017	2.14
31185	2.13
37894	2.00
35287	1.98
40973	1.86
35305	1.78
40388	1.74
35288	1.72
42828	1.66
34392	1.64
35796	1.56
31701	1.40
39433	1.36
43709	1.33
38515	1.31
34309	1.31
37397	1.29
36018	1.29
33986	1.21
42126	1.20
34250	1.19
43278	1.14
43517	1.12
37662	1.12
37804	1.11
31760	1.06
39396	0.96
38669	0.96
35679	0.96
31564	0.92
41703	0.89
44326	0.87
46058	0.82
37798	0.82
32100	0.82
33710	0.82
31052	0.81
32045	0.75
41183	0.74
35119	0.74
36583	0.73
38208	0.68
31176	0.67
35728	0.66
31106	0.65
36288	0.58
47219	0.54
34329	0.54
34256	0.53
37355	0.53
33351	0.53
37290	0.49
43739	0.46
37356	0.43
42502	0.42
36308	0.42
37628	0.40
35340	0.37
32789	0.34
40451	0.32
44087	0.29
48312	0.27
32545	0.24
34411	0.12
37292	0.11
31588	0.09
42029	0.05
31150	0.03
38447	0.03
41965	0.03
31139	0.01
42946	-0.02
34924	-0.03
39484	-0.03
37235	-0.03
35886	-0.08
32700	-0.10
39429	-0.10
33118	-0.11
33235	-0.11
31838	-0.14
43466	-0.18
42453	-0.21
31009	-0.21
34070	-0.22
37849	-0.24
31521	-0.25
44637	-0.26
31228	-0.27
33112	-0.27
35001	-0.29
33373	-0.31
36508	-0.35
38983	-0.35
41347	-0.36
43447	-0.37
43573	-0.37
38456	-0.42
46201	-0.42
39879	-0.45
42971	-0.45
42649	-0.45
39088	-0.46
39014	-0.47
35422	-0.47
37841	-0.47
33487	-0.48
40232	-0.51
31166	-0.52
43183	-0.52
41860	-0.57
32595	-0.58
47218	-0.59
33629	-0.60
34726	-0.60
39251	-0.60
34352	-0.65
43768	-0.69
47121	-0.70
33386	-0.71
37587	-0.72
40848	-0.74
37618	-0.82
31022	-0.83
36617	-0.83
3354994	-0.84
37430	-0.86
32008	-0.86
33202	-0.87
41432	-0.88
46069	-0.88
41840	-0.90
32133	-0.93
41844	-0.96
44291	-1.00
32635	-1.06
43736	-1.06
41181	-1.07
45827	-1.07
39340	-1.12
34419	-1.12
37922	-1.14
32221	-1.14
43864	-1.17
42464	-1.20
36390	-1.22
31144	-1.27
41942	-1.28
42291	-1.29
33835	-1.35
34885	-1.38
31700	-1.39
31215	-1.40
44261	-1.48
41550	-1.52
41845	-1.55
43829	-1.61
35970	-1.77
39871	-1.79
44072	-1.81
44150	-1.94
34420	-2.26
42832	-2.45
32007	-2.67
43229	-2.86
