32100	4.43
41181	4.35
35340	3.02
34842	2.94
36390	2.80
31144	2.72
35422	2.63
41942	2.61
33235	2.55
3354994	2.52
33118	2.16
44261	2.07
40607	1.73
38669	1.61
43183	1.56
31022	1.50
44072	1.47
35970	1.46
35288	1.44
43577	1.33
41347	1.33
39484	1.32
46201	1.30
33835	1.28
34419	1.16
43736	1.14
41965	1.12
35001	1.07
39251	1.07
37397	1.01
36583	0.96
41840	0.92
34329	0.89
38208	0.89
43768	0.87
35287	0.84
33710	0.83
34352	0.83
41844	0.83
40451	0.78
31215	0.78
40972	0.78
43864	0.74
46058	0.74
47219	0.72
42126	0.72
38515	0.68
43573	0.68
37356	0.66
39429	0.65
40848	0.63
31588	0.61
34924	0.56
37798	0.55
41550	0.53
33629	0.52
43447	0.48
33386	0.48
36018	0.46
31760	0.45
34070	0.43
38456	0.35
33202	0.35
47218	0.35
39879	0.32
34256	0.31
31106	0.29
37430	0.26
44326	0.25
43517	0.24
36617	0.24
31139	0.24
42832	0.22
42946	0.19
32045	0.18
39088	0.17
38983	0.15
34726	0.15
42649	0.15
34309	0.14
35886	0.14
34392	0.14
39871	0.09
33487	0.09
32700	0.07
37849	0.06
37922	0.04
43229	0.00
33351	-0.01
37292	-0.03
37235	-0.06
33112	-0.09
37894	-0.10
40232	-0.10
41183	-0.14
34250	-0.19
32545	-0.24
37355	-0.24
36308	-0.28
47121	-0.28
32133	-0.29
42502	-0.30
42464	-0.31
39433	-0.32
38447	-0.36
35119	-0.36
45827	-0.37
35728	-0.37
33986	-0.37
31150	-0.38
31176	-0.42
34595	-0.47
39396	-0.47
35679	-0.47
31700	-0.48
37618	-0.48
48312	-0.51
36288	-0.51
44291	-0.52
45269	-0.53
36508	-0.56
42029	-0.57
32221	-0.58
40973	-0.59
37841	-0.63
41845	-0.65
31166	-0.66
31009	-0.66
31052	-0.66
44637	-0.67
44150	-0.68
42971	-0.68
43829	-0.69
31564	-0.71
43466	-0.77
31701	-0.77
33373	-0.78
37628	-0.82
34420	-0.82
39014	-0.83
37587	-0.84
31838	-0.86
34504	-0.87
37804	-0.89
44087	-0.91
32635	-0.92
34885	-0.94
32008	-0.94
33269	-0.96
31228	-0.97
32789	-0.99
31521	-1.03
46326	-1.04
35796	-1.15
36887	-1.17
35305	-1.20
34411	-1.22
46069	-1.23
39340	-1.35
43739	-1.38
42828	-1.41
36017	-1.44
32595	-1.51
42291	-1.53
33499	-1.55
37476	-1.63
37662	-1.65
41703	-1.67
41860	-1.69
34794	-1.76
40388	-1.83
37290	-1.84
33105	-2.12
43278	-2.15
32007	-2.19
41432	-2.27
31185	-2.28
42453	-2.64
