34309	9.58
32595	9.49
32635	7.92
37922	7.66
37235	7.46
31228	6.75
37628	6.72
33629	6.68
32789	6.55
38983	6.55
33487	6.52
39088	6.38
37292	6.35
40451	6.30
42291	6.26
34329	6.26
34070	6.12
39251	6.00
31106	5.89
31700	5.89
42464	5.77
43573	5.74
44326	5.72
31009	5.66
32700	5.62
34352	5.52
46058	5.50
41845	5.49
38208	5.48
34420	5.30
45269	5.30
41432	5.23
46069	5.19
37798	5.17
39484	5.10
47218	5.07
37841	4.89
31588	4.80
31760	4.77
37430	4.76
36018	4.66
43864	4.63
41860	4.45
33373	4.41
44150	4.40
36288	4.38
45827	4.28
35728	4.16
47219	4.12
37849	3.97
36308	3.95
37804	3.73
33351	3.66
31185	3.65
37662	3.53
31150	3.52
43768	3.43
42649	3.39
42029	3.36
33105	3.29
44072	3.13
32007	3.10
37290	3.10
33986	3.09
38447	3.08
33710	3.06
31022	3.06
42828	2.98
32045	2.94
41844	2.89
31176	2.80
31838	2.77
40848	2.71
43229	2.66
33499	2.65
43829	2.61
37397	2.60
31521	2.55
39879	2.53
48312	2.46
35422	2.40
32545	2.39
43447	2.37
40388	2.36
44291	2.33
37587	2.26
41840	2.21
32133	2.11
39433	2.02
41965	2.00
33386	1.97
33835	1.83
35305	1.75
43278	1.68
41347	1.62
38669	1.55
33202	1.42
42832	1.31
41703	1.31
43183	1.30
34419	1.27
37476	1.26
39014	1.26
34392	1.26
42453	1.16
32008	1.16
34411	1.16
36508	1.09
31052	1.08
36887	1.03
41942	0.96
34256	0.95
37894	0.89
31701	0.88
44261	0.86
39340	0.86
35886	0.84
40973	0.84
37618	0.78
43736	0.78
37356	0.76
41550	0.69
47121	0.69
33269	0.67
35119	0.65
42971	0.63
33112	0.59
46326	0.59
40232	0.53
32100	0.48
34504	0.46
43577	0.46
43466	0.45
34595	0.42
31215	0.41
34250	0.36
43517	0.32
31166	0.31
44087	0.25
36017	0.23
34794	0.21
42946	0.19
34726	0.17
36583	0.06
40972	0.03
35796	-0.00
41183	-0.11
38515	-0.15
34924	-0.21
35679	-0.22
34885	-0.25
39429	-0.26
33235	-0.28
44637	-0.32
40607	-0.35
31564	-0.37
34842	-0.44
35001	-0.50
35970	-0.50
35288	-0.55
31139	-0.60
31144	-0.62
3354994	-0.66
36617	-0.69
41181	-0.70
42502	-0.76
35287	-0.82
33118	-0.92
42126	-0.97
37355	-1.05
39871	-1.16
32221	-1.17
36390	-1.29
39396	-1.32
38456	-1.36
43709	-1.38
46201	-1.43
35340	-2.69
