31838	1.99
41844	1.89
39251	1.72
42832	1.66
44072	1.59
31166	1.58
32007	1.55
45827	1.50
41183	1.49
35422	1.48
31106	1.46
33351	1.40
40848	1.36
42649	1.35
33835	1.33
31760	1.30
36583	1.30
45269	1.30
31150	1.24
32700	1.22
31022	1.22
35886	1.19
41942	1.18
39396	1.18
33202	1.16
41840	1.14
43709	1.14
34885	1.13
31700	1.12
42029	1.11
34309	1.08
43183	1.06
42464	1.04
32133	1.03
44291	0.97
36308	0.96
32221	0.91
46058	0.90
33235	0.90
32595	0.86
42971	0.86
38669	0.82
43739	0.78
37587	0.78
32045	0.75
41432	0.74
40451	0.73
32100	0.69
37922	0.69
31215	0.69
36288	0.69
38208	0.67
37292	0.65
41347	0.65
31009	0.62
36390	0.61
33710	0.60
43229	0.60
3354994	0.59
41965	0.58
46069	0.58
41845	0.57
36508	0.56
32789	0.56
33386	0.56
33629	0.49
47219	0.49
37430	0.48
31588	0.47
32635	0.41
34924	0.40
37476	0.40
37235	0.36
33487	0.35
31139	0.35
31521	0.34
43447	0.34
43573	0.33
34419	0.33
31564	0.32
34070	0.29
42126	0.28
43829	0.27
31228	0.26
44150	0.24
48312	0.24
44326	0.24
37804	0.24
41550	0.23
37798	0.23
35728	0.23
37628	0.23
34352	0.22
38447	0.21
39088	0.18
38983	0.18
35970	0.17
34329	0.14
35305	0.12
31144	0.11
39484	0.10
42291	0.08
38456	0.07
36018	0.05
39879	0.05
34420	0.01
41860	0.01
37290	0.00
40232	-0.01
47218	-0.02
32008	-0.07
40388	-0.07
37894	-0.08
33105	-0.08
39433	-0.10
40607	-0.14
31052	-0.16
37849	-0.19
37841	-0.21
46326	-0.23
33118	-0.23
32545	-0.24
34726	-0.24
36887	-0.27
42828	-0.30
35679	-0.33
42502	-0.34
43864	-0.35
31176	-0.43
33986	-0.45
33112	-0.47
35001	-0.47
41703	-0.49
44087	-0.50
34256	-0.56
43768	-0.56
34411	-0.56
40973	-0.58
37618	-0.61
40972	-0.63
36017	-0.64
33373	-0.67
44261	-0.67
35119	-0.71
34504	-0.73
43278	-0.74
39014	-0.75
39340	-0.77
43517	-0.81
37662	-0.81
34842	-0.83
41181	-0.86
35287	-0.91
47121	-0.92
34794	-0.93
31701	-1.03
43577	-1.06
33269	-1.06
38515	-1.07
37397	-1.07
35288	-1.08
35796	-1.11
44637	-1.11
42453	-1.12
39429	-1.12
36617	-1.12
34250	-1.14
34595	-1.18
43466	-1.18
37355	-1.24
34392	-1.26
46201	-1.32
42946	-1.34
39871	-1.50
35340	-1.59
31185	-1.64
33499	-1.66
37356	-2.80
