43864	20.35
44150	13.21
34420	12.75
35422	12.45
39484	11.60
34352	11.53
42464	10.12
47218	9.94
31588	9.91
32635	9.84
38983	9.75
31700	9.68
34329	9.64
33710	9.36
37849	9.23
34419	8.99
33835	8.86
37235	8.83
32700	8.66
37628	8.63
33629	8.59
43573	8.56
37292	8.56
40451	8.21
39088	8.15
31022	8.14
34070	7.74
34309	7.58
31106	7.17
37841	6.92
38208	6.90
33487	6.83
47219	6.24
37430	6.09
37798	5.95
31009	5.80
41347	5.75
32595	5.54
44072	4.50
43829	4.24
45827	4.21
33118	4.09
37397	3.63
32007	3.54
43739	3.43
45269	3.28
36018	3.08
41860	2.98
41844	2.53
46058	2.45
37922	2.34
46069	2.16
41845	2.08
39433	2.00
41840	1.96
33986	1.96
43229	1.93
31521	1.88
42502	1.85
38669	1.84
3354994	1.81
32545	1.76
40848	1.75
32133	1.74
41181	1.72
36308	1.71
37662	1.65
39879	1.65
37894	1.64
34411	1.64
33202	1.61
36583	1.52
33105	1.50
37587	1.47
44087	1.45
42649	1.44
46201	1.42
33235	1.41
31701	1.40
34842	1.34
35728	1.31
32221	1.28
41965	1.26
33112	1.25
36288	1.22
35288	1.22
39251	1.15
32100	1.15
31838	1.08
33373	1.07
36617	1.03
39014	1.03
40388	1.01
39871	1.01
34250	1.00
44291	1.00
38447	0.98
32789	0.94
31176	0.93
39340	0.91
43183	0.88
43709	0.87
35305	0.86
33351	0.85
35886	0.83
37618	0.81
42291	0.79
40232	0.75
37355	0.73
35970	0.66
31228	0.58
37804	0.55
37290	0.53
33269	0.50
31215	0.49
41432	0.48
38456	0.48
42828	0.44
36017	0.40
31144	0.36
34256	0.32
42832	0.28
41550	0.27
40972	0.23
33386	0.18
34392	0.10
31760	0.07
36887	0.04
38515	0.03
43447	0.02
37476	0.02
35287	0.02
32008	0.01
47121	-0.01
33499	-0.01
48312	-0.02
42029	-0.04
34504	-0.05
34726	-0.07
40973	-0.07
35119	-0.09
31166	-0.15
41183	-0.22
39429	-0.26
41942	-0.28
42453	-0.30
39396	-0.38
36390	-0.40
34595	-0.41
43466	-0.44
31052	-0.55
43736	-0.56
44261	-0.60
35340	-0.61
44637	-0.62
43577	-0.69
35679	-0.76
32045	-0.76
34924	-0.87
31564	-0.88
42946	-0.90
31185	-0.99
40607	-1.01
42971	-1.02
34885	-1.02
31150	-1.06
43517	-1.08
35796	-1.13
34794	-1.19
37356	-1.32
43278	-1.33
44326	-1.43
31139	-1.59
35001	-1.63
41703	-1.90
42126	-1.94
36508	-1.99
46326	-2.74
