32007	12.26
41845	9.91
42291	9.55
35728	9.08
41432	9.03
46069	8.15
33351	6.88
38447	6.24
32545	5.97
33386	5.73
37587	5.62
43447	5.12
31166	4.40
42832	4.38
43768	4.24
37922	4.20
43183	4.03
36583	3.88
35886	3.57
41550	3.40
35422	3.32
32595	3.28
44291	2.78
43739	2.61
43864	2.60
34885	2.46
34256	2.37
40451	2.37
37804	2.27
32789	2.23
32045	2.19
40388	2.16
41347	2.08
39340	2.02
31228	1.98
36308	1.87
37798	1.85
33202	1.83
40607	1.77
33373	1.77
36288	1.74
31760	1.72
39484	1.68
39251	1.67
42649	1.66
38456	1.66
34420	1.63
39396	1.61
44326	1.59
37849	1.46
31838	1.46
31185	1.44
41183	1.41
34309	1.39
31022	1.35
33105	1.33
34842	1.33
44072	1.31
44150	1.31
33118	1.31
47218	1.26
33499	1.16
34411	1.13
35305	1.12
36508	1.12
33835	1.06
31521	1.06
41840	1.05
40232	1.04
3354994	1.00
41860	0.98
34250	0.98
31588	0.97
34352	0.95
37841	0.90
31150	0.87
39879	0.86
32008	0.85
32700	0.84
35970	0.83
37235	0.81
34329	0.80
40848	0.80
42946	0.80
34070	0.79
37618	0.78
31052	0.77
33710	0.77
31215	0.75
37290	0.75
33986	0.75
38208	0.74
31700	0.72
40972	0.65
42029	0.65
31701	0.65
34419	0.61
42828	0.60
36617	0.59
32635	0.58
38983	0.54
34392	0.52
40973	0.51
37894	0.47
31106	0.44
42453	0.43
35119	0.43
34595	0.38
44637	0.37
32221	0.36
43278	0.34
31144	0.34
37476	0.32
37628	0.32
36017	0.31
41703	0.28
44261	0.27
43736	0.27
41181	0.27
41844	0.27
33629	0.22
37397	0.20
37292	0.20
32133	0.18
36887	0.15
39014	0.13
43573	0.13
38669	0.12
34726	0.11
39429	0.06
34794	0.04
42126	0.03
45827	0.02
35679	-0.02
35288	-0.03
42464	-0.11
35796	-0.12
38515	-0.14
45269	-0.14
39088	-0.14
33235	-0.15
47121	-0.21
39433	-0.24
34504	-0.26
31009	-0.33
35287	-0.35
37430	-0.36
43466	-0.38
34924	-0.41
31139	-0.46
46058	-0.48
47219	-0.49
36018	-0.54
42971	-0.68
33112	-0.69
43709	-0.69
44087	-0.69
33487	-0.70
43229	-0.72
39871	-0.75
37662	-0.78
46201	-0.80
42502	-1.06
32100	-1.11
35340	-1.15
33269	-1.20
37355	-1.24
43517	-1.34
36390	-1.39
46326	-1.50
31564	-1.52
35001	-1.55
37356	-1.61
43577	-1.61
31176	-1.64
41965	-1.65
41942	-1.76
48312	-2.59
