43768	20.35
44150	15.64
47218	15.26
34420	15.25
37849	14.22
34352	13.33
37235	12.71
42464	12.55
43573	12.27
38983	12.24
39484	12.17
37292	12.02
32635	11.58
31700	11.23
31588	11.21
37628	10.89
40451	10.88
39088	10.78
33629	10.37
33835	10.07
37430	9.86
34329	9.70
31009	9.66
33710	9.52
35422	9.28
32700	8.79
34309	8.64
34419	8.57
47219	8.23
31106	8.23
33487	8.06
34070	8.03
31022	7.04
38208	6.81
37798	5.71
37841	5.14
32595	4.94
41347	4.75
43739	4.63
44072	4.35
45827	4.28
33118	3.93
37397	3.73
37922	3.15
39251	3.13
46069	3.07
36018	2.85
43829	2.60
37662	2.46
45269	2.43
41860	2.40
31701	2.30
46058	2.24
43229	2.12
40848	2.10
32545	2.10
41965	2.10
41845	2.09
31838	2.05
32007	1.92
38669	1.82
41844	1.79
39879	1.78
44087	1.74
48312	1.72
42649	1.59
32789	1.58
31228	1.57
41840	1.54
3354994	1.54
38447	1.48
33105	1.43
41432	1.35
31521	1.35
39433	1.29
33373	1.28
35288	1.24
37355	1.23
44291	1.23
34411	1.23
36583	1.22
35305	1.21
31176	1.18
36617	1.17
36308	1.16
33112	1.15
41181	1.13
33986	1.11
42502	1.10
32133	1.09
39014	1.08
36288	1.03
35728	0.96
32221	0.95
33269	0.91
40232	0.91
39340	0.90
33202	0.87
37804	0.86
32100	0.75
43709	0.74
34842	0.68
39871	0.67
42291	0.67
31760	0.65
40973	0.59
42828	0.57
34250	0.57
39429	0.57
42029	0.56
41550	0.56
43447	0.55
37618	0.54
34256	0.51
43183	0.50
43466	0.46
40388	0.42
38456	0.39
37290	0.38
40972	0.35
35970	0.32
33235	0.31
44261	0.31
32045	0.29
34726	0.27
34504	0.22
36887	0.21
34392	0.21
46201	0.21
37894	0.19
41183	0.15
38515	0.11
31150	0.06
32008	0.04
35287	-0.00
42832	-0.05
37587	-0.08
33499	-0.09
33351	-0.11
35886	-0.11
47121	-0.14
34595	-0.18
34924	-0.24
35796	-0.31
31052	-0.34
44326	-0.35
43736	-0.35
35119	-0.38
31166	-0.38
39396	-0.47
31564	-0.49
31144	-0.50
35340	-0.54
36017	-0.54
43278	-0.55
36390	-0.60
33386	-0.64
41942	-0.68
31215	-0.70
37356	-0.73
43517	-0.81
42971	-0.89
37476	-0.91
31185	-1.04
34794	-1.10
43577	-1.17
36508	-1.19
42946	-1.20
40607	-1.28
35679	-1.29
35001	-1.41
42453	-1.44
41703	-1.44
34885	-1.54
44637	-1.61
31139	-1.63
46326	-2.01
42126	-2.27
