41844	9.07
43229	7.57
41860	7.46
38669	6.46
40848	6.13
37841	5.20
31838	5.10
34924	5.06
33202	4.74
42029	4.67
43768	4.50
42649	4.46
43864	4.35
45827	4.31
37290	4.22
36018	4.20
32595	4.17
39879	4.09
41840	3.97
33835	3.76
42502	3.63
47218	3.62
36308	3.48
47121	3.38
37894	3.37
31521	3.36
48312	3.34
46058	3.34
32133	3.31
33112	3.22
45269	3.19
32007	3.14
43739	3.13
32221	3.12
35305	3.11
39433	3.01
37849	2.96
37397	2.91
37922	2.83
40973	2.81
36887	2.78
36583	2.78
31760	2.77
36288	2.76
36390	2.67
31144	2.66
42464	2.60
41965	2.57
34420	2.56
39014	2.56
35422	2.55
35679	2.54
31700	2.51
41942	2.51
37798	2.43
44150	2.40
34250	2.38
39484	2.37
32100	2.37
31215	2.37
39340	2.35
32635	2.32
42828	2.28
40232	2.24
33499	2.18
34885	2.14
31022	2.14
37235	2.11
34392	2.08
37662	2.04
32045	2.01
31106	2.00
43466	2.00
34070	2.00
37430	1.97
33105	1.96
34352	1.95
38983	1.92
40388	1.91
44087	1.90
33710	1.90
33629	1.87
31588	1.87
40972	1.82
31176	1.82
43573	1.79
39088	1.74
42832	1.73
31150	1.72
43183	1.67
42291	1.66
47219	1.66
39251	1.65
31009	1.64
41550	1.61
43736	1.59
37292	1.59
44326	1.52
34411	1.51
43709	1.47
34309	1.45
40451	1.44
33487	1.38
46069	1.38
37628	1.37
38208	1.34
31701	1.33
43829	1.31
32008	1.28
32700	1.28
33269	1.27
36017	1.26
34329	1.25
36508	1.22
32545	1.22
39871	1.20
37587	1.11
42971	1.10
44637	1.06
42453	1.05
43447	1.04
31052	1.01
41845	0.99
38447	0.99
41703	0.98
34419	0.93
33351	0.93
34504	0.92
31228	0.92
44261	0.87
35728	0.87
39429	0.84
33386	0.84
41347	0.69
36617	0.67
41432	0.67
41183	0.65
37618	0.64
35886	0.63
38515	0.62
43278	0.53
3354994	0.53
46201	0.50
37355	0.42
32789	0.42
41181	0.42
34595	0.40
35287	0.40
33235	0.40
34256	0.31
31166	0.30
38456	0.30
34794	0.25
35796	0.24
35001	0.17
35970	0.15
33373	0.14
34726	0.13
34842	0.10
33118	0.10
37356	0.10
37804	0.02
42126	-0.05
40607	-0.05
43517	-0.15
35119	-0.25
42946	-0.30
44291	-0.41
37476	-0.52
31185	-0.60
31564	-0.66
39396	-0.71
35340	-0.78
33986	-0.83
31139	-0.84
35288	-0.87
46326	-1.28
43577	-1.81
