33112	15.17
42502	10.34
37662	8.45
33269	8.35
46201	8.15
41860	8.11
37397	7.55
36617	7.52
39871	7.47
31701	7.21
35305	6.88
31176	5.05
48312	5.02
37798	4.00
38669	3.88
33118	3.73
36288	3.60
33710	3.55
40451	3.02
44261	3.01
39433	2.95
42649	2.92
36308	2.87
36887	2.61
42029	2.55
32045	2.53
31700	2.51
35679	2.48
35422	2.36
37628	2.29
35796	2.27
34885	2.27
33235	2.23
45827	2.18
31009	2.06
31838	2.02
34419	1.94
33487	1.92
44072	1.90
39879	1.88
33835	1.85
35001	1.79
34352	1.75
31588	1.75
43864	1.74
33986	1.72
31052	1.64
34420	1.59
44150	1.57
31228	1.57
42464	1.56
39088	1.54
31150	1.53
35288	1.53
38983	1.52
37235	1.51
37292	1.47
43573	1.46
43768	1.45
41840	1.45
47218	1.45
34070	1.44
34329	1.40
41347	1.35
31106	1.33
32635	1.32
34309	1.32
41181	1.32
36583	1.30
43278	1.24
3354994	1.21
37430	1.16
36508	1.09
32007	1.03
47219	0.95
32700	0.93
32221	0.90
37355	0.90
40973	0.89
39014	0.86
41942	0.84
37849	0.84
39429	0.84
43517	0.83
45269	0.76
36018	0.75
37922	0.71
38447	0.70
34794	0.68
41844	0.67
37618	0.67
33373	0.64
40972	0.59
41965	0.58
33629	0.57
44326	0.53
39484	0.53
31022	0.51
41845	0.51
43229	0.46
46058	0.44
38208	0.41
34504	0.39
47121	0.38
38515	0.36
40607	0.32
31144	0.32
43577	0.29
34726	0.25
43739	0.25
34595	0.23
41432	0.18
35340	0.16
42828	0.15
46326	0.13
39396	0.12
31185	0.10
36390	0.05
39340	0.05
31760	0.01
33499	-0.01
37894	-0.03
42946	-0.03
33105	-0.08
37587	-0.12
40232	-0.14
33202	-0.15
34411	-0.21
41703	-0.23
31521	-0.23
42832	-0.26
34256	-0.28
31564	-0.29
36017	-0.31
41183	-0.33
34842	-0.36
32008	-0.39
37804	-0.41
32100	-0.45
34392	-0.48
42291	-0.49
43736	-0.50
46069	-0.52
35886	-0.53
31215	-0.57
44637	-0.58
40388	-0.59
43183	-0.63
44291	-0.69
43829	-0.69
37841	-0.74
37476	-0.76
43447	-0.80
42971	-0.80
39251	-0.80
40848	-0.86
43466	-0.89
35728	-0.89
35970	-0.90
43709	-0.91
35119	-0.99
37290	-1.01
32789	-1.01
32545	-1.03
31166	-1.05
32133	-1.06
37356	-1.11
42453	-1.24
38456	-1.26
33386	-1.36
32595	-1.44
33351	-1.46
31139	-1.52
34924	-1.54
35287	-1.93
34250	-2.23
41550	-2.35
42126	-2.73
