34420	16.98
43864	15.64
37430	14.39
37849	14.27
37292	14.27
47218	13.80
39088	13.71
31009	13.27
43768	13.21
37235	13.20
43573	13.08
32635	12.95
37628	12.91
33487	12.80
34352	12.60
33629	12.57
31700	12.55
38983	12.48
47219	12.46
42464	12.44
31588	12.38
32700	12.08
34419	11.45
34070	10.82
39484	10.80
34329	10.71
31106	10.01
40451	9.89
34309	9.76
38208	8.75
41347	8.60
33835	8.28
31022	7.44
35422	7.36
33710	7.22
45827	6.71
37798	6.63
32595	4.72
33118	4.42
43739	4.40
37841	4.08
37397	3.57
37922	3.53
37662	3.24
31176	2.86
41860	2.48
46069	2.45
44072	2.40
41965	2.28
48312	2.15
39251	2.14
41840	1.99
32007	1.88
43229	1.78
41432	1.58
44087	1.57
32789	1.46
36288	1.44
33986	1.44
36018	1.37
43829	1.31
3354994	1.31
41844	1.27
31701	1.26
32100	1.26
46058	1.21
41845	1.14
35288	1.14
45269	1.05
33112	1.03
39433	0.94
39879	0.93
36617	0.91
40848	0.90
37804	0.90
39871	0.87
32133	0.87
34411	0.83
42649	0.82
31228	0.80
31838	0.79
31521	0.78
33269	0.75
36308	0.54
35970	0.50
44291	0.39
39014	0.37
37618	0.35
37355	0.34
32545	0.30
32221	0.27
34726	0.25
37587	0.24
43736	0.24
42291	0.21
39340	0.20
38669	0.16
41181	0.10
34256	0.10
39396	0.09
35728	0.08
38447	0.06
33235	0.04
42502	0.03
33373	0.03
31215	0.01
37290	-0.10
44261	-0.10
41942	-0.10
36017	-0.12
33499	-0.19
34504	-0.23
31185	-0.25
40973	-0.27
41183	-0.27
39429	-0.28
38456	-0.30
35305	-0.32
32008	-0.35
31760	-0.40
33105	-0.42
33351	-0.43
31564	-0.44
40232	-0.45
31166	-0.45
43466	-0.45
42029	-0.47
37356	-0.49
36390	-0.51
40972	-0.54
33202	-0.54
36583	-0.57
34392	-0.65
43709	-0.68
34250	-0.68
42832	-0.69
32045	-0.77
42453	-0.81
43183	-0.82
43447	-0.83
41550	-0.84
42971	-0.84
42828	-0.85
46201	-0.87
37476	-0.91
36887	-0.92
33386	-0.92
35886	-0.99
31144	-0.99
34794	-1.06
31052	-1.12
35796	-1.13
34842	-1.14
44637	-1.16
35287	-1.20
35001	-1.26
43278	-1.30
31139	-1.30
35679	-1.35
35340	-1.35
35119	-1.35
47121	-1.39
31150	-1.39
37894	-1.40
38515	-1.43
44326	-1.48
34595	-1.55
40388	-1.68
36508	-1.69
42946	-1.77
41703	-1.84
43517	-1.92
34924	-1.92
43577	-1.94
34885	-1.97
46326	-2.24
42126	-2.60
40607	-3.17
