40607	4.70
31215	4.49
36583	4.36
41181	4.25
36617	3.89
39879	3.83
36288	3.70
36390	3.33
44087	3.01
39433	2.81
37922	2.80
32133	2.72
42649	2.41
32008	2.32
33235	2.28
37397	2.20
37662	2.14
48312	2.13
43709	2.07
37894	2.07
33112	2.02
32045	2.00
33202	1.99
3354994	1.99
34885	1.91
42029	1.90
35001	1.85
40388	1.84
36508	1.76
35422	1.74
46201	1.69
44326	1.62
31760	1.53
37356	1.37
43517	1.32
35305	1.31
36308	1.30
33986	1.30
36018	1.23
45827	1.22
31701	1.17
38669	1.17
40848	1.16
41942	1.15
44291	1.14
42946	1.14
40451	1.12
35287	1.12
41860	1.06
32100	1.04
31052	1.04
42828	1.04
35796	1.03
31588	1.01
31838	0.99
42502	0.99
35340	0.98
37798	0.98
33269	0.96
33710	0.94
34352	0.93
31144	0.93
31176	0.91
38515	0.90
31139	0.89
37587	0.89
44072	0.87
43739	0.86
33373	0.86
32007	0.81
42291	0.76
35679	0.74
38456	0.72
39871	0.70
41347	0.65
39088	0.62
34070	0.61
44637	0.60
41840	0.59
41550	0.59
31022	0.56
40972	0.56
40973	0.56
42126	0.52
47121	0.51
33105	0.46
38208	0.45
41844	0.42
39429	0.38
42832	0.36
39396	0.33
34329	0.32
32700	0.32
39484	0.32
31166	0.32
43864	0.31
31564	0.28
31150	0.28
43829	0.27
39340	0.27
43183	0.24
33118	0.20
37804	0.19
36887	0.17
37430	0.16
33835	0.16
34794	0.12
34924	0.11
33629	0.10
31106	0.10
34309	0.10
35886	0.07
46058	0.05
35288	0.03
43229	0.02
37618	0.01
40232	0.01
34256	0.01
41845	-0.03
37355	-0.04
46069	-0.10
44150	-0.10
34420	-0.13
38447	-0.15
34419	-0.15
33487	-0.22
31700	-0.25
37849	-0.25
32221	-0.26
33386	-0.26
33499	-0.30
39014	-0.31
31228	-0.32
34392	-0.33
34726	-0.36
42453	-0.38
43573	-0.40
32595	-0.48
42464	-0.48
41432	-0.48
38983	-0.50
35728	-0.50
37292	-0.51
34504	-0.53
35119	-0.54
37290	-0.56
37235	-0.58
34250	-0.60
43768	-0.60
33351	-0.64
42971	-0.66
32635	-0.67
43736	-0.67
34842	-0.71
37628	-0.72
37841	-0.72
31009	-0.73
43466	-0.77
34411	-0.77
37476	-0.80
41965	-0.89
32789	-0.89
43278	-0.95
47218	-1.04
41703	-1.07
35970	-1.09
34595	-1.09
31185	-1.11
45269	-1.18
46326	-1.19
31521	-1.20
32545	-1.36
43447	-1.36
47219	-1.41
43577	-1.48
39251	-1.55
41183	-1.75
36017	-2.70
