37804	7.26
39251	5.86
34256	5.32
31760	5.18
33351	4.97
31185	4.96
33373	4.87
35886	4.54
37922	4.50
32545	4.29
35728	4.28
32789	4.14
38447	3.69
43447	3.43
32595	3.29
43183	3.12
42291	3.10
32133	3.03
43829	2.78
35970	2.36
43739	2.33
31215	2.33
33386	2.31
38456	2.30
36288	2.25
40451	2.23
32700	2.17
36308	2.14
40388	2.10
42828	2.05
41845	2.05
32007	2.04
31166	2.02
41550	1.99
46058	1.94
33202	1.92
42649	1.90
32045	1.89
46069	1.87
42029	1.81
36583	1.72
36018	1.69
42832	1.63
33986	1.52
32635	1.46
39484	1.45
34329	1.43
37894	1.42
34420	1.33
33835	1.32
38208	1.32
31022	1.29
43864	1.23
41432	1.21
37292	1.18
34070	1.14
44261	1.14
42464	1.11
35422	1.06
37235	1.06
31588	1.05
33629	1.05
31700	1.02
43768	1.00
36508	0.98
43736	0.97
34352	0.94
31521	0.93
31106	0.93
39088	0.91
39433	0.88
35288	0.86
31838	0.85
45827	0.77
41840	0.77
38983	0.77
43573	0.76
40972	0.73
37587	0.72
39879	0.67
39396	0.65
41183	0.60
37476	0.59
45269	0.52
37841	0.52
40973	0.46
37628	0.43
44326	0.42
34885	0.41
44150	0.39
47219	0.38
34392	0.38
37430	0.32
34309	0.24
33105	0.23
33710	0.16
41347	0.09
31009	0.09
31150	0.08
39340	0.08
35287	0.07
39014	0.07
34794	0.06
42453	0.05
41860	0.03
33487	0.03
37618	-0.06
42126	-0.09
31052	-0.09
37290	-0.10
41181	-0.10
32008	-0.11
36887	-0.11
37849	-0.11
33235	-0.13
47218	-0.14
40848	-0.16
34726	-0.17
37798	-0.18
42971	-0.19
31228	-0.22
33499	-0.24
31139	-0.26
31144	-0.30
37397	-0.31
41844	-0.33
44072	-0.41
35119	-0.52
40607	-0.52
43709	-0.52
35305	-0.53
43229	-0.58
32221	-0.62
44087	-0.69
36617	-0.75
36017	-0.76
31701	-0.76
34419	-0.80
35679	-0.80
34411	-0.80
40232	-0.81
33269	-0.81
44637	-0.86
47121	-0.87
43278	-0.90
41942	-0.91
37356	-0.92
35796	-0.94
42502	-0.97
46201	-1.00
43577	-1.00
42946	-1.03
41965	-1.04
36390	-1.06
31564	-1.08
34924	-1.08
31176	-1.09
46326	-1.12
34504	-1.13
34595	-1.14
32100	-1.17
35340	-1.23
43466	-1.25
41703	-1.28
38669	-1.37
38515	-1.40
37355	-1.40
39429	-1.43
34250	-1.49
48312	-1.51
3354994	-1.53
33118	-1.56
37662	-1.57
35001	-1.61
34842	-1.73
33112	-1.74
39871	-1.99
43517	-2.29
