37587	11.00
31150	9.23
31228	7.94
32045	7.58
42291	5.77
43739	5.72
36508	4.88
36288	4.64
42029	4.51
36583	4.46
32595	4.16
37922	4.10
41432	4.08
33202	3.93
41845	3.73
41860	3.72
36308	3.68
42649	3.55
35305	3.45
39433	3.24
40388	3.09
38447	2.93
45827	2.93
32789	2.85
36887	2.81
31760	2.71
33499	2.66
37476	2.66
41844	2.62
34309	2.59
31106	2.58
38208	2.54
31176	2.43
33373	2.42
33269	2.39
46069	2.39
33105	2.38
34329	2.31
37894	2.30
37290	2.26
43447	2.26
39879	2.26
34885	2.23
42832	2.10
31701	2.08
40451	2.07
37662	1.99
32008	1.86
31838	1.83
31052	1.79
34392	1.78
31215	1.77
40607	1.75
45269	1.71
37397	1.70
37804	1.68
41965	1.64
36617	1.64
44261	1.62
42828	1.61
43829	1.59
32635	1.58
33629	1.58
37798	1.57
43229	1.57
34070	1.53
44072	1.52
41840	1.50
31022	1.45
31700	1.39
40848	1.38
42464	1.36
32545	1.33
33351	1.25
31185	1.22
43466	1.22
37628	1.19
31588	1.19
47121	1.16
33112	1.15
38983	1.12
43573	1.11
34352	1.07
43183	1.06
42453	1.04
35728	0.96
31009	0.91
39251	0.91
36018	0.90
39484	0.90
37841	0.87
43577	0.87
46058	0.85
31139	0.85
42502	0.83
32007	0.81
38669	0.80
39088	0.79
43278	0.76
48312	0.73
35119	0.72
46326	0.72
41550	0.71
32133	0.71
40973	0.69
35001	0.68
32700	0.67
41703	0.66
37235	0.65
46201	0.65
34595	0.64
38515	0.62
34924	0.62
35679	0.61
33487	0.54
44087	0.53
36017	0.48
33710	0.47
42946	0.45
44291	0.42
33386	0.39
36390	0.37
35288	0.35
35886	0.34
43517	0.32
39014	0.28
35796	0.27
47218	0.26
34504	0.25
43709	0.25
43736	0.24
37292	0.22
33986	0.20
39871	0.20
39396	0.18
37430	0.15
44637	0.13
34256	0.13
34794	0.10
40972	0.09
34420	0.03
34411	-0.02
42126	-0.03
31564	-0.03
31166	-0.06
37618	-0.10
41942	-0.11
31144	-0.20
40232	-0.22
41183	-0.23
37356	-0.30
34250	-0.31
35287	-0.34
43864	-0.35
34726	-0.38
31521	-0.42
41347	-0.49
37849	-0.54
39340	-0.63
41181	-0.74
47219	-0.83
34419	-0.91
39429	-0.93
37355	-1.10
35970	-1.10
33118	-1.11
43768	-1.43
35422	-1.44
3354994	-1.45
44150	-1.48
42971	-1.48
32100	-1.56
32221	-1.70
34842	-1.73
35340	-1.86
33835	-2.05
33235	-2.06
38456	-2.12
