41703	9.07
35679	8.61
43278	7.58
40973	7.45
34392	7.09
31052	6.80
37290	5.68
47121	5.68
36887	5.60
39014	5.50
35796	5.41
42453	5.34
35119	5.33
33499	5.19
34924	5.10
34794	5.09
34595	4.85
36017	4.68
40607	4.34
40972	4.05
42126	3.83
43229	3.54
46326	3.44
43466	3.38
38515	3.36
42971	3.27
35287	3.25
31838	3.17
39429	3.17
35288	2.99
33202	2.91
31139	2.70
39340	2.55
35001	2.54
34411	2.50
37355	2.28
42946	2.27
34842	2.21
37356	2.20
43517	2.17
37618	2.16
42649	2.11
36617	2.07
42029	2.05
36308	2.04
38669	2.02
35305	1.99
36390	1.98
34250	1.88
40232	1.81
37587	1.52
34504	1.44
41942	1.41
39871	1.17
37894	1.15
32008	1.14
39433	1.07
44072	1.06
40388	1.00
35340	0.92
46201	0.91
31166	0.88
36583	0.86
41181	0.85
31564	0.85
41844	0.82
39879	0.81
37476	0.80
32100	0.75
32595	0.71
42828	0.68
44261	0.60
34256	0.51
31521	0.49
31215	0.44
33986	0.40
41347	0.38
43829	0.37
36508	0.36
32045	0.36
41965	0.33
41840	0.32
35886	0.28
37841	0.28
33373	0.26
33112	0.26
41860	0.25
31228	0.15
32133	0.14
44326	0.13
37662	0.11
31185	0.10
38456	0.02
37397	0.01
33235	-0.10
37922	-0.10
33105	-0.20
32789	-0.20
46069	-0.22
36288	-0.24
35422	-0.26
43577	-0.26
34885	-0.28
43739	-0.32
37235	-0.37
41845	-0.39
42502	-0.43
31760	-0.44
45827	-0.49
34726	-0.50
31176	-0.51
35970	-0.53
37804	-0.56
44087	-0.58
43768	-0.62
33629	-0.63
32007	-0.63
43709	-0.67
34309	-0.70
37798	-0.71
3354994	-0.72
41432	-0.72
39484	-0.72
41183	-0.77
40848	-0.78
42832	-0.79
31150	-0.80
31022	-0.80
31588	-0.81
37430	-0.82
33386	-0.84
34419	-0.85
44291	-0.86
31701	-0.91
39088	-0.94
42291	-0.94
38208	-0.96
34070	-0.97
45269	-1.01
34352	-1.06
37849	-1.10
43736	-1.11
32545	-1.13
44150	-1.16
33487	-1.18
33118	-1.19
32700	-1.26
43183	-1.29
39396	-1.30
33835	-1.34
36018	-1.34
31106	-1.34
34420	-1.37
48312	-1.43
40451	-1.43
42464	-1.43
35728	-1.44
32221	-1.45
34329	-1.46
43573	-1.51
38983	-1.52
37628	-1.53
31009	-1.54
32635	-1.54
33351	-1.57
31700	-1.57
31144	-1.60
33269	-1.60
43864	-1.61
41550	-1.71
46058	-1.76
47219	-1.82
37292	-1.84
38447	-1.95
33710	-2.05
39251	-2.13
47218	-2.31
43447	-2.60
