46058	15.81
36018	15.40
33105	13.42
42828	12.07
40388	9.24
37894	8.87
37841	6.09
39251	5.50
43739	5.30
32595	4.86
37628	3.54
33710	3.42
39879	3.41
37922	3.38
41844	3.37
41845	3.31
43768	3.28
31521	3.20
44072	3.19
36308	3.12
42649	2.86
34309	2.80
31009	2.72
41965	2.67
31185	2.66
35422	2.65
41860	2.64
31760	2.61
40848	2.59
31588	2.59
43864	2.43
42291	2.42
31106	2.42
37292	2.41
43577	2.38
46069	2.37
31228	2.37
37235	2.37
40451	2.36
41432	2.23
38447	2.23
34070	2.13
32700	2.08
34504	2.08
32789	2.04
39088	1.97
37804	1.96
31150	1.96
32133	1.96
39433	1.88
33269	1.88
34329	1.83
38983	1.81
39484	1.78
37290	1.71
44326	1.71
43573	1.70
33351	1.66
34411	1.66
48312	1.64
33487	1.58
33202	1.57
31838	1.53
37798	1.49
37849	1.44
47219	1.33
35728	1.32
43736	1.30
42029	1.28
47218	1.28
34352	1.27
35305	1.27
36288	1.26
43229	1.26
32007	1.21
31176	1.16
34794	1.16
32545	1.16
33235	1.10
33986	1.09
34392	1.08
44150	1.05
32221	1.03
38456	1.01
38669	0.94
40972	0.93
33629	0.90
31700	0.90
32635	0.89
41183	0.89
36887	0.88
37587	0.84
43447	0.83
37430	0.82
31144	0.82
35970	0.81
31701	0.81
37476	0.78
31215	0.77
44087	0.76
38208	0.62
34420	0.59
33112	0.57
33373	0.57
45827	0.56
42502	0.53
33118	0.53
40232	0.53
31564	0.53
44291	0.52
39014	0.52
32045	0.46
36017	0.45
42464	0.43
41942	0.42
33499	0.40
37618	0.39
39396	0.37
41840	0.37
33835	0.28
33386	0.22
39340	0.22
32100	0.22
37397	0.17
32008	0.16
37662	0.14
34726	0.12
35001	0.09
46201	0.08
43278	0.02
35886	0.02
34842	-0.05
40973	-0.05
41181	-0.10
43829	-0.14
35679	-0.17
39429	-0.21
34924	-0.32
42971	-0.33
46326	-0.33
47121	-0.38
31166	-0.39
31022	-0.41
36583	-0.41
36390	-0.41
41347	-0.44
3354994	-0.45
43517	-0.51
43709	-0.53
34250	-0.56
34256	-0.62
41550	-0.64
36508	-0.68
38515	-0.69
40607	-0.69
39871	-0.71
35119	-0.76
42453	-0.85
31052	-0.87
34419	-0.88
31139	-0.89
41703	-0.96
37355	-0.99
44637	-1.01
37356	-1.01
34595	-1.02
35340	-1.04
42946	-1.15
43183	-1.16
44261	-1.18
35288	-1.21
35287	-1.21
42832	-1.23
35796	-1.28
42126	-1.37
43466	-1.65
34885	-1.71
36617	-1.91
