31700	9.39
32635	8.92
34420	7.66
40451	7.59
34329	6.78
34070	6.75
44150	6.71
42464	6.68
34352	6.41
34419	6.06
39088	5.86
34309	5.85
31106	5.84
38208	5.83
32700	5.72
31588	5.57
33629	5.54
31009	5.45
37235	5.25
38983	5.24
37798	5.17
43573	5.02
33835	5.00
37628	4.84
47218	4.83
33487	4.80
47219	4.74
39484	4.49
33710	4.49
37662	4.33
44072	4.31
43864	4.28
43739	4.28
41347	4.25
43768	4.21
37292	4.02
31022	3.97
33118	3.87
32595	3.87
37922	3.69
35422	3.51
41860	3.48
37430	3.30
37397	3.27
42029	3.02
48312	2.94
44326	2.93
42291	2.89
41840	2.80
33112	2.63
42649	2.61
32045	2.52
43229	2.45
31838	2.43
37849	2.42
32007	2.39
31176	2.35
36583	2.22
44087	2.18
36308	2.17
36288	2.17
42502	2.16
33986	2.11
31228	1.96
35305	1.93
36617	1.87
38447	1.74
39879	1.74
32789	1.73
31701	1.66
41432	1.65
33373	1.60
34885	1.55
46058	1.55
33202	1.52
33269	1.50
43736	1.50
39251	1.46
39433	1.46
38669	1.44
41844	1.43
31760	1.42
31150	1.42
39396	1.39
37587	1.33
44261	1.22
39871	1.08
37894	1.05
43183	1.04
37356	0.97
31052	0.94
41965	0.92
46201	0.91
43447	0.89
32008	0.81
44291	0.77
35288	0.76
41550	0.75
36508	0.74
42828	0.69
42832	0.68
37290	0.68
40972	0.67
37476	0.63
36018	0.61
46069	0.59
45269	0.56
40848	0.53
36017	0.50
31144	0.50
41183	0.48
32133	0.48
37355	0.46
34595	0.43
36887	0.40
42453	0.35
33499	0.27
31185	0.24
32221	0.21
35679	0.21
35796	0.19
34250	0.18
37804	0.17
35886	0.16
40388	0.14
31215	0.13
34924	0.13
34794	0.12
37841	0.12
41181	0.11
34256	0.09
35970	0.07
41845	0.05
43829	0.02
34842	0.01
43278	0.01
38456	-0.06
41942	-0.09
31564	-0.11
3354994	-0.13
34726	-0.15
39340	-0.16
40973	-0.35
39014	-0.36
43709	-0.37
32100	-0.45
33351	-0.45
44637	-0.49
47121	-0.51
31139	-0.55
31521	-0.56
31166	-0.58
33105	-0.63
35728	-0.64
33235	-0.68
32545	-0.69
36390	-0.74
35119	-0.76
40232	-0.80
34411	-0.81
46326	-0.86
41703	-0.94
42126	-0.96
34504	-1.03
43577	-1.07
43466	-1.09
42971	-1.14
37618	-1.16
35287	-1.17
35001	-1.20
34392	-1.24
33386	-1.35
42946	-1.35
40607	-1.47
38515	-1.47
43517	-1.56
35340	-1.70
39429	-2.21
