36018	18.79
45269	15.81
42828	10.50
33105	8.82
37894	8.73
40388	8.66
39251	6.94
43739	5.50
39879	4.91
32595	4.22
37841	3.94
40848	3.77
31150	3.59
34329	3.47
38983	3.38
32700	3.37
41845	3.36
44072	3.34
48312	3.34
32789	3.26
40451	3.25
37235	3.09
32635	3.00
37628	2.96
34352	2.87
36308	2.84
37292	2.80
31760	2.80
43573	2.73
37922	2.69
41965	2.66
41860	2.59
39088	2.57
34309	2.53
33487	2.52
43768	2.45
39484	2.45
41432	2.42
31185	2.39
31588	2.38
42649	2.36
42029	2.35
31106	2.35
31700	2.27
38208	2.27
42291	2.27
47218	2.25
43864	2.24
34070	2.23
37804	2.20
31228	2.16
34411	2.15
33710	2.15
37290	2.15
31009	2.11
41844	2.03
33629	1.99
46069	1.98
34504	1.98
44291	1.94
35422	1.88
39433	1.85
43229	1.85
38456	1.75
38447	1.74
42464	1.71
31521	1.70
33202	1.68
31838	1.66
47219	1.65
33351	1.62
45827	1.55
34420	1.54
36288	1.53
32133	1.47
37430	1.44
31022	1.43
43447	1.41
33835	1.41
35728	1.36
33373	1.35
44150	1.21
37849	1.17
37662	1.16
33986	1.05
39014	1.02
34794	1.01
39396	0.99
37397	0.94
43736	0.90
40972	0.85
44326	0.85
41183	0.84
32545	0.83
43577	0.82
33499	0.80
35970	0.78
43709	0.74
32045	0.66
32007	0.63
35679	0.58
33269	0.55
36508	0.54
36583	0.49
32100	0.46
41181	0.45
40973	0.44
44087	0.44
41840	0.43
39340	0.36
40232	0.35
35305	0.32
33235	0.32
37355	0.30
37798	0.29
32008	0.26
34392	0.25
31144	0.22
36390	0.21
37618	0.21
41347	0.18
35886	0.17
31215	0.16
31564	0.16
38669	0.15
36887	0.13
36017	0.10
33386	0.10
34256	0.06
34250	0.06
44261	0.05
39429	0.04
35287	0.01
31176	-0.05
34726	-0.07
32221	-0.12
35001	-0.14
34842	-0.20
43517	-0.20
34595	-0.25
34924	-0.26
42971	-0.27
42946	-0.29
3354994	-0.32
41942	-0.35
43278	-0.38
41550	-0.39
43829	-0.48
43183	-0.52
41703	-0.60
31166	-0.63
34419	-0.63
33118	-0.65
37587	-0.70
34885	-0.70
38515	-0.71
31701	-0.76
42126	-0.84
42502	-0.86
35340	-0.89
37476	-0.90
31052	-0.97
31139	-0.99
37356	-1.05
42832	-1.12
47121	-1.17
33112	-1.17
46201	-1.24
39871	-1.30
43466	-1.31
46326	-1.51
42453	-1.52
35796	-1.63
40607	-1.63
35119	-1.69
44637	-1.76
35288	-2.03
36617	-2.51
