41845	17.00
41432	13.60
42291	11.61
32007	9.53
43829	8.15
38447	6.66
35728	6.56
33351	5.63
43447	5.33
43739	5.19
39251	4.72
31228	4.72
37430	4.46
37849	3.91
42832	3.89
43183	3.73
31166	3.60
33386	3.48
31150	3.47
43573	3.44
47218	3.42
33487	3.36
37235	3.19
42464	3.14
43864	3.07
37922	3.05
32635	3.01
34420	2.99
38983	2.94
31700	2.84
31009	2.80
39088	2.79
32545	2.78
34309	2.71
32789	2.69
37628	2.61
32595	2.50
44150	2.45
37587	2.40
44326	2.39
40848	2.39
45269	2.37
34352	2.29
39484	2.28
34256	2.21
43768	2.16
37292	2.11
48312	2.11
40451	2.11
35886	2.06
34329	2.04
34504	2.01
47219	1.98
46058	1.98
37841	1.97
32700	1.90
44291	1.87
31588	1.83
37804	1.80
33629	1.80
31106	1.77
41550	1.71
39396	1.62
33373	1.61
36018	1.58
32008	1.56
41183	1.48
44072	1.38
34070	1.17
37290	1.16
34411	1.15
36508	1.11
38669	1.08
31760	1.07
38208	1.03
33710	1.01
33835	1.01
47121	0.92
33118	0.88
31022	0.84
34885	0.83
33499	0.80
37798	0.80
34250	0.77
40232	0.77
31185	0.76
41347	0.75
34419	0.72
35970	0.69
43229	0.66
34924	0.62
37618	0.62
39340	0.61
45827	0.59
35422	0.58
43736	0.58
42971	0.56
41844	0.55
36583	0.48
33986	0.45
41965	0.42
31176	0.41
39014	0.40
41840	0.36
31052	0.36
35119	0.33
34595	0.32
42453	0.29
39429	0.25
33235	0.24
41860	0.14
32100	0.12
40388	0.11
43278	0.08
34794	0.08
32221	0.07
35796	0.05
40973	0.04
31701	0.01
42946	-0.05
37894	-0.08
44261	-0.10
31139	-0.11
36390	-0.11
33105	-0.13
43466	-0.14
34726	-0.15
42828	-0.16
43517	-0.17
41703	-0.19
36017	-0.19
32045	-0.22
44637	-0.22
3354994	-0.22
34842	-0.23
38515	-0.26
34392	-0.28
37397	-0.36
36308	-0.39
37662	-0.42
40607	-0.43
35001	-0.46
37355	-0.46
41942	-0.48
33269	-0.49
36887	-0.51
44087	-0.52
39879	-0.55
41181	-0.55
46201	-0.57
35679	-0.58
42649	-0.64
31521	-0.69
31838	-0.69
46326	-0.70
33112	-0.71
38456	-0.74
31564	-0.80
37476	-0.85
39433	-0.88
43577	-0.88
36288	-0.89
35305	-0.94
42502	-1.03
42029	-1.06
35288	-1.07
33202	-1.08
36617	-1.17
35287	-1.17
31215	-1.23
43709	-1.23
31144	-1.26
39871	-1.27
32133	-1.27
37356	-1.29
40972	-1.45
42126	-1.46
35340	-1.97
