42502	10.86
39871	10.85
33112	9.89
44087	8.15
31701	7.17
36617	7.14
33269	5.60
41860	5.56
37397	4.88
37662	4.36
35305	3.86
33235	3.40
31176	3.26
37798	2.75
38669	2.57
41942	2.56
33118	2.43
35422	2.38
41181	2.18
42649	2.05
35001	1.98
33710	1.95
41347	1.91
35288	1.88
36288	1.86
41844	1.85
39433	1.78
44261	1.69
48312	1.64
32100	1.60
36308	1.58
34419	1.54
43768	1.42
42029	1.42
37476	1.40
36390	1.39
43709	1.30
40607	1.29
47121	1.29
41840	1.23
31144	1.22
34885	1.21
41965	1.16
34595	1.07
31022	1.05
35119	1.02
3354994	1.01
39879	0.99
31838	0.96
31052	0.94
42453	0.92
44637	0.91
45827	0.91
39429	0.86
32008	0.82
42832	0.81
40973	0.78
32045	0.73
36887	0.71
35340	0.71
44326	0.65
41703	0.64
32221	0.64
35679	0.62
37587	0.59
37355	0.58
39484	0.57
38515	0.56
39014	0.54
31588	0.51
44072	0.50
31700	0.48
36583	0.48
37841	0.44
34392	0.41
33202	0.40
36508	0.40
43278	0.38
31139	0.36
37618	0.36
34842	0.35
34352	0.32
42971	0.29
42464	0.28
33986	0.28
46326	0.27
40451	0.22
37356	0.22
31521	0.22
31228	0.22
43864	0.21
43183	0.19
34329	0.13
40232	0.11
45269	0.08
37628	0.07
37894	0.07
31106	0.03
35970	-0.01
43466	-0.03
43229	-0.03
42946	-0.04
34420	-0.05
34070	-0.14
31564	-0.15
33487	-0.15
38208	-0.18
37235	-0.23
47218	-0.24
35287	-0.25
32007	-0.28
33629	-0.30
43517	-0.32
38447	-0.33
33835	-0.33
41183	-0.38
42291	-0.40
43577	-0.42
43573	-0.44
37430	-0.45
31150	-0.46
31009	-0.46
39340	-0.46
39088	-0.47
34309	-0.47
40848	-0.48
31215	-0.48
41845	-0.48
34411	-0.55
46069	-0.57
32635	-0.58
36017	-0.61
34726	-0.63
38983	-0.66
34924	-0.70
37290	-0.75
36018	-0.78
31760	-0.79
43829	-0.80
39396	-0.81
34794	-0.82
33373	-0.82
35796	-0.82
40972	-0.84
37292	-0.86
47219	-0.86
44150	-0.87
37849	-0.87
35886	-0.95
43447	-1.00
44291	-1.00
40388	-1.05
32700	-1.07
32133	-1.10
38456	-1.14
42828	-1.15
41550	-1.22
42126	-1.24
46058	-1.24
33105	-1.25
43736	-1.32
39251	-1.37
32595	-1.37
33499	-1.37
34504	-1.40
37922	-1.43
43739	-1.43
41432	-1.45
34250	-1.54
33386	-1.58
35728	-1.67
31185	-1.68
31166	-1.78
37804	-1.88
33351	-1.93
32545	-1.95
34256	-1.98
32789	-2.30
