43278	8.11
31052	7.00
35679	5.97
36017	5.64
34595	5.33
42453	5.32
35796	5.30
41703	5.08
35119	4.93
47121	4.91
34924	4.62
34794	4.49
40973	4.37
40607	4.27
37476	4.22
35001	4.04
35288	4.01
34842	3.87
34392	3.72
31139	3.70
43517	3.46
44637	3.44
38669	3.38
36887	3.34
41942	3.30
33499	3.27
42971	2.98
43577	2.89
39014	2.72
38515	2.52
42126	2.42
43466	2.12
37290	2.06
31838	2.04
34504	1.95
42029	1.90
42946	1.88
37618	1.66
32100	1.52
37356	1.52
34250	1.44
40972	1.37
33112	1.25
43229	1.22
31166	1.18
35287	1.16
39340	1.15
34309	1.06
37662	1.01
35340	0.94
41860	0.90
39429	0.90
31228	0.84
33269	0.83
40232	0.78
36308	0.77
33118	0.75
32045	0.73
31760	0.73
44326	0.72
31106	0.71
37798	0.71
43447	0.61
43739	0.59
37397	0.57
36617	0.47
31150	0.47
32789	0.45
33235	0.45
34411	0.43
35305	0.39
31185	0.35
42502	0.34
33373	0.32
37355	0.31
33351	0.30
35728	0.29
46201	0.27
31701	0.23
33986	0.20
31176	0.20
42649	0.17
44087	0.13
38447	0.11
41965	0.09
38456	0.07
40388	0.04
41183	0.03
42828	0.01
37894	-0.04
40451	-0.05
38208	-0.09
36390	-0.13
42832	-0.16
43736	-0.23
47218	-0.25
36508	-0.30
39396	-0.31
37922	-0.32
35970	-0.33
45269	-0.33
41432	-0.35
34070	-0.35
31564	-0.35
33386	-0.38
32008	-0.40
39871	-0.43
34726	-0.49
37628	-0.49
35886	-0.49
41840	-0.49
33105	-0.50
37587	-0.53
32635	-0.55
38983	-0.62
34885	-0.63
41845	-0.64
34329	-0.66
37849	-0.66
46069	-0.70
36288	-0.76
41550	-0.79
31588	-0.80
47219	-0.80
31022	-0.81
43573	-0.84
45827	-0.86
3354994	-0.90
32007	-0.93
33487	-0.94
40848	-0.95
31700	-0.95
32545	-0.97
41844	-1.00
32595	-1.02
43709	-1.04
37430	-1.04
37804	-1.05
43183	-1.07
34256	-1.10
35422	-1.11
44291	-1.12
31215	-1.12
31521	-1.18
44261	-1.19
32221	-1.23
37235	-1.27
44072	-1.28
33710	-1.29
42291	-1.32
41347	-1.35
39251	-1.41
34352	-1.46
43829	-1.50
46058	-1.51
33835	-1.51
36018	-1.52
36583	-1.52
32133	-1.54
39088	-1.54
39484	-1.62
31144	-1.66
48312	-1.67
42464	-1.67
31009	-1.69
37292	-1.73
33202	-1.85
33629	-2.01
43864	-2.01
39433	-2.03
32700	-2.03
34419	-2.16
44150	-2.24
37841	-2.28
34420	-2.39
39879	-2.46
41181	-2.73
43768	-2.74
