39014	11.49
40973	10.33
34392	8.94
35679	8.87
37290	8.42
34924	8.04
43278	7.59
41703	7.52
33499	7.46
38669	7.12
42453	6.56
43466	6.27
31052	6.16
43517	5.90
35119	5.84
44637	5.68
39340	5.52
43229	5.43
35001	5.06
34595	4.99
46326	4.91
38515	4.80
42971	4.80
39429	4.77
37618	4.76
41844	4.48
36887	4.33
34411	3.92
31139	3.72
42946	3.69
40607	3.57
41860	3.56
34794	3.51
40232	3.51
44072	3.38
41942	3.34
34250	3.33
36017	3.17
35796	3.15
35287	3.10
35288	2.65
36390	2.37
34504	2.15
33112	2.00
34842	1.95
33235	1.94
42502	1.93
39871	1.86
31144	1.64
42126	1.61
40972	1.59
32007	1.50
31166	1.48
46201	1.29
31701	1.27
32008	1.23
37841	1.21
44326	1.16
31521	1.00
41845	0.98
31215	0.95
35422	0.93
46069	0.92
42832	0.90
31838	0.87
37476	0.86
42291	0.82
33386	0.82
37587	0.79
33202	0.78
42649	0.76
42029	0.76
43183	0.74
33269	0.73
38447	0.72
41550	0.70
32595	0.70
43739	0.69
41432	0.66
40848	0.58
34885	0.53
42828	0.52
44261	0.51
33118	0.51
36617	0.51
37662	0.50
37397	0.50
32100	0.49
44087	0.38
36308	0.29
32045	0.25
36583	0.18
32133	0.16
37355	0.14
41181	0.12
37894	0.07
41183	0.06
38208	-0.00
43768	-0.01
40388	-0.01
41840	-0.01
39484	-0.03
36288	-0.04
36018	-0.08
34726	-0.11
33105	-0.12
33835	-0.12
43864	-0.14
37356	-0.15
41347	-0.17
34070	-0.17
33986	-0.18
34309	-0.18
35970	-0.20
31564	-0.20
43829	-0.21
39433	-0.24
43709	-0.28
35305	-0.29
35728	-0.29
34352	-0.32
33629	-0.32
36508	-0.34
34256	-0.35
33373	-0.35
45269	-0.38
35340	-0.42
31022	-0.42
34329	-0.44
31150	-0.46
41965	-0.49
45827	-0.51
31228	-0.56
43447	-0.58
37798	-0.59
3354994	-0.60
31185	-0.64
37804	-0.69
43577	-0.70
39879	-0.71
33351	-0.72
43573	-0.73
39088	-0.73
34419	-0.76
37849	-0.79
38456	-0.79
31176	-0.80
37235	-0.80
35886	-0.82
31760	-0.82
33710	-0.83
38983	-0.86
44291	-0.87
37922	-0.90
37430	-0.91
43736	-0.92
32789	-0.92
32221	-0.93
32635	-0.93
31588	-0.94
31700	-0.95
34420	-0.95
42464	-1.05
31009	-1.06
47218	-1.06
39251	-1.09
37292	-1.09
40451	-1.12
32700	-1.12
31106	-1.16
48312	-1.16
46058	-1.17
39396	-1.22
32545	-1.37
44150	-1.39
47219	-1.49
33487	-1.59
37628	-1.64
