47218	14.59
31700	13.96
43573	13.66
32635	13.62
31009	13.52
39088	13.49
37235	13.00
38983	12.73
37292	12.65
44150	12.46
33487	12.09
37430	11.62
33629	11.58
37628	11.51
42464	11.43
31588	11.08
34070	10.92
34352	10.78
32700	10.70
34420	10.49
34329	10.45
34419	9.98
39484	9.61
37849	9.47
31106	9.26
33710	8.95
38208	8.67
40451	8.58
34309	8.25
43864	8.23
33835	7.87
31022	7.74
41347	6.41
43768	6.24
37798	5.08
45827	4.74
35422	4.40
43739	4.12
33118	4.09
39251	3.51
37397	2.79
37922	2.62
3354994	2.30
37662	2.15
48312	2.10
32789	2.10
46069	1.98
31176	1.96
41840	1.94
32595	1.75
31228	1.73
44072	1.66
46058	1.65
42291	1.64
41965	1.49
37355	1.48
35288	1.44
43229	1.39
45269	1.33
39433	1.30
33986	1.25
36018	1.18
31760	1.17
40848	1.17
37841	1.01
41432	0.98
44087	0.95
31521	0.92
38447	0.89
32133	0.84
37804	0.79
43447	0.77
41860	0.75
43709	0.72
32100	0.70
43183	0.70
41845	0.68
41550	0.67
39396	0.64
36308	0.58
43577	0.54
35728	0.52
43736	0.49
44291	0.38
33112	0.36
31838	0.36
35340	0.32
42649	0.16
36288	0.14
35970	0.14
35886	0.07
32545	-0.00
39014	-0.01
41183	-0.01
34256	-0.02
31150	-0.03
38669	-0.03
41844	-0.04
37356	-0.05
36390	-0.08
33235	-0.09
34411	-0.10
42832	-0.14
34504	-0.14
37618	-0.16
35796	-0.16
31185	-0.20
40232	-0.20
31215	-0.21
43466	-0.23
33386	-0.25
42502	-0.26
36017	-0.27
37290	-0.27
42971	-0.30
34794	-0.30
39429	-0.34
42029	-0.34
34726	-0.36
40973	-0.37
33499	-0.38
34250	-0.39
33269	-0.40
33351	-0.42
31139	-0.45
31701	-0.46
42828	-0.46
43829	-0.49
33105	-0.50
32045	-0.54
38456	-0.58
39879	-0.61
35287	-0.63
32008	-0.67
34842	-0.67
37476	-0.69
38515	-0.69
35305	-0.71
31564	-0.78
33202	-0.79
46326	-0.80
44326	-0.83
31166	-0.85
46201	-0.86
34595	-0.87
36887	-0.91
37894	-0.91
32007	-0.93
42946	-0.94
33373	-0.97
43517	-0.99
39340	-1.08
31052	-1.10
41181	-1.11
34392	-1.11
39871	-1.14
43278	-1.15
31144	-1.17
32221	-1.23
35679	-1.30
36617	-1.37
42126	-1.38
44261	-1.41
47121	-1.49
34924	-1.50
41703	-1.51
42453	-1.54
40972	-1.55
35119	-1.60
41942	-1.72
40388	-1.72
36583	-1.75
36508	-1.80
44637	-1.82
37587	-2.10
35001	-2.27
40607	-2.28
34885	-2.36
