43864	15.26
43573	14.91
38983	14.83
47219	14.59
37849	14.58
32635	14.25
31700	14.12
44150	13.80
34420	13.33
37235	12.99
34352	12.77
39088	12.60
39484	12.55
37292	12.49
37628	12.36
31588	12.05
42464	11.93
33487	11.75
31009	11.57
37430	11.53
33629	10.89
34329	10.87
33835	10.35
31106	10.26
34309	10.15
34070	10.02
43768	9.94
40451	9.94
32700	9.85
34419	8.49
38208	8.37
33710	7.59
31022	7.49
35422	7.15
41347	7.02
37798	6.33
43739	5.07
45827	4.83
33118	4.57
40848	4.29
44072	3.62
37397	3.58
46069	3.42
32595	3.37
39251	3.14
41860	2.87
37662	2.83
36018	2.67
37841	2.42
32789	2.31
46058	2.25
33986	2.22
31228	2.08
32545	1.96
42291	1.88
31521	1.85
48312	1.83
31176	1.72
35288	1.55
38447	1.54
43447	1.47
43183	1.47
31701	1.45
44087	1.45
31760	1.43
37922	1.43
41840	1.40
31838	1.37
41550	1.37
32133	1.32
45269	1.28
43829	1.26
32007	1.26
37355	1.19
35728	1.18
3354994	1.18
39433	1.17
41432	1.16
32100	1.11
41845	1.07
43229	1.04
34504	1.01
36288	0.92
36308	0.81
41844	0.80
37618	0.79
33351	0.79
34411	0.77
42832	0.76
41965	0.75
38669	0.74
43466	0.74
35340	0.69
42649	0.68
33112	0.63
42029	0.58
42502	0.49
40232	0.49
39396	0.47
34250	0.45
32221	0.43
37894	0.41
37804	0.40
43709	0.35
39879	0.34
32045	0.33
35305	0.31
41183	0.31
33269	0.30
39429	0.29
44326	0.26
34842	0.25
36617	0.22
33373	0.12
33105	0.07
34726	0.07
34595	0.05
39340	0.05
32008	0.03
42828	-0.01
43736	-0.02
37356	-0.03
36583	-0.04
39014	-0.14
44291	-0.14
35886	-0.15
31150	-0.17
35970	-0.23
46201	-0.24
46326	-0.25
33386	-0.29
37290	-0.30
42971	-0.30
36887	-0.30
33499	-0.32
31185	-0.36
38456	-0.40
40388	-0.45
40973	-0.47
34924	-0.48
33235	-0.52
31139	-0.55
34256	-0.55
31166	-0.55
43577	-0.59
35796	-0.63
39871	-0.65
35287	-0.65
43278	-0.65
33202	-0.69
41942	-0.70
31215	-0.79
31564	-0.82
37476	-0.84
38515	-0.85
36390	-0.90
43517	-0.90
31052	-0.91
44261	-1.04
47121	-1.06
36508	-1.14
31144	-1.16
41181	-1.16
37587	-1.22
36017	-1.25
34794	-1.29
34885	-1.29
42946	-1.34
35679	-1.36
34392	-1.51
35119	-1.60
40972	-1.62
41703	-1.70
35001	-1.87
42453	-2.17
42126	-2.18
44637	-2.31
40607	-2.38
