33269	5.21
44087	5.02
39879	4.68
31009	4.58
37662	4.09
37430	4.07
36508	4.03
37628	3.95
31176	3.92
31150	3.75
35305	3.59
41860	3.51
33112	3.44
33487	3.41
44072	3.34
46058	3.34
41432	3.13
42502	3.09
39088	3.05
34885	3.04
43573	2.98
45827	2.94
37235	2.78
31228	2.73
42464	2.73
39433	2.61
34309	2.60
31701	2.60
37292	2.50
41965	2.49
43739	2.46
32635	2.43
37849	2.43
37798	2.42
31700	2.42
36390	2.38
36018	2.35
37397	2.34
34420	2.33
39251	2.32
33629	2.25
33710	2.23
44150	2.15
44261	2.13
38983	2.12
46069	2.11
47219	2.10
47218	1.83
43229	1.78
43864	1.72
45269	1.64
46201	1.64
33835	1.64
32045	1.63
41844	1.61
34352	1.58
40451	1.54
34504	1.54
31106	1.47
40848	1.43
38669	1.43
42291	1.33
34329	1.32
36617	1.31
36887	1.31
37922	1.29
41347	1.22
34419	1.21
41845	1.13
42029	1.12
36288	1.11
39871	1.10
31838	0.94
35287	0.92
37841	0.92
38208	0.82
33202	0.73
36308	0.73
44326	0.73
39429	0.70
41840	0.69
42649	0.68
32700	0.65
34070	0.64
36583	0.57
32221	0.57
39396	0.52
40232	0.50
32789	0.50
42828	0.48
35679	0.47
43517	0.46
32008	0.45
31588	0.45
31185	0.43
37894	0.42
41942	0.42
35796	0.39
31215	0.32
41181	0.30
43577	0.27
42971	0.24
43736	0.24
39484	0.23
43278	0.23
37356	0.21
37804	0.21
34256	0.20
41183	0.16
32100	0.16
41703	0.15
38456	0.06
33105	0.05
37290	0.00
43768	-0.02
40607	-0.05
34726	-0.07
33373	-0.09
31760	-0.11
33118	-0.15
32007	-0.17
34794	-0.19
40388	-0.20
31564	-0.22
43183	-0.29
34250	-0.30
38447	-0.32
34411	-0.33
34595	-0.33
33986	-0.36
43466	-0.39
36017	-0.41
37618	-0.46
31052	-0.47
43709	-0.51
35001	-0.57
35970	-0.57
31166	-0.58
38515	-0.59
37355	-0.60
31022	-0.61
32133	-0.62
42946	-0.65
40973	-0.69
39340	-0.70
33499	-0.71
37476	-0.71
33235	-0.71
42453	-0.75
40972	-0.77
3354994	-0.79
31521	-0.84
43447	-0.87
39014	-1.00
42126	-1.02
31139	-1.04
33351	-1.04
35886	-1.04
35288	-1.13
47121	-1.16
34924	-1.17
32595	-1.20
35728	-1.42
44637	-1.43
42832	-1.45
31144	-1.46
44291	-1.51
37587	-1.56
35422	-1.61
34842	-1.66
46326	-1.67
35340	-1.75
33386	-1.84
41550	-1.87
35119	-1.90
34392	-1.95
32545	-1.99
43829	-2.59
