51154	7.14
5036	5.09
10576	4.69
4176	4.21
8607	4.09
3312	4.00
3326	3.63
23633	3.50
4234	3.43
5717	3.40
79142	3.36
11338	3.36
5693	2.97
4172	2.83
54815	2.77
3301	2.63
5431	2.59
55703	2.57
51602	2.44
60	2.38
5982	2.27
7536	2.22
5315	2.13
115098	2.10
2023	2.07
54623	2.01
7311	2.00
3615	1.99
58508	1.82
4800	1.79
5469	1.78
10376	1.76
2597	1.76
81570	1.75
6231	1.73
7756	1.63
1655	1.59
5725	1.57
10127	1.51
10383	1.48
55173	1.43
65980	1.42
6908	1.37
7316	1.37
1407	1.37
8243	1.37
23028	1.34
5441	1.34
51121	1.33
5052	1.32
9918	1.27
3190	1.21
5700	1.20
1654	1.16
6427	1.16
6161	1.13
7167	1.13
26009	1.11
1017	1.10
6175	1.10
23521	1.08
3320	1.00
1938	0.99
3224	0.99
4736	0.99
1072	0.98
3065	0.96
204	0.96
5250	0.91
2197	0.90
10153	0.88
4904	0.87
6428	0.86
7314	0.85
1750	0.82
3309	0.80
6232	0.79
23649	0.77
6194	0.77
4998	0.71
10771	0.70
8242	0.70
6206	0.69
6647	0.64
6176	0.62
8208	0.61
4171	0.58
672	0.56
6284	0.53
7175	0.53
6651	0.51
5111	0.51
6122	0.50
51099	0.47
5685	0.45
5093	0.40
6136	0.38
7543	0.31
26986	0.30
51230	0.28
5080	0.26
7005	0.25
3757	0.24
80853	0.23
159	0.22
6129	0.20
10209	0.20
4869	0.19
51514	0.19
3015	0.17
6234	0.16
6241	0.15
54443	0.14
4605	0.14
4999	0.12
50943	0.10
9774	0.08
3181	0.07
22807	0.04
9519	0.03
738	0.01
8277	0.01
1164	0.01
8284	0.00
58517	-0.00
5452	-0.02
2305	-0.02
1915	-0.04
5888	-0.04
29781	-0.04
5927	-0.04
55355	-0.04
5094	-0.05
10765	-0.07
9168	-0.08
5757	-0.11
6224	-0.11
7546	-0.13
639	-0.19
1387	-0.22
3298	-0.24
51360	-0.25
2115	-0.30
8538	-0.32
51513	-0.34
960	-0.37
9611	-0.38
10721	-0.38
57492	-0.43
55591	-0.52
23135	-0.58
864	-0.61
972	-0.62
6591	-0.69
5682	-0.70
25836	-0.74
905	-0.82
50484	-0.84
3670	-0.86
23204	-0.87
5885	-0.93
5981	-0.94
9563	-1.09
1974	-1.13
9584	-1.18
3720	-1.25
10198	-1.35
5610	-1.36
8554	-1.43
51742	-1.46
23451	-1.53
3150	-1.58
54799	-1.76
1112	-1.93
10463	-2.12
7403	-2.20
