8242	3.55
65980	3.34
29781	2.90
5725	2.88
51602	2.75
11338	2.63
4234	2.61
1387	2.57
9584	2.57
4171	2.43
26009	2.27
7403	2.22
7316	2.18
6161	2.17
4800	2.14
905	2.10
10153	2.06
51154	1.99
79142	1.91
3298	1.90
6908	1.88
1407	1.88
1938	1.83
10209	1.69
23204	1.66
23451	1.61
6427	1.57
5469	1.56
1915	1.53
10061	1.51
1655	1.50
9774	1.38
54799	1.37
6122	1.32
3326	1.29
4176	1.29
7543	1.29
58517	1.16
5757	1.14
7756	1.14
738	1.10
1974	1.08
5927	1.05
1654	1.05
3309	1.04
4605	1.04
2305	1.02
6129	1.00
57492	1.00
4869	0.99
7536	0.97
4172	0.94
10771	0.92
5036	0.88
54815	0.88
2197	0.87
23521	0.83
6428	0.81
8607	0.79
5431	0.78
6651	0.75
51742	0.69
3720	0.65
8284	0.60
5682	0.59
9918	0.57
7546	0.57
3757	0.57
6232	0.56
23649	0.52
3312	0.52
204	0.51
4736	0.51
8277	0.49
26986	0.45
6194	0.44
10576	0.43
5052	0.43
6224	0.43
6175	0.43
1017	0.41
2023	0.39
55355	0.39
5982	0.31
81570	0.29
3615	0.26
5888	0.24
25836	0.21
10765	0.18
5094	0.18
51230	0.18
6206	0.18
23135	0.17
23633	0.17
6136	0.16
54623	0.13
23028	0.13
3190	0.12
7311	0.12
9168	0.09
9519	0.06
5700	0.03
1164	0.01
80853	0.00
1072	-0.06
3065	-0.07
159	-0.10
51514	-0.12
3224	-0.15
7167	-0.16
3670	-0.16
51513	-0.17
5080	-0.17
6241	-0.17
4998	-0.22
3301	-0.24
8208	-0.33
7005	-0.34
1112	-0.35
960	-0.37
3181	-0.40
50943	-0.40
10721	-0.41
6647	-0.41
55703	-0.42
972	-0.43
3150	-0.45
864	-0.50
8554	-0.51
10383	-0.57
51099	-0.57
6284	-0.57
8243	-0.58
51360	-0.60
5250	-0.60
7314	-0.61
4999	-0.62
6234	-0.65
6231	-0.66
9563	-0.67
10463	-0.67
5717	-0.68
5093	-0.69
6591	-0.73
5315	-0.74
3320	-0.75
2115	-0.76
55591	-0.78
7175	-0.82
5981	-0.84
50484	-0.86
6176	-0.91
5693	-0.91
5452	-0.91
60	-1.05
639	-1.08
1750	-1.09
672	-1.13
115098	-1.13
22807	-1.14
3015	-1.21
58508	-1.22
2597	-1.22
51121	-1.24
8538	-1.30
4904	-1.31
5885	-1.39
10198	-1.39
5111	-1.46
9611	-1.47
54443	-1.58
10376	-1.62
5441	-1.81
55173	-1.85
5610	-1.96
5685	-2.12
