51602	12.46
7175	6.17
10576	5.01
9774	4.43
3320	4.34
58517	4.30
51742	4.29
159	4.21
5981	4.03
9584	3.77
4869	3.76
3326	3.22
5036	3.22
6651	3.10
5431	3.07
6428	3.01
25836	2.93
1974	2.93
3301	2.88
3181	2.82
6129	2.82
51154	2.62
5700	2.60
6232	2.55
4999	2.24
23451	2.22
1655	2.20
6194	2.19
5610	2.06
10127	2.06
6161	2.05
5093	2.02
5111	1.90
6206	1.89
2197	1.87
672	1.81
26009	1.79
1654	1.78
905	1.78
6224	1.77
65980	1.74
6427	1.71
51230	1.71
3615	1.71
3190	1.70
6176	1.65
5885	1.64
4234	1.62
1407	1.58
1915	1.53
55173	1.42
7756	1.36
4736	1.36
3312	1.35
6136	1.34
6647	1.31
9519	1.30
5685	1.26
55591	1.20
5757	1.17
54815	1.14
5927	1.10
7536	1.05
7311	1.00
960	1.00
3309	1.00
3298	0.98
5469	0.97
4172	0.96
2115	0.93
23521	0.93
8243	0.93
4904	0.92
6231	0.91
7543	0.88
10061	0.88
6908	0.87
54799	0.87
8607	0.84
54623	0.84
23028	0.81
26986	0.75
6122	0.73
51121	0.73
1750	0.71
50484	0.71
10198	0.67
10463	0.66
864	0.55
6175	0.54
51513	0.50
204	0.49
10209	0.48
972	0.47
3720	0.44
4176	0.42
55703	0.42
5982	0.41
7316	0.39
8277	0.33
10765	0.32
6284	0.32
4171	0.32
5717	0.30
29781	0.28
4998	0.27
1938	0.27
3670	0.26
738	0.24
50943	0.23
51514	0.19
1164	0.19
3224	0.19
3757	0.17
10721	0.12
8554	0.08
11338	0.06
6234	0.05
4800	0.05
2023	0.05
9611	0.02
5052	0.00
5452	-0.01
5725	-0.08
5250	-0.09
58508	-0.10
80853	-0.11
7167	-0.15
79142	-0.17
1112	-0.19
9168	-0.22
8242	-0.25
639	-0.25
5441	-0.26
8538	-0.27
7403	-0.31
23633	-0.32
5315	-0.33
7314	-0.34
5682	-0.35
5094	-0.35
10771	-0.38
7546	-0.40
54443	-0.41
10383	-0.44
5080	-0.44
51099	-0.44
81570	-0.53
23649	-0.55
3015	-0.63
3150	-0.68
23204	-0.68
5693	-0.70
55355	-0.74
23135	-0.78
8284	-0.80
6241	-0.83
51360	-0.87
1387	-0.91
8208	-0.94
22807	-1.00
2597	-1.08
6591	-1.09
9563	-1.11
3065	-1.17
5888	-1.23
1017	-1.27
7005	-1.29
57492	-1.30
10376	-1.30
1072	-1.31
115098	-1.33
9918	-1.55
4605	-1.65
60	-1.90
2305	-2.19
