4172	7.33
23649	6.80
4176	6.80
5982	6.31
8208	6.14
3015	5.48
4171	5.44
5888	5.19
10376	5.02
4998	4.98
5111	4.91
51514	4.80
672	4.43
9918	4.08
5725	4.07
6241	3.84
29781	3.79
3065	3.77
4605	3.51
6427	3.38
8243	3.36
7005	3.02
1407	2.90
3150	2.76
3181	2.73
5757	2.70
204	2.69
2305	2.66
5036	2.62
23204	2.62
5885	2.53
7167	2.43
1164	2.42
3190	2.41
11338	2.15
7756	1.99
60	1.96
1072	1.92
55355	1.78
10576	1.77
2597	1.73
5094	1.71
5717	1.71
23028	1.68
3615	1.65
3298	1.59
2023	1.54
6908	1.52
10721	1.47
4800	1.47
5981	1.43
54623	1.38
10383	1.32
54443	1.23
10198	1.17
10061	1.10
6428	1.09
6231	1.07
55591	1.07
5315	1.05
51099	1.04
864	0.96
5250	0.93
22807	0.87
54815	0.85
8554	0.83
3320	0.77
5700	0.66
6175	0.64
5682	0.64
3301	0.63
5093	0.63
7175	0.62
6591	0.60
5431	0.56
3326	0.52
1655	0.52
8284	0.51
4999	0.43
79142	0.42
10127	0.41
8607	0.40
5469	0.40
639	0.39
5052	0.33
4904	0.32
5080	0.32
6284	0.32
23633	0.30
58517	0.30
4234	0.28
3224	0.27
3670	0.27
8277	0.24
5927	0.24
5610	0.24
9563	0.24
3757	0.18
4736	0.17
5685	0.16
6136	0.16
5693	0.13
1750	0.10
9168	0.10
51513	0.09
51602	0.08
26986	0.07
7536	0.05
23451	0.02
6232	0.01
7316	0.01
7546	-0.01
51154	-0.08
3312	-0.19
6176	-0.20
2115	-0.25
81570	-0.27
8538	-0.28
7314	-0.28
8242	-0.30
9774	-0.32
23135	-0.34
65980	-0.38
6194	-0.42
51230	-0.42
5441	-0.44
50943	-0.45
6161	-0.48
51360	-0.49
6234	-0.53
115098	-0.56
1974	-0.59
1915	-0.61
10463	-0.61
1654	-0.64
9584	-0.64
10771	-0.65
10209	-0.65
1112	-0.66
2197	-0.66
50484	-0.67
55173	-0.69
6651	-0.72
4869	-0.73
6224	-0.74
6122	-0.76
7311	-0.80
6206	-0.83
55703	-0.90
51121	-0.90
6647	-0.91
960	-0.92
972	-0.92
54799	-1.01
57492	-1.01
3720	-1.03
58508	-1.07
3309	-1.11
7543	-1.11
1938	-1.12
7403	-1.13
9519	-1.14
51742	-1.14
159	-1.24
905	-1.27
10153	-1.27
23521	-1.30
25836	-1.33
10765	-1.36
6129	-1.47
80853	-1.50
738	-1.58
5452	-1.63
26009	-1.63
1387	-1.65
9611	-1.69
