9918	4.45
4999	3.43
672	3.39
10721	3.37
7175	3.35
26009	2.82
54443	2.80
8243	2.77
55703	2.67
3298	2.58
81570	2.56
55591	2.47
2305	2.43
9611	2.33
23204	2.19
23451	2.11
5981	2.09
55355	1.98
3150	1.80
1164	1.75
1407	1.70
5094	1.68
10463	1.58
25836	1.54
9774	1.54
8554	1.48
5885	1.46
10376	1.41
23028	1.40
10383	1.31
51602	1.29
54799	1.20
23649	1.19
9584	1.18
3181	1.18
1017	1.17
6175	1.12
50943	1.12
58517	1.10
2597	1.08
51230	0.97
65980	0.95
8607	0.92
10771	0.89
6241	0.89
10576	0.83
3320	0.82
51742	0.80
5080	0.78
115098	0.76
58508	0.75
905	0.75
29781	0.74
7546	0.74
5610	0.73
10153	0.67
5469	0.65
4800	0.65
3015	0.64
51514	0.63
4904	0.61
5111	0.57
2115	0.56
8208	0.56
4998	0.53
5250	0.52
3757	0.51
8277	0.49
6591	0.48
50484	0.47
5927	0.46
7314	0.45
7543	0.41
5036	0.39
26986	0.37
4234	0.37
864	0.36
4869	0.34
51360	0.34
4176	0.33
5757	0.31
8284	0.29
6651	0.29
4605	0.25
55173	0.24
7756	0.23
5431	0.23
3312	0.22
6647	0.20
1655	0.11
3065	0.08
204	0.08
6231	0.08
7536	0.07
972	0.06
738	0.05
5315	0.05
4171	0.04
6427	0.02
5685	0.02
4172	0.00
5982	-0.01
23633	-0.02
5682	-0.03
1112	-0.03
2023	-0.05
8538	-0.07
1938	-0.08
1654	-0.09
1750	-0.11
1974	-0.11
54623	-0.14
3720	-0.14
3224	-0.15
6908	-0.18
5441	-0.25
5725	-0.30
3615	-0.34
3326	-0.40
3670	-0.41
11338	-0.43
3309	-0.43
51121	-0.45
7167	-0.50
9563	-0.51
7316	-0.51
80853	-0.52
5888	-0.52
57492	-0.53
6122	-0.54
6136	-0.56
4736	-0.57
6428	-0.60
7403	-0.61
6176	-0.67
6234	-0.69
22807	-0.70
9519	-0.72
960	-0.73
23521	-0.76
7311	-0.76
6232	-0.82
6224	-0.84
10209	-0.85
5717	-0.88
6284	-0.89
5700	-0.91
6129	-0.92
51154	-0.96
639	-0.99
6161	-1.01
3301	-1.05
6194	-1.06
1387	-1.07
9168	-1.11
51513	-1.12
1072	-1.13
60	-1.19
10765	-1.23
5093	-1.23
54815	-1.25
5693	-1.27
8242	-1.28
10061	-1.35
10127	-1.39
159	-1.39
5452	-1.42
51099	-1.51
6206	-1.51
5052	-1.51
23135	-1.58
1915	-1.59
3190	-1.69
2197	-1.87
7005	-2.32
79142	-2.34
