5094	9.15
7316	6.58
1915	5.44
7536	5.31
5093	5.25
6176	5.10
26986	5.05
5250	4.96
7311	4.94
6206	4.80
1938	4.68
6232	4.64
6136	4.62
6194	4.24
4736	4.19
3309	4.05
23521	4.02
6234	4.02
6161	3.93
6122	3.89
2197	3.78
6224	3.73
5469	3.69
6175	3.60
6129	3.56
23135	3.54
1655	3.46
1974	3.36
9519	3.21
6428	3.15
3326	2.80
1387	2.79
3015	2.65
4904	2.59
3190	2.41
7314	2.38
9584	2.28
9168	2.21
7756	2.17
3615	2.00
80853	1.99
3320	1.94
2597	1.86
6427	1.82
6651	1.77
5885	1.76
60	1.74
51360	1.72
5682	1.70
10127	1.69
23204	1.65
1112	1.59
10376	1.53
6231	1.52
5717	1.51
1654	1.51
10576	1.42
5725	1.40
5036	1.38
5757	1.36
51602	1.32
738	1.30
3301	1.23
6647	1.21
864	1.13
51230	1.11
1072	1.08
54623	1.06
960	1.04
25836	1.04
3312	1.03
4800	1.02
4869	0.99
6908	0.95
7167	0.94
1407	0.92
55591	0.89
51099	0.88
10383	0.86
7403	0.85
1164	0.85
55173	0.85
4234	0.81
6591	0.78
51742	0.76
2305	0.71
9774	0.70
57492	0.63
639	0.61
8277	0.59
3181	0.56
5700	0.55
26009	0.54
8538	0.54
5888	0.53
2023	0.53
10153	0.48
5052	0.46
905	0.44
6241	0.44
672	0.43
54799	0.42
4605	0.42
972	0.39
55355	0.36
54815	0.32
8242	0.31
5981	0.30
8208	0.30
58508	0.26
51513	0.26
1750	0.25
115098	0.22
10061	0.20
5693	0.19
50943	0.18
8554	0.17
7543	0.11
81570	0.11
3298	0.11
9611	0.03
5452	0.02
6284	-0.02
23633	-0.03
29781	-0.05
7546	-0.06
51121	-0.09
3150	-0.09
51154	-0.20
5610	-0.23
51514	-0.28
5927	-0.31
5685	-0.31
9563	-0.35
3757	-0.36
3670	-0.36
5982	-0.38
58517	-0.43
159	-0.46
3224	-0.48
7005	-0.48
10771	-0.52
5315	-0.52
11338	-0.64
5441	-0.64
1017	-0.65
3065	-0.67
50484	-0.69
10765	-0.69
9918	-0.70
23451	-0.75
4176	-0.78
8284	-0.78
54443	-0.78
10463	-0.83
10198	-0.85
4998	-0.87
204	-0.88
8243	-0.99
5111	-1.01
5080	-1.01
2115	-1.05
3720	-1.11
7175	-1.12
65980	-1.21
55703	-1.21
5431	-1.46
23028	-1.46
79142	-1.59
10721	-1.64
4171	-1.74
23649	-1.81
8607	-1.81
4172	-2.33
22807	-2.44
4999	-2.46
