10383	9.77
60	7.88
3015	7.88
1072	7.73
2023	6.75
2597	6.25
10576	5.42
3190	5.41
3312	5.26
7167	5.14
1017	5.02
3326	4.91
5757	4.81
5036	4.74
3320	4.70
6427	4.27
7316	4.25
5315	4.17
5982	4.17
4904	4.08
5250	3.85
6428	3.84
5725	3.72
5693	3.60
7314	3.60
3181	3.55
23204	3.50
6241	3.46
5682	3.39
5111	3.33
1164	3.32
5052	3.28
9168	3.26
5717	3.26
23649	3.15
4176	3.14
6647	3.10
6231	3.08
4172	3.08
5441	3.04
3301	2.92
5700	2.86
9918	2.73
8243	2.71
5885	2.64
51154	2.63
54443	2.58
8208	2.55
5093	2.50
5685	2.46
11338	2.38
5888	2.38
51514	2.26
9774	2.24
4605	2.22
55355	2.14
672	2.14
7756	2.12
3150	2.01
4171	1.85
8607	1.85
6175	1.81
2305	1.80
10061	1.76
5094	1.73
3615	1.71
4998	1.68
23028	1.63
54623	1.62
10209	1.53
7536	1.48
1655	1.45
3309	1.45
55591	1.43
10198	1.41
4234	1.34
29781	1.28
58517	1.27
1654	1.22
3065	1.17
2197	1.13
7311	1.08
10721	1.04
8554	1.01
1915	0.96
204	0.96
6161	0.88
972	0.86
5610	0.82
23633	0.81
51121	0.79
1407	0.78
6122	0.72
2115	0.69
4736	0.62
115098	0.62
6651	0.59
3757	0.56
23521	0.53
4869	0.52
6206	0.47
55703	0.44
6284	0.43
6176	0.42
960	0.39
6136	0.38
51602	0.32
6234	0.29
5981	0.25
8277	0.23
4800	0.21
54815	0.18
23451	0.18
6591	0.07
51513	0.06
81570	0.04
9584	-0.00
3298	-0.04
9519	-0.05
6194	-0.07
51099	-0.08
5431	-0.10
159	-0.10
50943	-0.10
1974	-0.15
5080	-0.16
7175	-0.19
6908	-0.20
905	-0.25
6129	-0.26
26986	-0.36
3670	-0.39
51360	-0.39
3224	-0.41
9563	-0.43
22807	-0.45
1750	-0.49
7543	-0.51
8538	-0.53
10771	-0.55
1938	-0.57
6232	-0.58
7546	-0.60
10463	-0.61
65980	-0.61
8242	-0.62
79142	-0.62
5469	-0.63
9611	-0.64
6224	-0.64
51230	-0.66
58508	-0.73
8284	-0.79
864	-0.82
23135	-0.85
55173	-0.86
639	-0.92
10765	-0.95
7403	-0.96
5927	-1.00
1387	-1.03
7005	-1.07
26009	-1.10
5452	-1.11
57492	-1.23
10153	-1.30
25836	-1.33
3720	-1.34
738	-1.35
51742	-1.36
1112	-1.37
50484	-1.40
10127	-1.62
4999	-1.68
54799	-1.93
80853	-2.10
