10376	9.77
3320	5.33
3312	5.18
3301	4.92
1164	4.61
23204	4.57
54623	4.38
6427	4.29
7167	4.28
3190	3.89
1072	3.88
5315	3.86
60	3.75
7314	3.69
2023	3.65
3309	3.65
5441	3.63
2597	3.56
11338	3.40
5717	3.39
10576	3.36
5036	3.30
3015	3.25
7316	3.20
6428	3.13
8607	3.09
54443	3.06
5725	3.01
5052	2.70
3181	2.65
3326	2.58
6241	2.53
55355	2.21
9918	2.18
1654	2.11
5757	2.05
6647	2.05
10721	2.00
1655	1.98
5093	1.95
7536	1.94
115098	1.90
5700	1.90
7756	1.87
58517	1.86
5982	1.84
9774	1.84
29781	1.79
51154	1.68
5111	1.67
5693	1.66
5682	1.63
54815	1.60
5685	1.53
4800	1.49
6651	1.49
10061	1.48
23649	1.48
672	1.47
4234	1.47
4176	1.47
4904	1.46
79142	1.45
5250	1.44
8243	1.44
8208	1.36
1017	1.32
10198	1.31
4605	1.30
51099	1.23
51602	1.15
23633	1.11
4171	1.05
1407	1.03
81570	0.99
9584	0.99
9168	0.95
2305	0.92
8538	0.91
5888	0.90
10209	0.86
3757	0.85
65980	0.81
9519	0.70
7175	0.46
55703	0.44
51514	0.44
5885	0.37
5094	0.36
6284	0.32
8277	0.32
8554	0.30
3224	0.27
1750	0.20
51121	0.19
23028	0.16
3150	0.16
6231	0.16
25836	0.13
960	0.12
8242	0.12
3615	0.10
3065	0.09
972	0.08
23135	0.07
4869	0.05
4998	0.05
10765	0.05
3670	0.01
10463	0.00
4172	-0.06
6122	-0.08
204	-0.09
5080	-0.10
7543	-0.12
51742	-0.16
6136	-0.18
58508	-0.19
8284	-0.22
5610	-0.22
7546	-0.24
7311	-0.27
864	-0.29
5431	-0.30
2197	-0.32
51513	-0.33
1938	-0.36
9611	-0.40
6194	-0.43
10153	-0.44
738	-0.47
905	-0.47
6591	-0.47
6175	-0.51
6161	-0.54
10127	-0.57
7403	-0.61
639	-0.62
22807	-0.66
9563	-0.70
159	-0.73
3298	-0.75
23451	-0.76
4999	-0.77
7005	-0.79
26986	-0.81
5469	-0.84
1387	-0.85
50943	-0.94
5452	-0.99
2115	-1.02
6908	-1.05
57492	-1.06
10771	-1.08
1974	-1.09
6129	-1.11
55591	-1.13
6234	-1.14
5927	-1.18
6176	-1.19
6224	-1.26
3720	-1.43
55173	-1.44
80853	-1.47
50484	-1.48
5981	-1.54
51230	-1.64
23521	-1.67
51360	-1.81
1915	-1.84
6206	-1.91
4736	-2.09
26009	-2.66
6232	-2.86
1112	-2.87
54799	-3.33
