7536	8.40
6427	6.27
7756	4.96
3181	4.52
3301	4.11
5725	4.03
6428	3.93
10383	3.75
23649	3.73
3312	3.70
11338	3.63
3326	3.60
3320	3.58
4800	3.53
10061	3.41
5093	3.17
54623	3.05
1072	3.00
4176	2.97
5094	2.96
6651	2.85
10376	2.78
5717	2.74
6908	2.74
81570	2.70
8243	2.67
58517	2.56
3190	2.53
3065	2.43
1017	2.36
60	2.28
1164	2.22
10209	2.06
1407	2.03
5757	2.03
1655	1.96
3309	1.88
23204	1.86
23028	1.86
51602	1.85
9774	1.79
4172	1.79
3015	1.73
2197	1.71
1387	1.66
6647	1.63
9584	1.62
10576	1.58
26986	1.57
3150	1.56
9918	1.55
54815	1.54
5250	1.51
5111	1.47
5441	1.44
6161	1.42
29781	1.41
5036	1.40
8242	1.38
5315	1.33
8208	1.32
23633	1.28
2023	1.26
65980	1.23
4171	1.20
79142	1.12
1974	1.11
738	1.11
10198	1.10
7543	1.07
5888	1.05
5982	1.01
7167	0.95
204	0.93
58508	0.92
5469	0.88
7311	0.88
672	0.88
7314	0.85
9519	0.85
8607	0.79
5693	0.79
10127	0.77
1654	0.77
9611	0.74
5927	0.74
10721	0.73
3615	0.68
51154	0.66
4904	0.64
4999	0.63
57492	0.59
6231	0.58
6241	0.58
5885	0.58
5052	0.53
4605	0.51
1915	0.48
7403	0.46
5685	0.41
55703	0.40
5452	0.39
6176	0.39
3224	0.37
972	0.35
6232	0.35
4998	0.34
7546	0.30
905	0.29
2597	0.25
50943	0.24
4234	0.24
25836	0.21
2305	0.17
51099	0.16
6234	0.14
10153	0.12
8554	0.07
10765	0.05
960	0.00
22807	-0.03
159	-0.06
8538	-0.07
4736	-0.07
8284	-0.07
5682	-0.08
864	-0.08
3670	-0.10
7316	-0.18
6136	-0.20
4869	-0.20
6206	-0.22
23135	-0.25
51514	-0.27
3757	-0.30
55355	-0.31
5700	-0.38
55591	-0.41
5080	-0.45
7005	-0.45
54443	-0.50
6224	-0.51
6194	-0.56
51742	-0.60
8277	-0.62
5431	-0.66
51360	-0.67
5610	-0.71
6591	-0.72
6122	-0.72
9168	-0.75
51230	-0.75
3298	-0.77
1750	-0.79
51121	-0.79
2115	-0.79
115098	-0.80
3720	-0.81
6284	-0.86
51513	-0.87
54799	-0.87
1938	-0.97
7175	-1.03
9563	-1.03
6175	-1.14
50484	-1.15
23521	-1.22
6129	-1.26
23451	-1.31
80853	-1.36
5981	-1.38
55173	-1.50
10771	-1.51
1112	-1.67
26009	-2.39
10463	-3.82
