5431	4.76
10771	3.22
51360	3.21
55591	2.96
26009	2.82
5981	2.77
55173	2.69
5682	2.62
23451	2.53
50484	2.46
9774	2.29
5700	2.18
159	2.14
23204	1.79
3181	1.72
5685	1.72
1654	1.67
10198	1.58
6428	1.44
3190	1.43
54799	1.40
5885	1.26
4999	1.20
8607	1.18
1938	1.17
7167	1.13
2597	1.09
6647	1.01
54443	0.96
3150	0.91
1915	0.88
204	0.86
7175	0.82
905	0.82
3015	0.82
6129	0.80
1072	0.75
5250	0.71
10153	0.66
738	0.66
5610	0.66
55703	0.65
1750	0.61
5441	0.59
115098	0.58
6122	0.55
1655	0.55
3320	0.54
80853	0.53
23028	0.50
51742	0.50
51602	0.49
2305	0.49
5315	0.49
9563	0.46
51121	0.40
3720	0.38
9584	0.33
8538	0.33
6194	0.32
3757	0.28
3298	0.26
4736	0.25
10721	0.23
2115	0.19
6241	0.19
3615	0.17
10576	0.13
960	0.10
972	0.09
51230	0.07
9519	0.05
10765	0.05
23649	0.03
5982	0.01
10383	0.00
57492	-0.02
1974	-0.06
6206	-0.06
1112	-0.12
25836	-0.12
7546	-0.13
5757	-0.13
672	-0.13
4605	-0.14
51514	-0.15
3670	-0.16
4904	-0.17
8284	-0.18
29781	-0.18
58517	-0.19
5693	-0.20
26986	-0.23
65980	-0.24
8242	-0.25
9168	-0.27
6284	-0.30
4171	-0.30
6175	-0.31
60	-0.32
2023	-0.32
5927	-0.34
50943	-0.36
5052	-0.37
81570	-0.38
4869	-0.38
23521	-0.40
51099	-0.40
6427	-0.41
6224	-0.41
6176	-0.42
8208	-0.42
3065	-0.43
8243	-0.44
7316	-0.45
3312	-0.45
6136	-0.47
3309	-0.54
7756	-0.54
9918	-0.56
7403	-0.57
5717	-0.58
7314	-0.61
10376	-0.61
1017	-0.61
22807	-0.66
10127	-0.67
6231	-0.68
4998	-0.68
51513	-0.70
5469	-0.72
639	-0.74
55355	-0.78
3326	-0.79
9611	-0.81
1164	-0.82
10209	-0.83
23135	-0.89
6234	-0.90
6591	-0.90
864	-0.93
7005	-0.94
8277	-0.94
3224	-0.94
7543	-0.96
5725	-0.96
4234	-0.99
6232	-1.02
2197	-1.03
6651	-1.03
5111	-1.06
23633	-1.07
5036	-1.08
51154	-1.11
5452	-1.12
54815	-1.13
5888	-1.15
79142	-1.16
7311	-1.18
4800	-1.18
6908	-1.19
8554	-1.25
3301	-1.25
5080	-1.30
58508	-1.30
54623	-1.37
4172	-1.42
5094	-1.48
11338	-1.50
6161	-1.51
4176	-1.73
1407	-1.82
10061	-2.12
7536	-2.18
1387	-2.57
5093	-3.24
