3312	8.72
3326	8.69
5036	8.64
3320	8.55
51602	7.69
3301	7.44
5700	5.77
51154	5.58
10376	5.42
5685	5.22
10153	5.01
8607	4.99
3190	4.82
10061	4.69
5717	4.64
23028	4.59
5431	4.57
6428	4.55
4869	4.52
5250	4.22
6647	4.05
6427	4.01
6175	3.96
6129	3.94
4234	3.93
5693	3.78
1655	3.71
3015	3.65
5052	3.63
51121	3.61
5682	3.57
4736	3.55
7314	3.53
1915	3.41
2023	3.41
3615	3.39
10383	3.36
7756	3.35
4904	3.31
55591	3.28
6194	3.12
6122	2.93
1407	2.84
6231	2.81
55703	2.81
6206	2.76
1164	2.66
11338	2.64
5094	2.63
9519	2.63
7316	2.61
6161	2.53
5111	2.53
55173	2.44
4176	2.39
9774	2.37
1974	2.35
2197	2.27
5725	2.26
6224	2.25
3309	2.16
10765	2.15
3298	2.12
7167	2.10
2597	2.06
5757	2.02
3181	2.01
23204	2.01
7311	2.01
5315	1.98
6136	1.90
23521	1.81
1017	1.77
159	1.76
1938	1.71
23633	1.56
6232	1.56
7536	1.55
9584	1.54
1072	1.53
1654	1.51
6176	1.43
10209	1.42
79142	1.42
3150	1.42
5927	1.42
26986	1.38
4172	1.35
58517	1.30
5885	1.24
3065	1.22
81570	1.22
5093	1.16
54815	1.10
6651	1.07
204	1.05
5469	0.96
23451	0.96
9168	0.87
7175	0.85
10771	0.84
10198	0.83
3757	0.81
3224	0.75
8243	0.75
738	0.73
54623	0.71
8242	0.70
4171	0.68
51514	0.52
51099	0.52
4800	0.51
60	0.49
10127	0.43
51230	0.35
672	0.33
6284	0.31
5441	0.31
4999	0.29
6241	0.24
54443	0.21
5982	0.20
54799	0.18
51742	0.14
10463	0.13
6908	0.09
23135	0.08
8277	0.05
9918	0.04
960	0.02
65980	-0.04
25836	-0.05
115098	-0.10
29781	-0.10
2115	-0.15
3720	-0.15
7546	-0.18
7005	-0.21
50484	-0.23
23649	-0.27
3670	-0.32
10721	-0.37
26009	-0.38
80853	-0.38
5610	-0.42
8284	-0.43
972	-0.44
7403	-0.50
8208	-0.52
4998	-0.54
8538	-0.54
4605	-0.59
5452	-0.60
8554	-0.65
51360	-0.65
51513	-0.68
57492	-0.71
5981	-0.73
5080	-0.79
905	-0.83
1750	-0.88
639	-0.89
5888	-0.90
6234	-0.95
58508	-0.96
7543	-0.99
1387	-1.00
6591	-1.02
22807	-1.06
2305	-1.16
50943	-1.19
55355	-1.24
9611	-1.26
864	-1.53
1112	-2.50
9563	-3.48
