60	12.98
10376	7.73
5315	6.04
2023	5.05
5441	4.87
2597	4.56
9168	4.27
3181	4.17
3190	4.09
10383	3.88
7536	3.84
6231	3.59
7167	3.57
115098	3.54
4904	3.27
5682	3.26
5725	3.26
3015	3.02
5757	2.98
5052	2.96
54815	2.91
3150	2.89
5717	2.76
5250	2.71
5700	2.62
6427	2.62
5093	2.62
9774	2.52
23649	2.49
7756	2.37
11338	2.37
23204	2.36
2197	2.35
6428	2.35
7316	2.24
3065	2.24
3320	2.21
5036	2.12
3312	2.03
5885	2.00
7314	1.98
1017	1.92
5094	1.85
8607	1.85
3326	1.80
8243	1.73
81570	1.72
5431	1.67
5685	1.64
79142	1.58
1654	1.55
10576	1.53
2305	1.47
6647	1.45
738	1.34
6241	1.34
5610	1.30
204	1.25
3301	1.22
26986	1.22
54623	1.22
8554	1.18
5982	1.17
58517	1.16
4605	1.12
1655	1.09
10209	1.08
3309	1.03
10061	0.98
7311	0.98
9918	0.96
51099	0.95
6651	0.92
972	0.85
5111	0.80
4172	0.80
6234	0.75
10463	0.75
51121	0.74
54443	0.73
6176	0.70
51154	0.70
6908	0.69
5693	0.66
960	0.65
29781	0.64
23451	0.59
23633	0.56
5927	0.55
4171	0.54
1164	0.54
4176	0.53
50943	0.46
8242	0.42
5888	0.37
159	0.34
7175	0.33
55591	0.31
4234	0.29
4800	0.28
8277	0.26
4869	0.25
7005	0.23
8208	0.22
9611	0.22
10765	0.20
6161	0.19
51742	0.18
5452	0.15
5080	0.11
6175	0.11
864	0.11
25836	0.08
51513	0.06
5469	-0.02
10127	-0.06
6136	-0.09
23028	-0.10
1915	-0.10
55355	-0.15
3224	-0.20
55703	-0.21
6224	-0.23
905	-0.23
51514	-0.25
6122	-0.27
65980	-0.33
2115	-0.34
23521	-0.34
22807	-0.37
639	-0.39
4736	-0.41
3757	-0.41
3720	-0.43
1387	-0.45
10771	-0.45
9584	-0.48
51360	-0.49
9519	-0.50
1407	-0.51
6206	-0.52
6591	-0.58
1974	-0.59
3615	-0.59
6194	-0.59
55173	-0.59
7546	-0.59
7543	-0.60
58508	-0.61
51602	-0.62
4998	-0.63
23135	-0.64
1938	-0.64
3298	-0.65
10721	-0.67
9563	-0.69
7403	-0.74
6232	-0.77
57492	-0.78
8538	-0.79
1112	-0.85
50484	-0.88
8284	-0.95
3670	-0.96
6284	-0.99
1750	-1.07
6129	-1.12
10198	-1.13
10153	-1.31
54799	-1.38
26009	-1.38
80853	-1.43
51230	-1.49
4999	-1.65
5981	-1.66
672	-1.71
