672	9.22
55355	8.89
51514	8.79
4998	8.38
54443	8.30
6241	7.33
5888	7.29
4605	6.89
2305	6.51
4171	5.48
8208	4.41
10198	3.37
23649	3.36
1164	2.77
5111	2.74
10383	2.00
4176	1.90
8243	1.87
4172	1.68
5981	1.50
1017	1.47
5982	1.45
9918	1.39
23204	1.25
51360	1.15
10376	1.04
3015	1.03
7543	1.00
5080	0.94
29781	0.92
51602	0.91
5610	0.83
7175	0.80
6647	0.74
8607	0.73
5927	0.67
58508	0.66
2597	0.66
50484	0.61
55703	0.45
3670	0.35
3320	0.32
3757	0.27
81570	0.25
1974	0.24
10463	0.23
5052	0.22
1750	0.17
9611	0.15
905	0.13
5441	0.13
8538	0.13
10153	0.12
4869	0.10
22807	0.06
3224	0.04
51121	0.03
5315	0.02
7403	0.02
5469	-0.01
3312	-0.02
2115	-0.02
7546	-0.03
3150	-0.05
4999	-0.06
3309	-0.10
4904	-0.13
6136	-0.14
3181	-0.15
50943	-0.16
23633	-0.20
6224	-0.20
25836	-0.23
4234	-0.25
9563	-0.29
58517	-0.29
8284	-0.29
54799	-0.30
5885	-0.32
6591	-0.33
9774	-0.33
639	-0.33
5693	-0.35
1112	-0.35
6176	-0.35
26009	-0.36
10576	-0.37
5036	-0.38
10061	-0.38
5452	-0.38
26986	-0.38
1654	-0.39
3301	-0.41
10127	-0.41
7167	-0.41
23521	-0.43
7311	-0.43
6427	-0.44
204	-0.44
2023	-0.45
7314	-0.45
9168	-0.45
5685	-0.45
8554	-0.45
51154	-0.45
8277	-0.46
51230	-0.49
55591	-0.50
57492	-0.51
9584	-0.55
738	-0.56
2197	-0.58
6651	-0.58
3298	-0.62
3326	-0.62
23028	-0.63
6161	-0.63
51099	-0.63
1407	-0.64
6122	-0.65
1072	-0.67
864	-0.68
51513	-0.70
7316	-0.71
6234	-0.72
6206	-0.73
80853	-0.73
65980	-0.74
60	-0.75
159	-0.75
8242	-0.78
5094	-0.79
6129	-0.80
6284	-0.81
6194	-0.84
5250	-0.85
3720	-0.85
54815	-0.86
23451	-0.88
5431	-0.92
1938	-0.94
6175	-0.94
5717	-0.96
5757	-0.98
1655	-1.00
51742	-1.00
54623	-1.03
972	-1.06
9519	-1.09
5700	-1.12
10765	-1.14
11338	-1.15
3615	-1.15
5682	-1.16
3065	-1.18
10771	-1.19
1387	-1.19
115098	-1.20
7005	-1.23
6232	-1.25
6231	-1.26
960	-1.33
1915	-1.33
4736	-1.44
6908	-1.45
7756	-1.52
6428	-1.61
5093	-1.62
10209	-1.64
55173	-1.66
4800	-1.69
79142	-1.87
7536	-1.88
23135	-2.00
3190	-2.10
5725	-2.31
