3720	6.37
51742	5.45
5927	5.39
80853	4.90
54799	4.32
79142	4.22
23028	4.14
23135	3.86
8242	3.79
23633	3.65
7175	3.54
25836	3.35
51230	3.30
159	3.29
4800	3.25
58508	2.76
5431	2.76
7403	2.65
6651	2.41
3190	2.29
10576	2.15
905	2.08
1387	1.99
7005	1.95
23451	1.86
8554	1.79
9611	1.76
55591	1.76
1112	1.75
7756	1.71
4999	1.49
7316	1.48
26986	1.43
5469	1.41
22807	1.40
2597	1.38
9918	1.37
1938	1.28
5693	1.25
2023	1.24
57492	1.24
639	1.23
3326	1.23
3309	1.22
58517	1.19
6232	1.14
1974	1.10
9584	1.10
9519	1.07
5885	1.02
1654	0.99
8607	0.96
7167	0.96
4736	0.94
7543	0.93
54815	0.91
5717	0.90
5315	0.85
3615	0.82
5093	0.76
1164	0.72
54623	0.71
8284	0.70
1407	0.69
960	0.65
55703	0.64
1655	0.61
5250	0.61
1915	0.60
23204	0.47
3150	0.46
2115	0.44
6284	0.43
6194	0.43
51099	0.42
60	0.42
3065	0.42
51514	0.40
7546	0.40
6908	0.35
6428	0.35
6175	0.34
6591	0.34
23521	0.34
9774	0.33
10153	0.32
5094	0.30
6206	0.27
5700	0.26
6136	0.25
5610	0.23
7536	0.20
1072	0.20
10127	0.18
3181	0.17
6122	0.17
1750	0.16
7311	0.15
3301	0.14
6161	0.13
738	0.11
65980	0.10
50943	0.09
10383	0.05
10463	0.05
6176	0.05
11338	0.01
55355	0.01
8538	-0.00
7314	-0.03
4869	-0.06
50484	-0.06
6224	-0.07
10061	-0.07
5052	-0.13
9168	-0.13
9563	-0.14
3298	-0.16
51602	-0.23
3224	-0.25
8277	-0.27
3312	-0.28
6129	-0.28
4904	-0.30
5725	-0.33
3757	-0.34
10771	-0.37
26009	-0.38
3015	-0.38
6234	-0.52
5452	-0.53
51513	-0.54
5981	-0.57
55173	-0.57
6427	-0.59
2197	-0.60
972	-0.63
81570	-0.64
5757	-0.64
4176	-0.65
5036	-0.65
10209	-0.69
6231	-0.71
864	-0.75
3670	-0.78
3320	-0.81
5685	-0.81
10376	-0.95
4605	-0.99
54443	-1.00
5682	-1.09
4234	-1.12
204	-1.13
10721	-1.14
5080	-1.20
6241	-1.22
10198	-1.23
51121	-1.24
51360	-1.24
672	-1.29
1017	-1.36
4171	-1.37
51154	-1.42
6647	-1.42
8243	-1.56
5441	-1.67
5888	-1.72
2305	-1.73
4998	-1.73
5982	-1.85
5111	-2.00
115098	-2.02
4172	-2.11
23649	-2.32
8208	-2.60
29781	-2.87
