26009	4.12
57492	3.43
10463	3.22
9774	2.82
55703	2.80
7175	2.65
1654	2.60
9584	2.53
9611	2.38
7543	2.25
54623	2.24
51742	2.17
51360	2.08
65980	2.05
8243	2.00
1655	1.92
58517	1.87
1387	1.78
159	1.74
5700	1.68
4999	1.63
4172	1.50
5036	1.41
55591	1.38
6647	1.38
23451	1.37
8607	1.18
3181	1.15
25836	1.13
3312	1.09
54799	1.07
51602	1.05
5885	1.04
79142	1.04
51154	1.03
738	1.01
51230	0.98
4234	0.97
10127	0.92
4176	0.90
10198	0.89
5757	0.84
3190	0.84
10576	0.84
3224	0.82
11338	0.81
51099	0.80
1407	0.76
7005	0.73
10061	0.70
5610	0.69
8284	0.66
3757	0.66
2305	0.58
960	0.51
4171	0.47
4800	0.45
5431	0.43
6651	0.38
3326	0.38
6122	0.36
6194	0.33
1112	0.31
4605	0.30
1915	0.29
4869	0.24
8538	0.23
6428	0.21
3301	0.19
6206	0.17
3320	0.15
6427	0.13
5927	0.13
23028	0.12
58508	0.11
905	0.11
9563	0.09
5725	0.08
3298	0.08
6284	0.04
9918	0.04
22807	0.04
29781	0.03
6232	-0.00
7316	-0.02
6129	-0.05
5080	-0.06
50943	-0.07
3720	-0.10
8208	-0.10
7536	-0.11
115098	-0.13
4904	-0.13
5441	-0.15
6241	-0.21
54443	-0.24
6224	-0.24
55355	-0.25
23521	-0.26
55173	-0.28
1938	-0.30
4736	-0.32
5111	-0.34
3615	-0.34
51121	-0.35
23649	-0.35
3670	-0.36
10765	-0.37
10153	-0.38
5981	-0.40
672	-0.44
1072	-0.45
26986	-0.47
60	-0.47
7403	-0.48
2115	-0.49
54815	-0.50
10209	-0.52
51514	-0.54
8277	-0.55
10376	-0.55
6231	-0.56
3150	-0.57
864	-0.58
81570	-0.59
9168	-0.59
23204	-0.60
6176	-0.60
2197	-0.61
3065	-0.62
5094	-0.62
1017	-0.65
7314	-0.67
8242	-0.71
8554	-0.76
7311	-0.78
5685	-0.78
5693	-0.78
1750	-0.80
80853	-0.82
5452	-0.86
7546	-0.87
5093	-0.88
5888	-0.88
6591	-0.89
5469	-0.89
23135	-0.91
6175	-0.92
6136	-0.93
1974	-0.96
6908	-0.97
639	-0.98
5315	-1.02
2023	-1.05
6161	-1.05
10383	-1.08
204	-1.09
10721	-1.19
4998	-1.19
51513	-1.22
5717	-1.24
972	-1.26
3309	-1.33
9519	-1.34
23633	-1.37
5982	-1.41
5250	-1.49
6234	-1.53
50484	-1.59
2597	-1.59
7167	-1.70
5682	-1.95
3015	-2.08
7756	-2.30
5052	-2.48
1164	-3.14
