51230	4.02
3720	3.98
57492	3.81
1387	3.40
9611	3.16
58508	2.89
5093	2.80
80853	2.77
1938	2.69
5469	2.50
9563	2.47
26986	2.37
54799	2.34
5094	2.28
23633	2.19
5452	2.10
8554	2.06
25836	2.05
864	1.89
738	1.87
6651	1.79
10765	1.75
5927	1.73
4904	1.72
3190	1.70
54815	1.60
10209	1.59
972	1.55
5885	1.55
7403	1.47
5981	1.42
22807	1.37
23521	1.31
6232	1.20
8243	1.17
50484	1.14
6176	1.09
23451	1.07
60	1.05
5757	1.05
7175	1.03
7005	0.97
639	0.95
7543	0.94
4736	0.94
6224	0.83
23028	0.83
26009	0.82
5725	0.79
58517	0.74
9918	0.74
1654	0.70
6122	0.67
9774	0.65
51099	0.64
7311	0.62
1915	0.61
5700	0.59
3298	0.58
7536	0.57
23135	0.55
2305	0.51
6129	0.48
6175	0.46
6908	0.42
6136	0.40
6234	0.38
960	0.38
51742	0.38
7546	0.35
3320	0.33
5250	0.31
10771	0.31
6206	0.29
3015	0.26
7756	0.24
2115	0.23
6194	0.22
115098	0.18
1974	0.18
3615	0.13
8284	0.10
4605	0.10
5610	0.08
7316	0.08
8277	0.06
159	0.04
1407	0.03
6231	-0.03
2023	-0.03
10198	-0.03
5431	-0.06
3181	-0.07
5052	-0.09
6161	-0.10
5080	-0.10
10463	-0.12
4172	-0.13
2197	-0.17
10153	-0.19
51360	-0.22
5982	-0.22
672	-0.23
1655	-0.24
6591	-0.24
7314	-0.25
23204	-0.30
6428	-0.31
2597	-0.31
4176	-0.33
8242	-0.34
1164	-0.35
10721	-0.35
10127	-0.35
51514	-0.36
4998	-0.37
9584	-0.37
204	-0.37
50943	-0.42
4171	-0.42
5111	-0.44
9519	-0.44
4800	-0.49
4869	-0.51
1750	-0.52
5888	-0.54
54443	-0.56
51513	-0.56
8208	-0.57
5036	-0.57
3670	-0.58
81570	-0.59
3326	-0.65
1017	-0.66
3312	-0.69
55355	-0.70
9168	-0.71
5717	-0.79
55173	-0.80
3224	-0.83
79142	-0.84
905	-0.84
1072	-0.85
65980	-0.86
7167	-0.87
5682	-0.88
3150	-0.91
29781	-0.92
6427	-0.94
6241	-0.97
3757	-1.01
6647	-1.02
5441	-1.02
5693	-1.07
55703	-1.07
4999	-1.11
55591	-1.12
3065	-1.14
3309	-1.18
10376	-1.37
54623	-1.40
8538	-1.40
11338	-1.51
51602	-1.52
5685	-1.63
23649	-1.66
5315	-1.85
3301	-1.91
10061	-1.93
51154	-1.95
6284	-1.99
51121	-2.16
10576	-2.50
8607	-2.53
4234	-2.62
10383	-2.87
