5725	8.64
54623	5.93
3190	5.81
7536	5.47
6427	5.22
54815	4.87
9584	4.62
58517	4.52
3181	4.41
4176	4.38
9774	4.35
4800	4.06
8242	3.98
5757	3.92
8243	3.91
7756	3.88
3065	3.87
51154	3.85
65980	3.83
29781	3.62
5093	3.57
5717	3.40
10383	3.40
4172	3.38
10061	3.36
4904	3.23
60	3.03
79142	3.02
115098	2.98
3326	2.95
4171	2.71
10576	2.64
10127	2.63
4234	2.62
6428	2.60
905	2.59
1655	2.45
3301	2.44
5094	2.39
5036	2.39
10376	2.38
1387	2.37
1072	2.37
23451	2.33
2023	2.27
23633	2.26
1654	2.25
8607	2.24
6651	2.18
57492	2.17
1017	2.15
3312	2.05
9918	2.05
1938	2.04
23028	2.01
5315	1.96
5469	1.95
5885	1.92
3015	1.92
3320	1.83
7175	1.79
51742	1.73
5111	1.62
51602	1.53
7314	1.51
81570	1.47
5441	1.44
3150	1.42
23135	1.39
23649	1.30
5431	1.30
738	1.29
7316	1.29
26986	1.27
7543	1.21
2197	1.16
7403	1.15
7167	1.12
7311	1.12
55703	1.04
25836	1.01
2597	0.99
8284	0.96
672	0.94
23521	0.93
3309	0.93
5700	0.89
4999	0.86
10771	0.81
22807	0.80
204	0.79
3615	0.79
5693	0.77
159	0.73
5052	0.69
6231	0.68
6234	0.68
5927	0.63
4869	0.59
5452	0.54
58508	0.52
6161	0.49
26009	0.47
1407	0.46
4605	0.45
3720	0.41
9168	0.39
6241	0.39
8538	0.37
9519	0.34
5982	0.33
864	0.31
972	0.30
23204	0.29
9611	0.28
5685	0.27
7005	0.27
1164	0.24
6175	0.22
51230	0.20
6908	0.16
1750	0.15
6122	0.15
639	0.14
4736	0.13
2305	0.13
6194	0.11
5981	0.11
2115	0.10
3670	0.08
960	0.07
50943	0.06
10153	0.06
1915	0.02
10765	0.01
4998	-0.03
54799	-0.05
6206	-0.11
6224	-0.13
5080	-0.14
51121	-0.15
8554	-0.17
7546	-0.20
6232	-0.21
6129	-0.25
5682	-0.25
6284	-0.26
8277	-0.32
5610	-0.32
8208	-0.33
3224	-0.34
1974	-0.35
6176	-0.36
51099	-0.36
6136	-0.42
10198	-0.43
9563	-0.45
3757	-0.46
54443	-0.47
6647	-0.58
6591	-0.60
10209	-0.64
51513	-0.66
51514	-0.84
55173	-0.91
3298	-1.01
5250	-1.10
80853	-1.14
10721	-1.15
55591	-1.22
50484	-1.33
5888	-1.37
55355	-1.42
10463	-1.50
1112	-1.51
51360	-1.69
