4904	5.32
5441	4.85
54815	4.64
5036	4.62
1072	3.54
81570	3.49
11338	2.98
6234	2.88
7311	2.87
5725	2.79
51121	2.58
5757	2.51
6231	2.34
54623	2.29
1938	2.25
8607	2.15
10061	2.10
3320	1.99
2197	1.98
60	1.97
10383	1.90
5093	1.76
6647	1.76
3181	1.68
8243	1.68
51154	1.61
3326	1.57
23135	1.43
9168	1.33
4800	1.32
4869	1.31
7314	1.26
5315	1.25
4234	1.21
5717	1.20
3309	1.19
5700	1.13
55703	1.09
23633	1.08
65980	1.07
55173	0.93
204	0.92
4605	0.91
51230	0.90
7546	0.88
7167	0.87
2023	0.83
26986	0.81
58517	0.81
29781	0.78
5052	0.77
10198	0.76
3615	0.71
3757	0.71
5469	0.70
738	0.70
3150	0.68
5885	0.62
10376	0.62
10463	0.58
5685	0.54
23028	0.54
6122	0.51
3301	0.48
58508	0.48
9611	0.48
3720	0.47
6176	0.43
51602	0.42
8284	0.40
6129	0.34
5981	0.33
1407	0.32
960	0.27
57492	0.26
5982	0.26
2305	0.24
10209	0.22
80853	0.20
7005	0.20
6175	0.20
9584	0.20
1112	0.18
6591	0.18
5080	0.18
972	0.16
7175	0.16
3224	0.14
3298	0.13
9519	0.11
22807	0.11
5682	0.10
639	0.08
8208	0.06
2597	0.06
9774	0.06
672	0.01
2115	-0.00
1164	-0.01
5094	-0.03
864	-0.04
6908	-0.04
3015	-0.07
10576	-0.10
25836	-0.10
8538	-0.10
5693	-0.12
10771	-0.13
23521	-0.14
9918	-0.22
7536	-0.24
50484	-0.25
6651	-0.27
51513	-0.27
5452	-0.28
6161	-0.32
6206	-0.33
5610	-0.34
3312	-0.36
54443	-0.41
50943	-0.42
4171	-0.42
5888	-0.42
26009	-0.46
6224	-0.50
51099	-0.51
8242	-0.51
6428	-0.51
3065	-0.53
55591	-0.55
1017	-0.56
4172	-0.57
5431	-0.59
1387	-0.61
8277	-0.62
51360	-0.63
6136	-0.65
6194	-0.65
3670	-0.71
6284	-0.72
905	-0.76
6241	-0.78
79142	-0.79
3190	-0.83
1654	-0.86
23204	-0.93
5250	-0.95
7316	-0.97
55355	-0.97
4176	-1.02
8554	-1.02
4999	-1.03
23451	-1.04
4736	-1.04
51514	-1.06
1750	-1.07
4998	-1.08
9563	-1.13
10127	-1.13
5111	-1.14
10721	-1.20
54799	-1.28
1974	-1.28
10153	-1.33
7756	-1.34
51742	-1.37
6427	-1.45
7403	-1.54
6232	-1.56
23649	-1.63
7543	-1.73
1655	-1.82
1915	-1.83
5927	-1.92
10765	-2.02
159	-2.27
