3015	6.99
23204	5.98
54443	5.44
3301	5.00
55355	4.79
10383	4.61
3312	4.26
3320	4.05
7314	3.39
3326	3.33
10376	3.32
5052	3.23
5111	3.06
9918	3.05
51121	3.01
2305	2.83
10721	2.77
9168	2.70
10576	2.66
6647	2.55
6428	2.54
5685	2.53
9519	2.47
1017	2.42
5757	2.29
1974	2.12
6194	2.08
6175	2.08
6224	2.03
5441	1.98
7167	1.93
6241	1.93
6427	1.92
6136	1.92
4800	1.87
5693	1.76
10198	1.75
5888	1.67
23521	1.60
4904	1.55
3150	1.54
79142	1.51
5885	1.46
6234	1.46
6231	1.46
6129	1.42
51514	1.40
3615	1.35
5725	1.32
5682	1.32
6232	1.31
2197	1.28
7756	1.26
23135	1.25
5094	1.19
4736	1.17
3181	1.16
3309	1.12
1407	1.12
6206	1.02
4176	0.93
51602	0.92
3190	0.90
6176	0.88
10209	0.85
5093	0.83
5036	0.83
672	0.81
7316	0.78
6284	0.77
6161	0.74
51099	0.74
10765	0.72
9584	0.71
7311	0.62
8242	0.59
864	0.56
5080	0.55
1072	0.54
6591	0.53
4605	0.53
2023	0.50
4869	0.50
7546	0.49
23633	0.49
5250	0.48
4998	0.44
2597	0.43
2115	0.41
3298	0.38
6908	0.37
6122	0.35
50484	0.35
1750	0.32
204	0.30
51154	0.27
11338	0.24
972	0.22
10153	0.19
8607	0.19
1915	0.18
54623	0.18
4234	0.18
81570	0.15
3757	0.15
25836	0.13
960	0.09
51513	0.05
7005	0.04
8277	0.03
7403	0.02
10127	0.01
10061	0.01
3670	0.00
115098	-0.01
3720	-0.01
905	-0.01
26986	-0.01
23028	-0.03
5717	-0.04
5982	-0.04
5315	-0.10
58517	-0.14
5452	-0.14
23451	-0.15
5469	-0.15
1654	-0.16
1387	-0.16
4999	-0.19
3224	-0.20
8284	-0.21
8554	-0.22
58508	-0.22
54815	-0.24
7536	-0.25
8243	-0.28
22807	-0.28
159	-0.31
1112	-0.35
50943	-0.37
639	-0.39
1655	-0.40
4172	-0.46
8538	-0.50
1938	-0.62
23649	-0.63
4171	-0.66
51230	-0.66
80853	-0.71
51360	-0.76
7543	-0.78
54799	-0.79
10463	-0.82
51742	-0.83
57492	-0.84
5431	-0.85
3065	-0.86
9563	-0.89
29781	-0.90
26009	-0.93
60	-0.93
6651	-0.95
55591	-1.00
5927	-1.00
55173	-1.06
5700	-1.07
5610	-1.08
65980	-1.27
8208	-1.37
9611	-1.38
7175	-1.51
5981	-1.55
9774	-1.57
738	-2.23
55703	-3.02
10771	-3.14
