58508	10.05
57492	7.70
25836	7.68
6651	5.87
9611	5.73
5093	5.67
7536	5.40
23135	5.32
5094	5.30
7403	4.56
5469	4.51
5927	4.00
51742	3.57
54815	3.52
1112	3.40
9774	3.37
7543	3.37
8242	3.32
8554	3.27
5725	3.23
54799	2.98
8243	2.97
23451	2.85
3720	2.85
10209	2.79
9584	2.68
10127	2.57
1654	2.41
11338	2.37
5885	2.25
54623	2.10
3190	2.06
23633	2.05
10765	1.99
2305	1.92
5610	1.85
26986	1.78
10771	1.78
7756	1.72
6232	1.70
4800	1.69
7175	1.59
3301	1.58
9519	1.55
51230	1.48
639	1.43
80853	1.39
79142	1.31
51121	1.28
51099	1.23
5717	1.07
55703	1.07
7311	1.01
905	1.00
3309	0.98
1407	0.97
26009	0.92
2197	0.92
4234	0.90
3015	0.89
6176	0.84
6908	0.84
7316	0.84
9918	0.82
5452	0.81
3181	0.80
58517	0.79
7314	0.79
1655	0.77
60	0.73
972	0.71
6224	0.68
9563	0.64
4605	0.63
23204	0.61
6206	0.60
960	0.60
864	0.59
51154	0.57
5036	0.50
6231	0.49
5981	0.48
672	0.44
6591	0.39
1938	0.39
7546	0.36
6136	0.36
4736	0.35
7005	0.33
4171	0.33
4999	0.32
6234	0.27
6161	0.23
50943	0.23
3320	0.22
8284	0.21
4176	0.20
5700	0.19
65980	0.15
4904	0.14
8277	0.10
6284	0.09
81570	0.07
6428	0.06
738	0.01
5982	0.01
3224	0.00
3326	-0.02
1750	-0.03
6194	-0.09
1164	-0.16
10061	-0.22
3670	-0.22
23649	-0.25
6129	-0.26
6427	-0.28
2115	-0.28
29781	-0.28
23521	-0.29
5111	-0.30
3757	-0.31
5757	-0.31
6175	-0.34
51360	-0.38
51513	-0.38
8208	-0.41
9168	-0.42
3312	-0.44
23028	-0.44
1072	-0.45
51514	-0.46
6241	-0.46
5685	-0.46
8538	-0.51
51602	-0.56
5693	-0.58
5080	-0.58
8607	-0.60
115098	-0.61
3298	-0.63
4172	-0.64
5888	-0.65
22807	-0.67
4869	-0.74
4998	-0.78
2597	-0.80
3615	-0.80
6647	-0.84
10383	-0.85
55173	-0.90
10153	-0.91
10576	-1.00
10376	-1.03
55591	-1.05
10198	-1.07
5315	-1.09
159	-1.12
6122	-1.14
3065	-1.18
10721	-1.19
1915	-1.20
5431	-1.33
5682	-1.35
50484	-1.37
5250	-1.38
54443	-1.43
5052	-1.45
7167	-1.54
55355	-1.56
2023	-1.59
1017	-1.65
5441	-1.72
1974	-1.76
3150	-1.83
204	-1.92
10463	-2.57
