1655	3.87
1017	2.90
10576	2.84
3298	2.79
54815	2.73
5717	2.68
3301	2.53
6427	2.30
5725	2.11
6428	1.91
10127	1.88
6908	1.77
1654	1.77
55591	1.73
8277	1.72
10198	1.70
3320	1.64
51602	1.61
51099	1.58
10153	1.58
9584	1.56
5469	1.56
7005	1.54
3309	1.52
80853	1.47
54623	1.43
7756	1.40
23204	1.37
10061	1.37
9519	1.35
5094	1.33
5093	1.32
7536	1.26
5885	1.25
23028	1.22
51230	1.22
3312	1.13
1164	1.12
58517	1.07
10383	1.03
8242	1.01
1387	0.97
23135	0.94
10209	0.92
3190	0.91
5250	0.89
4800	0.89
7403	0.88
5431	0.88
23451	0.80
1974	0.79
10376	0.78
10771	0.76
905	0.75
23633	0.73
7546	0.73
6651	0.72
3150	0.71
3015	0.69
8208	0.69
10765	0.69
6647	0.64
5036	0.63
5111	0.62
8243	0.61
2115	0.60
5080	0.56
7314	0.54
8284	0.53
159	0.51
25836	0.48
6161	0.48
11338	0.46
3720	0.45
5927	0.43
54443	0.43
29781	0.43
55703	0.43
4234	0.40
9774	0.36
4904	0.35
3181	0.35
7543	0.34
115098	0.32
3326	0.30
5757	0.30
5052	0.29
51742	0.27
55173	0.27
4176	0.17
1915	0.10
51514	0.09
7316	0.07
8607	0.06
1112	0.03
864	0.01
51154	-0.05
5888	-0.07
58508	-0.08
51121	-0.08
26009	-0.09
65980	-0.11
5700	-0.13
2023	-0.17
8554	-0.18
2197	-0.18
5982	-0.18
55355	-0.20
3224	-0.21
6241	-0.21
972	-0.27
9611	-0.28
57492	-0.28
2305	-0.29
54799	-0.29
50484	-0.32
4172	-0.36
7175	-0.37
5693	-0.38
6175	-0.39
639	-0.43
4869	-0.43
6176	-0.45
6232	-0.46
81570	-0.49
50943	-0.49
1072	-0.51
4605	-0.53
8538	-0.54
3670	-0.58
79142	-0.58
960	-0.60
3065	-0.60
3615	-0.63
3757	-0.63
10721	-0.64
26986	-0.64
6591	-0.65
1750	-0.65
51513	-0.65
738	-0.66
6231	-0.68
22807	-0.68
4999	-0.70
672	-0.70
9918	-0.72
7311	-0.73
60	-0.81
6234	-0.81
23649	-0.84
5441	-0.85
204	-0.93
23521	-0.96
5682	-1.04
5610	-1.10
5685	-1.13
6284	-1.16
5981	-1.19
6206	-1.24
4998	-1.29
7167	-1.30
6136	-1.32
4736	-1.36
4171	-1.37
6129	-1.39
6224	-1.41
9168	-1.44
51360	-1.52
1938	-1.53
6194	-1.59
5315	-1.66
6122	-1.68
9563	-1.71
5452	-1.79
10463	-1.82
2597	-2.15
