51742	4.73
10153	4.21
3190	4.05
6428	3.52
10765	3.29
4999	3.16
3181	2.77
7175	2.52
5757	2.47
5431	2.27
58517	2.26
51602	2.26
9519	2.22
10463	2.14
1974	2.08
1655	2.08
5111	2.05
5885	2.01
6427	1.96
1915	1.87
10576	1.76
65980	1.74
10771	1.74
8607	1.72
9774	1.67
54799	1.61
51230	1.55
4869	1.53
5685	1.49
5682	1.48
23028	1.43
51360	1.41
2023	1.38
6206	1.30
3150	1.23
55703	1.21
1654	1.21
3326	1.20
7756	1.16
55173	1.12
5093	1.08
5250	0.99
3301	0.99
6647	0.99
51514	0.96
5725	0.96
4800	0.95
79142	0.92
54443	0.91
26986	0.88
5700	0.88
3312	0.85
3320	0.84
54815	0.82
5610	0.80
5052	0.74
11338	0.73
23204	0.71
80853	0.68
50484	0.67
3015	0.66
2115	0.65
8243	0.64
6129	0.63
5315	0.63
25836	0.63
51154	0.60
960	0.56
6232	0.56
1407	0.51
6194	0.49
55591	0.46
4172	0.38
5717	0.37
9584	0.36
905	0.36
864	0.35
1072	0.34
204	0.32
6122	0.31
1750	0.25
7543	0.23
10061	0.22
3065	0.20
3720	0.20
23451	0.20
26009	0.10
3670	0.09
6908	0.09
5888	0.09
7536	0.08
5036	0.06
738	0.05
3615	0.05
1112	0.04
60	0.04
4736	0.03
5981	0.03
9918	0.03
51513	0.02
4234	0.02
8538	0.02
5452	0.01
6284	-0.01
9563	-0.03
7546	-0.03
5927	-0.03
5469	-0.04
5982	-0.04
672	-0.04
2597	-0.05
5693	-0.08
10376	-0.10
10127	-0.10
22807	-0.11
6136	-0.15
54623	-0.16
4176	-0.17
51099	-0.17
3309	-0.22
7316	-0.28
4904	-0.28
9168	-0.31
1164	-0.31
6234	-0.31
6176	-0.34
6224	-0.34
8208	-0.37
6651	-0.41
972	-0.41
7314	-0.42
7403	-0.44
8277	-0.46
10209	-0.46
6241	-0.47
7311	-0.47
55355	-0.49
8242	-0.57
57492	-0.57
7167	-0.57
23649	-0.58
7005	-0.64
6161	-0.64
1938	-0.66
6591	-0.67
23633	-0.69
3298	-0.70
5094	-0.71
10383	-0.73
51121	-0.73
10721	-0.75
8554	-0.76
23521	-0.78
6231	-0.85
2197	-0.90
6175	-0.91
4171	-0.91
9611	-0.91
81570	-0.94
3224	-0.99
5080	-1.04
4998	-1.07
50943	-1.08
5441	-1.09
1387	-1.12
1017	-1.24
8284	-1.36
10198	-1.39
639	-1.43
29781	-1.47
3757	-1.72
23135	-1.83
2305	-1.84
4605	-1.90
115098	-2.27
58508	-2.49
