7543	9.81
1655	7.75
7403	7.17
9774	7.03
23451	7.00
8242	6.85
9584	6.73
8243	6.60
6651	5.90
3190	4.82
3181	4.21
3301	4.19
5431	3.40
6427	3.31
6428	3.29
5717	3.03
51099	2.97
51742	2.81
54623	2.62
10771	2.60
7316	2.57
5725	2.55
3320	2.51
1387	2.41
51602	2.40
25836	2.39
58517	2.32
5700	2.27
11338	2.25
7756	2.23
54799	2.19
4800	2.18
5927	2.16
7536	2.13
10383	2.11
3720	2.01
2197	1.99
3312	1.95
7314	1.86
3015	1.84
3326	1.81
10153	1.78
5441	1.77
1407	1.77
5610	1.74
10463	1.67
51154	1.65
2023	1.64
4234	1.61
51360	1.57
1072	1.55
26009	1.53
10209	1.51
10576	1.51
5885	1.51
960	1.50
5469	1.48
55703	1.44
8554	1.43
57492	1.41
9611	1.41
6231	1.36
3065	1.36
7311	1.33
51230	1.29
5093	1.28
10376	1.22
6647	1.21
159	1.21
7175	1.21
5685	1.19
50484	1.18
5052	1.18
60	1.18
10061	1.16
905	1.14
79142	1.11
1974	1.08
3309	1.06
23135	1.05
10127	1.05
6206	1.03
58508	1.01
4999	0.99
10765	0.99
5036	0.96
65980	0.89
1915	0.88
81570	0.85
23633	0.81
6176	0.79
4176	0.77
23204	0.70
1112	0.70
5682	0.61
2597	0.58
6232	0.55
5315	0.54
80853	0.51
54815	0.51
6241	0.50
26986	0.50
5250	0.49
23028	0.47
639	0.47
5094	0.46
7167	0.38
3298	0.32
4171	0.31
5757	0.29
1938	0.27
5111	0.24
5693	0.22
29781	0.22
8208	0.18
5982	0.18
4172	0.17
4998	0.13
672	0.10
6161	0.06
1750	0.04
8277	-0.01
6194	-0.08
6224	-0.08
10198	-0.09
6129	-0.13
6122	-0.14
6234	-0.15
1164	-0.16
738	-0.17
54443	-0.18
6284	-0.18
972	-0.18
23649	-0.19
55591	-0.19
4869	-0.22
9168	-0.23
7005	-0.32
10721	-0.39
3757	-0.39
50943	-0.39
22807	-0.40
3224	-0.43
9519	-0.47
864	-0.49
8538	-0.52
4736	-0.54
9918	-0.54
51514	-0.54
51121	-0.55
23521	-0.57
6908	-0.58
7546	-0.59
4605	-0.60
51513	-0.60
6136	-0.61
1017	-0.64
4904	-0.68
3615	-0.70
3670	-0.81
2115	-0.83
9563	-0.84
115098	-0.86
5452	-0.88
5080	-0.89
8607	-0.93
6591	-0.94
2305	-0.99
3150	-1.02
6175	-1.12
204	-1.17
5981	-1.18
55355	-1.28
55173	-1.34
5888	-1.98
8284	-3.86
