6427	10.32
6428	7.86
3190	7.83
1654	7.75
3181	7.31
7756	7.31
9584	7.10
6651	6.00
9774	5.97
58517	5.96
3301	5.41
7536	5.28
23451	5.23
51602	4.86
7316	4.45
5431	4.23
905	4.17
1407	3.87
3320	3.78
10576	3.71
3312	3.64
51742	3.56
10209	3.46
7543	3.42
5717	3.21
5685	3.15
3065	2.98
3150	2.91
1974	2.91
3326	2.66
7314	2.52
4800	2.50
11338	2.45
54623	2.44
5757	2.35
3015	2.34
7175	2.29
1915	2.23
10153	2.20
65980	2.19
3309	2.13
60	2.11
159	2.08
5094	2.01
9168	1.98
5111	1.98
10383	1.98
5700	1.97
10771	1.92
5927	1.85
5250	1.70
54799	1.67
10061	1.59
10127	1.50
10376	1.45
55591	1.45
6647	1.42
25836	1.38
4234	1.31
5725	1.30
5036	1.28
23204	1.26
7403	1.24
8243	1.24
51154	1.22
5682	1.20
6122	1.19
5885	1.17
6129	1.14
5469	1.14
1072	1.09
5441	1.06
8554	1.05
26986	1.05
6194	1.05
4176	1.04
5693	1.02
5093	1.00
6908	0.96
9611	0.91
79142	0.90
6241	0.84
5052	0.83
23135	0.80
1387	0.77
23028	0.69
57492	0.67
6284	0.64
9519	0.62
10765	0.61
51121	0.59
8242	0.58
6224	0.56
10463	0.55
54815	0.55
23633	0.52
1017	0.52
4999	0.51
4172	0.51
2197	0.46
972	0.46
50943	0.41
51099	0.41
23521	0.39
50484	0.38
7311	0.37
6232	0.31
960	0.27
6176	0.20
2023	0.19
5315	0.19
5610	0.15
80853	0.15
4869	0.14
639	0.12
5452	0.12
10198	0.11
4904	0.08
2115	0.07
8284	0.03
6161	0.02
55173	0.01
55703	-0.03
29781	-0.07
8607	-0.09
1938	-0.12
6206	-0.13
3720	-0.16
4736	-0.16
51230	-0.18
8277	-0.19
1112	-0.24
58508	-0.25
3670	-0.26
1750	-0.32
6175	-0.33
26009	-0.33
1164	-0.40
3298	-0.41
6136	-0.42
7546	-0.42
4605	-0.51
9563	-0.53
672	-0.54
3757	-0.55
5080	-0.55
51513	-0.59
7167	-0.61
6591	-0.63
8208	-0.65
22807	-0.67
8538	-0.72
23649	-0.74
738	-0.76
864	-0.76
7005	-0.81
5982	-0.85
6231	-0.85
3224	-0.85
55355	-0.86
204	-0.92
2597	-0.96
5981	-0.99
10721	-1.00
51360	-1.17
54443	-1.20
9918	-1.22
4998	-1.28
3615	-1.29
2305	-1.30
51514	-1.32
6234	-1.39
4171	-1.47
5888	-1.51
115098	-1.82
81570	-2.18
