3670	4.15
3224	3.04
5080	2.01
7546	1.89
864	1.88
8538	1.81
3757	1.43
6591	1.39
8277	1.26
6176	1.05
6908	1.02
4999	1.01
6129	0.93
9519	0.83
10061	0.82
50943	0.76
7167	0.76
80853	0.74
8208	0.72
10153	0.71
5093	0.63
7536	0.63
10463	0.61
5094	0.60
8554	0.60
23135	0.59
905	0.58
6175	0.57
7316	0.56
4998	0.56
5981	0.54
2597	0.53
3298	0.53
4800	0.51
51602	0.50
9918	0.46
55355	0.46
4171	0.44
3320	0.44
4234	0.42
5982	0.42
7175	0.41
7756	0.39
1915	0.35
5885	0.34
6206	0.34
26986	0.33
1164	0.32
1938	0.29
58508	0.29
9774	0.29
51154	0.28
22807	0.28
9584	0.26
7005	0.25
159	0.25
10209	0.25
3326	0.24
6194	0.24
55173	0.24
6428	0.23
5685	0.23
5036	0.22
5757	0.22
4904	0.20
10383	0.20
57492	0.19
639	0.18
6234	0.18
5452	0.17
10721	0.17
3301	0.17
8607	0.17
55703	0.17
10765	0.16
11338	0.15
6232	0.14
26009	0.14
6224	0.13
4172	0.12
23649	0.12
51230	0.12
5717	0.11
1017	0.10
54443	0.10
3312	0.09
25836	0.09
3015	0.08
81570	0.07
5927	0.07
79142	0.07
7311	0.05
29781	0.04
1654	0.04
4605	0.03
5469	0.03
4736	0.03
3190	0.03
3150	-0.00
51742	-0.01
2197	-0.02
5693	-0.02
6651	-0.03
1387	-0.03
960	-0.03
6427	-0.04
3181	-0.04
54623	-0.06
5315	-0.07
6136	-0.08
2305	-0.08
9168	-0.10
672	-0.11
10198	-0.11
3309	-0.12
23204	-0.12
5888	-0.16
23028	-0.16
23451	-0.18
972	-0.18
738	-0.19
51514	-0.19
58517	-0.21
51121	-0.23
54799	-0.24
6284	-0.25
65980	-0.27
4176	-0.29
6122	-0.30
2023	-0.30
51360	-0.30
1655	-0.32
3720	-0.33
2115	-0.34
5682	-0.35
5610	-0.36
7543	-0.36
23521	-0.37
6241	-0.38
5111	-0.41
5700	-0.42
6161	-0.44
1974	-0.44
51513	-0.46
9611	-0.47
10376	-0.49
5725	-0.50
1112	-0.52
54815	-0.52
8284	-0.53
7314	-0.56
8242	-0.57
6647	-0.62
1407	-0.65
5441	-0.67
5052	-0.67
60	-0.69
6231	-0.70
3065	-0.73
204	-0.78
3615	-0.79
10771	-0.80
55591	-0.87
10576	-0.88
5431	-0.94
9563	-0.98
8243	-1.02
7403	-1.02
1072	-1.07
115098	-1.07
23633	-1.08
10127	-1.09
5250	-1.11
51099	-1.16
4869	-1.41
50484	-1.69
