6122	16.40
4736	14.74
6194	14.21
23521	13.93
6206	13.60
6129	13.01
6175	12.89
1938	12.21
6136	11.88
6161	11.04
6224	9.70
6232	9.59
6176	9.38
26986	9.03
3615	7.68
7311	7.44
1974	7.26
6234	7.21
2197	6.61
5250	6.24
10209	5.44
738	5.27
6428	4.92
5757	4.78
5094	4.74
4869	4.74
3326	4.73
4904	4.27
3312	3.62
10576	3.41
6231	3.38
3190	3.32
7316	3.06
2597	2.52
6427	2.43
2023	2.41
1655	2.23
51602	2.22
26009	2.13
3065	2.04
960	2.01
9774	2.00
9168	1.98
51230	1.95
3150	1.90
159	1.87
204	1.79
9519	1.61
9584	1.58
5431	1.57
10127	1.53
10153	1.53
7314	1.50
7536	1.47
5725	1.46
5682	1.43
5052	1.42
5093	1.39
6647	1.37
3015	1.34
7756	1.32
23028	1.30
23451	1.27
3309	1.23
7167	1.19
3320	1.19
4176	1.12
3301	1.03
55173	1.03
54799	0.97
5981	0.96
10376	0.96
1654	0.88
10463	0.88
4800	0.79
5693	0.77
60	0.69
55591	0.67
3298	0.66
6284	0.62
1112	0.61
10765	0.60
5036	0.60
57492	0.59
4172	0.57
58517	0.56
51121	0.53
9918	0.44
3670	0.42
3181	0.39
905	0.38
1750	0.35
9563	0.34
864	0.32
972	0.30
10771	0.29
7546	0.28
5927	0.26
6591	0.25
5685	0.23
23204	0.19
1164	0.18
8538	0.13
5885	0.12
1407	0.10
55355	0.07
5315	0.04
51154	0.04
11338	0.02
10061	-0.04
6651	-0.04
50484	-0.06
1072	-0.10
55703	-0.11
6241	-0.14
80853	-0.14
3720	-0.16
8277	-0.19
5111	-0.19
8554	-0.19
4998	-0.20
7543	-0.20
3757	-0.20
8242	-0.22
51742	-0.27
8284	-0.28
79142	-0.29
4999	-0.30
8607	-0.32
2115	-0.33
23135	-0.33
6908	-0.33
51513	-0.37
5452	-0.38
639	-0.42
29781	-0.43
4234	-0.45
5469	-0.45
7175	-0.46
7403	-0.50
22807	-0.55
5700	-0.57
4171	-0.58
23633	-0.58
1017	-0.61
51514	-0.64
54443	-0.69
2305	-0.72
4605	-0.79
50943	-0.81
81570	-0.84
7005	-0.87
3224	-0.88
5080	-0.97
25836	-1.05
54623	-1.08
51360	-1.12
65980	-1.12
5888	-1.12
1387	-1.20
54815	-1.23
58508	-1.23
10721	-1.33
5441	-1.34
51099	-1.41
5982	-1.42
8243	-1.47
10198	-1.59
5610	-1.62
9611	-1.72
8208	-1.74
23649	-1.80
115098	-1.83
10383	-1.84
672	-2.14
5717	-2.21
