6122	15.45
23521	13.50
6175	12.46
1915	12.21
4736	12.05
6136	11.16
26986	10.62
6194	10.62
3615	10.34
738	9.84
6129	9.42
6176	8.91
6224	8.71
6206	8.51
6234	8.22
7311	8.07
6161	7.59
6232	7.47
5094	6.35
5250	5.91
2197	5.53
4904	4.78
10209	4.68
5725	4.61
3326	4.44
2597	4.26
1974	3.52
4869	3.39
5036	2.94
6231	2.76
1112	2.69
7316	2.62
9918	2.61
3312	2.57
54815	2.44
5093	2.43
960	2.38
23028	2.36
115098	2.25
3190	2.24
5757	2.19
2023	2.18
11338	2.04
4176	2.00
60	1.92
10127	1.83
51230	1.79
81570	1.77
10576	1.71
23633	1.70
57492	1.61
26009	1.38
9563	1.35
4171	1.31
8242	1.31
9774	1.29
4605	1.28
10765	1.28
7314	1.27
3065	1.22
23135	1.19
10463	1.17
5981	1.08
5431	1.07
9584	1.06
54799	1.05
5315	1.05
7536	1.03
10061	0.99
3720	0.97
23451	0.94
3309	0.86
80853	0.83
4998	0.80
7175	0.75
6591	0.72
7756	0.70
5693	0.65
29781	0.63
7167	0.61
51602	0.59
972	0.57
4172	0.50
3757	0.50
864	0.46
2305	0.40
1387	0.39
5682	0.39
8538	0.38
1750	0.29
1654	0.27
5927	0.27
10153	0.27
6241	0.23
9168	0.23
5885	0.21
50484	0.18
25836	0.18
54623	0.17
5469	0.17
7546	0.15
6647	0.14
65980	0.14
204	0.05
79142	0.03
3298	0.03
6651	0.00
639	-0.02
58508	-0.02
8284	-0.04
3670	-0.04
8607	-0.06
55355	-0.08
10198	-0.08
4800	-0.10
1655	-0.12
55591	-0.12
3320	-0.17
55173	-0.19
8208	-0.22
6428	-0.23
55703	-0.23
8554	-0.23
51514	-0.24
4999	-0.26
10771	-0.30
10383	-0.36
51742	-0.36
7403	-0.37
22807	-0.45
50943	-0.45
8243	-0.46
5441	-0.46
8277	-0.48
3224	-0.51
51154	-0.53
10376	-0.57
5452	-0.59
9611	-0.60
1164	-0.62
7005	-0.63
3181	-0.63
1072	-0.64
3150	-0.65
54443	-0.66
159	-0.66
3015	-0.74
4234	-0.74
5052	-0.74
9519	-0.79
6427	-0.81
51513	-0.83
6284	-0.84
905	-0.88
2115	-0.89
10721	-0.94
5700	-0.97
7543	-1.02
58517	-1.10
1017	-1.12
23204	-1.13
51121	-1.15
5080	-1.16
5888	-1.17
5982	-1.23
51099	-1.28
6908	-1.29
5685	-1.32
672	-1.34
51360	-1.40
5717	-1.48
1407	-1.53
3301	-1.60
23649	-1.64
5610	-1.64
5111	-1.66
