1915	7.26
6161	5.25
3326	5.00
9584	4.09
6206	3.91
3312	3.89
4736	3.76
1938	3.52
6136	3.47
6194	3.38
3615	3.37
10209	3.36
6129	3.28
6122	3.24
6428	3.11
5250	3.08
3320	3.06
3301	3.05
10153	2.93
1655	2.91
23521	2.74
6647	2.73
26986	2.73
6232	2.66
6176	2.52
7316	2.45
2197	2.40
9519	2.39
6427	2.37
10576	2.35
6224	2.29
905	2.27
4869	2.17
51230	2.15
23451	2.13
1164	2.12
159	2.08
6234	2.02
3190	2.01
6175	1.99
55591	1.98
3181	1.92
5885	1.88
51602	1.86
3309	1.63
7314	1.54
5431	1.51
3298	1.51
738	1.49
58517	1.47
7311	1.46
8554	1.31
23204	1.29
5093	1.27
5094	1.20
5757	1.18
4800	1.15
10765	1.10
1654	1.08
10127	1.08
9774	1.04
55173	1.03
7543	0.99
26009	0.98
5981	0.97
3150	0.94
23028	0.89
80853	0.86
5682	0.83
5052	0.81
7756	0.80
1407	0.79
54799	0.79
204	0.77
6231	0.76
23633	0.71
3015	0.69
6651	0.66
5693	0.65
3065	0.64
7403	0.56
7536	0.53
6591	0.48
51742	0.44
5111	0.44
5927	0.41
7167	0.40
50484	0.39
22807	0.39
54443	0.38
8607	0.37
65980	0.33
972	0.28
10721	0.24
4904	0.24
8284	0.22
8242	0.20
55355	0.19
1112	0.18
3757	0.10
960	0.08
7546	0.07
2597	0.07
2115	0.03
51513	-0.00
10463	-0.06
10198	-0.11
4176	-0.14
3670	-0.14
51099	-0.15
10376	-0.15
25836	-0.16
5610	-0.18
4999	-0.20
2023	-0.22
5700	-0.22
639	-0.26
9168	-0.33
5685	-0.33
9918	-0.33
6284	-0.34
5080	-0.35
11338	-0.35
6241	-0.36
4172	-0.37
55703	-0.38
51514	-0.39
23135	-0.39
4171	-0.40
6908	-0.41
5452	-0.42
51360	-0.42
5036	-0.43
1750	-0.44
8277	-0.44
54623	-0.48
5469	-0.57
1017	-0.59
1072	-0.59
3720	-0.62
81570	-0.62
51121	-0.66
864	-0.69
7005	-0.70
5315	-0.72
7175	-0.75
57492	-0.78
79142	-0.80
58508	-0.92
5725	-0.94
60	-0.95
10771	-0.96
4998	-0.97
29781	-1.03
3224	-1.07
10383	-1.09
8538	-1.12
5888	-1.12
10061	-1.13
8208	-1.13
9611	-1.17
5717	-1.25
50943	-1.25
115098	-1.28
8243	-1.31
2305	-1.38
672	-1.47
54815	-1.49
51154	-1.50
5441	-1.57
9563	-1.60
1387	-1.76
4234	-1.78
4605	-1.93
5982	-2.27
23649	-2.47
