2597	15.47
5315	14.53
7167	14.12
204	7.70
10376	6.75
3190	5.41
60	5.24
51154	5.05
1072	5.05
3326	4.78
5052	4.69
5725	4.17
3615	4.16
3065	4.11
5036	3.87
5682	3.72
10383	3.65
7316	3.58
4172	3.55
10576	3.41
4904	3.36
5982	3.35
23028	3.34
5717	3.24
5700	3.13
6122	3.06
5693	3.02
8607	2.94
5250	2.93
6175	2.78
7756	2.77
9168	2.76
4176	2.76
5757	2.71
3312	2.66
3309	2.63
6428	2.52
3015	2.43
1915	2.41
3181	2.38
9918	2.37
81570	2.31
11338	2.27
23633	2.27
3320	2.26
1938	2.18
9774	2.17
6427	2.17
5093	2.09
10061	2.07
8243	2.02
4998	1.84
5685	1.82
5431	1.81
960	1.80
51602	1.77
7311	1.77
4869	1.72
23204	1.65
1654	1.64
4171	1.62
26009	1.62
9563	1.58
5441	1.57
4736	1.57
1017	1.54
26986	1.51
6194	1.49
2197	1.43
8242	1.41
159	1.38
972	1.37
5885	1.37
6241	1.33
23451	1.24
10765	1.24
6136	1.20
5094	1.17
23521	1.17
51230	1.04
6647	1.03
6129	1.02
7314	0.99
5111	0.98
29781	0.96
54443	0.91
79142	0.89
8208	0.88
738	0.84
115098	0.83
9584	0.80
54623	0.80
23649	0.78
4234	0.78
864	0.77
6176	0.75
7175	0.66
6161	0.66
55355	0.65
8538	0.55
10209	0.53
1164	0.50
58517	0.49
6231	0.47
3150	0.46
9611	0.44
6284	0.40
10127	0.39
6206	0.36
51514	0.35
6224	0.35
6234	0.29
55173	0.25
5080	0.23
5927	0.22
3720	0.21
1655	0.19
5888	0.17
6651	0.15
2115	0.12
7546	0.11
7536	0.09
4605	0.09
10153	0.05
7543	0.05
8277	0.04
1112	-0.03
10198	-0.05
54815	-0.07
22807	-0.13
55703	-0.14
5469	-0.15
3301	-0.17
1407	-0.17
51513	-0.20
1974	-0.22
8554	-0.22
55591	-0.26
51121	-0.26
54799	-0.28
50943	-0.28
3670	-0.29
1750	-0.30
5610	-0.30
65980	-0.31
4800	-0.32
10463	-0.32
8284	-0.33
6908	-0.33
51360	-0.35
10721	-0.45
25836	-0.51
5981	-0.51
6591	-0.54
80853	-0.57
3224	-0.57
7403	-0.60
672	-0.65
6232	-0.71
639	-0.79
51742	-0.81
4999	-0.83
57492	-0.91
51099	-0.98
50484	-0.98
58508	-1.02
3298	-1.03
5452	-1.03
905	-1.03
2305	-1.03
10771	-1.05
23135	-1.14
7005	-1.32
3757	-1.35
1387	-1.59
9519	-1.75
