2023	7.70
7167	6.00
3065	5.51
4904	4.05
51154	3.88
5036	3.63
2597	3.43
5315	3.19
5757	3.15
8607	3.11
3615	2.77
1017	2.69
4172	2.66
5982	2.46
5052	2.41
51602	2.24
81570	2.24
23649	2.18
3181	2.14
3150	2.10
5725	2.03
5717	2.00
23633	1.99
23028	1.98
6194	1.95
55173	1.88
8243	1.81
1915	1.79
7756	1.78
3309	1.78
6427	1.78
5685	1.73
6428	1.68
51121	1.67
6231	1.66
3326	1.65
3190	1.65
4998	1.65
6908	1.59
4176	1.50
5682	1.47
6647	1.44
6161	1.43
3312	1.42
26986	1.31
1072	1.25
6136	1.21
6122	1.20
26009	1.16
5700	1.16
8538	1.09
58517	1.08
10576	1.05
4736	1.04
5111	0.98
10061	0.96
10376	0.96
9918	0.94
115098	0.92
4234	0.91
10463	0.86
864	0.85
6129	0.79
4171	0.79
11338	0.79
5693	0.78
1974	0.77
3670	0.74
6175	0.74
65980	0.72
7536	0.70
6224	0.68
9563	0.63
7314	0.62
3015	0.61
972	0.61
4999	0.59
55703	0.55
5250	0.54
4869	0.51
10127	0.51
5981	0.50
51513	0.49
10153	0.49
5610	0.43
3320	0.39
2197	0.38
51360	0.37
5080	0.37
5888	0.32
159	0.32
9611	0.31
1164	0.30
8277	0.27
6241	0.26
22807	0.22
54623	0.22
23521	0.19
5441	0.18
6206	0.16
8208	0.14
51514	0.10
10198	0.08
50943	0.08
9168	0.07
58508	0.07
672	0.06
1938	0.05
54815	0.05
5431	0.04
7316	0.03
3301	0.03
960	-0.01
6176	-0.01
9584	-0.02
3224	-0.04
51099	-0.06
3720	-0.06
55355	-0.09
10383	-0.09
8242	-0.11
5093	-0.13
5452	-0.15
60	-0.16
23451	-0.17
9774	-0.17
23135	-0.17
80853	-0.21
6232	-0.23
6651	-0.23
79142	-0.27
8284	-0.30
7311	-0.30
6591	-0.31
7175	-0.33
6284	-0.36
1112	-0.37
5469	-0.42
5885	-0.42
10721	-0.44
6234	-0.46
905	-0.49
4800	-0.51
29781	-0.61
57492	-0.67
2115	-0.69
5927	-0.69
639	-0.69
8554	-0.70
2305	-0.71
54443	-0.75
3757	-0.78
4605	-0.78
7005	-0.78
1750	-0.78
51230	-0.84
7543	-0.86
10209	-0.88
7546	-0.89
55591	-0.89
1655	-0.92
1407	-0.93
5094	-0.96
54799	-1.00
10771	-1.09
10765	-1.13
1654	-1.17
23204	-1.24
7403	-1.26
3298	-1.41
50484	-1.47
738	-1.73
51742	-1.88
1387	-1.92
25836	-1.95
9519	-2.26
