55355	1.28
51514	1.18
50484	0.95
10153	0.93
5080	0.92
5111	0.92
5885	0.91
4172	0.85
4998	0.85
5093	0.83
639	0.81
9918	0.80
3181	0.77
5981	0.76
7546	0.73
4176	0.72
2597	0.72
10376	0.69
3670	0.68
9563	0.66
159	0.65
5315	0.64
6231	0.62
5982	0.60
1407	0.60
9519	0.58
7314	0.57
10198	0.56
3312	0.56
51742	0.55
51360	0.55
8607	0.54
5431	0.52
4904	0.51
3298	0.48
672	0.46
3320	0.45
10765	0.44
5441	0.42
2305	0.42
6241	0.41
1164	0.41
3326	0.40
6284	0.34
54443	0.33
6428	0.30
3720	0.29
3015	0.28
54815	0.28
54623	0.26
4800	0.25
26009	0.25
4869	0.25
23204	0.24
1112	0.23
6591	0.22
10463	0.19
7175	0.18
905	0.17
6908	0.17
960	0.16
3190	0.16
2023	0.12
11338	0.10
4171	0.07
1655	0.07
8554	0.07
79142	0.06
5610	0.05
9774	0.04
1974	0.03
5469	0.03
115098	-0.00
7536	-0.00
50943	-0.01
54799	-0.01
10721	-0.02
5452	-0.04
23451	-0.04
8284	-0.05
972	-0.06
6651	-0.07
9611	-0.08
55173	-0.15
3301	-0.15
10576	-0.15
4999	-0.18
22807	-0.19
57492	-0.20
51602	-0.24
58517	-0.25
1017	-0.25
3065	-0.26
5927	-0.27
29781	-0.27
1387	-0.28
7316	-0.28
8208	-0.29
10061	-0.30
5717	-0.30
5036	-0.32
8243	-0.32
1915	-0.33
5888	-0.33
1072	-0.34
6647	-0.34
1750	-0.34
51230	-0.37
23028	-0.37
5682	-0.38
23633	-0.38
3224	-0.39
7403	-0.39
65980	-0.39
60	-0.39
3757	-0.39
80853	-0.40
5725	-0.41
3309	-0.42
55591	-0.42
5757	-0.43
7311	-0.43
7167	-0.44
7756	-0.44
8242	-0.49
51513	-0.49
10771	-0.49
864	-0.50
55703	-0.51
7005	-0.52
6206	-0.52
51154	-0.55
25836	-0.55
5094	-0.57
23521	-0.57
5700	-0.58
58508	-0.59
23649	-0.60
9584	-0.61
5052	-0.66
204	-0.69
4234	-0.75
23135	-0.75
10127	-0.76
738	-0.78
6234	-0.78
5693	-0.79
6122	-0.79
8538	-0.80
3150	-0.83
5685	-0.83
1654	-0.83
51121	-0.83
6232	-0.84
6427	-0.87
1938	-0.89
6224	-0.89
4736	-0.91
6161	-0.92
8277	-0.93
9168	-0.95
5250	-1.00
10383	-1.02
6136	-1.04
10209	-1.05
7543	-1.09
81570	-1.10
3615	-1.11
4605	-1.11
6129	-1.13
2197	-1.14
51099	-1.14
6176	-1.14
26986	-1.15
6175	-1.29
6194	-1.42
