7311	13.94
6176	12.69
6234	12.30
6232	12.00
6136	10.99
23521	10.55
4736	10.52
6224	10.47
6206	10.45
6161	10.33
6194	9.52
6231	9.47
6175	9.38
6122	7.87
6129	6.97
1915	6.61
738	6.00
1938	5.53
5441	5.02
3615	4.40
9168	3.88
10209	3.78
5757	3.71
4904	3.60
4869	3.58
26986	3.48
6647	3.45
51121	3.23
5094	2.89
5693	2.86
7314	2.81
2597	2.70
9584	2.58
5250	2.57
1974	2.40
5036	2.39
1072	2.35
7536	2.31
10576	2.27
3015	2.17
6284	2.07
3326	2.07
1654	1.99
115098	1.98
10153	1.87
6651	1.75
7167	1.73
6427	1.72
5093	1.66
9774	1.65
6428	1.62
960	1.62
3150	1.56
7316	1.51
2023	1.43
29781	1.43
23451	1.33
3312	1.31
51602	1.29
1164	1.28
3301	1.26
81570	1.25
7756	1.20
11338	1.16
51154	1.15
10376	1.13
3190	1.09
5725	1.08
4800	1.03
23649	0.98
1387	0.92
5685	0.91
3320	0.90
10061	0.90
10127	0.87
57492	0.84
5052	0.79
9519	0.73
5927	0.73
5431	0.71
6908	0.67
58508	0.60
3065	0.57
8538	0.48
1655	0.46
55173	0.44
54815	0.42
972	0.42
60	0.41
6591	0.40
204	0.38
23204	0.33
5682	0.32
58517	0.29
8242	0.25
80853	0.24
51513	0.20
4605	0.19
4176	0.18
3224	0.17
639	0.14
905	0.11
25836	0.08
5452	0.07
51230	0.05
23135	0.03
4998	0.03
7543	0.01
54799	-0.01
54623	-0.01
1750	-0.02
8554	-0.03
3309	-0.04
5982	-0.04
51742	-0.08
5885	-0.08
7546	-0.10
3670	-0.11
5700	-0.11
50484	-0.12
23633	-0.12
8277	-0.16
4999	-0.16
1112	-0.17
1407	-0.18
26009	-0.19
22807	-0.20
864	-0.22
3298	-0.23
5315	-0.24
5469	-0.27
23028	-0.32
10383	-0.32
7403	-0.33
4171	-0.38
55591	-0.41
3720	-0.44
3757	-0.47
7175	-0.51
4234	-0.56
8243	-0.57
10721	-0.58
5080	-0.60
10765	-0.60
10771	-0.61
1017	-0.66
5111	-0.67
5717	-0.67
7005	-0.67
79142	-0.71
8284	-0.74
5981	-0.82
51099	-0.84
51514	-0.87
54443	-0.89
159	-0.90
50943	-0.91
9611	-0.96
65980	-1.02
10463	-1.03
5610	-1.03
8208	-1.08
51360	-1.11
2115	-1.14
55355	-1.14
6241	-1.20
4172	-1.26
9918	-1.30
55703	-1.36
672	-1.41
8607	-1.44
2305	-1.45
9563	-1.46
3181	-1.59
5888	-1.85
10198	-1.87
