7005	1.93
8554	1.80
57492	1.62
639	1.49
25836	1.44
10765	1.40
1112	1.37
58508	1.33
905	1.32
50943	1.20
3720	1.06
3065	0.91
5757	0.91
55591	0.91
972	0.89
1017	0.87
9563	0.87
864	0.81
11338	0.80
23633	0.78
5441	0.78
4171	0.67
51230	0.67
7543	0.67
54799	0.63
23521	0.63
5927	0.59
26009	0.57
3150	0.57
5885	0.53
5080	0.50
54443	0.48
7756	0.46
4172	0.45
8538	0.41
7175	0.40
7403	0.39
1974	0.39
23649	0.38
672	0.35
738	0.33
6428	0.30
23135	0.29
1750	0.28
6651	0.28
3312	0.27
9584	0.27
4736	0.26
8284	0.25
51360	0.24
204	0.22
6175	0.21
5452	0.17
51514	0.16
5036	0.16
4800	0.14
6241	0.13
80853	0.11
115098	0.11
3670	0.09
3615	0.08
8277	0.07
3298	0.06
10721	0.06
51513	0.04
10061	0.04
10771	0.04
51742	0.01
29781	0.01
55703	-0.00
6176	-0.01
9611	-0.02
23451	-0.03
51099	-0.04
58517	-0.04
55355	-0.04
5981	-0.05
26986	-0.06
9918	-0.07
50484	-0.09
159	-0.11
9774	-0.12
5469	-0.13
2023	-0.13
6122	-0.14
60	-0.15
5052	-0.16
3181	-0.17
2115	-0.19
8607	-0.20
2197	-0.20
5888	-0.21
6232	-0.22
3320	-0.22
2597	-0.23
7316	-0.24
65980	-0.24
6206	-0.25
8208	-0.26
9168	-0.27
1164	-0.28
5315	-0.29
6284	-0.29
6194	-0.29
5093	-0.30
6231	-0.31
4176	-0.31
6136	-0.34
4904	-0.34
5982	-0.34
54815	-0.36
6161	-0.37
5111	-0.37
1072	-0.37
23028	-0.38
6234	-0.39
1654	-0.40
5610	-0.41
960	-0.42
5725	-0.42
8243	-0.43
1938	-0.45
10376	-0.45
4999	-0.45
3757	-0.46
7314	-0.47
6427	-0.51
7311	-0.51
3224	-0.51
8242	-0.51
6129	-0.54
6224	-0.54
54623	-0.55
1915	-0.55
4605	-0.59
5682	-0.61
5693	-0.62
10383	-0.66
10463	-0.66
1655	-0.67
1387	-0.67
1407	-0.68
10198	-0.70
4998	-0.71
3190	-0.74
81570	-0.75
51154	-0.78
2305	-0.79
6908	-0.80
7167	-0.80
3326	-0.81
7546	-0.82
23204	-0.83
6647	-0.86
51602	-0.88
4234	-0.89
55173	-0.91
5431	-0.99
7536	-0.99
10153	-1.00
79142	-1.05
10576	-1.06
9519	-1.12
6591	-1.14
10127	-1.14
5094	-1.19
3301	-1.19
5685	-1.21
4869	-1.23
3309	-1.24
5250	-1.26
5717	-1.28
51121	-1.36
3015	-1.50
5700	-1.71
10209	-2.44
