3065	5.49
10576	4.59
5431	4.40
4904	4.25
3326	4.15
10765	4.14
23633	4.00
8607	3.97
51154	3.96
9918	3.73
3615	3.54
3298	3.35
2023	3.34
5036	3.20
4999	3.07
5757	2.73
3190	2.67
5885	2.64
4176	2.63
5094	2.55
5717	2.53
3720	2.51
23649	2.47
4172	2.44
5250	2.42
1938	2.36
7175	2.33
6908	2.30
51230	2.27
3181	2.25
738	2.25
26986	2.24
3150	2.16
5700	2.15
5052	2.08
57492	2.07
8243	2.04
11338	2.01
54799	1.99
204	1.98
4736	1.93
65980	1.89
23451	1.86
54623	1.81
5315	1.78
6428	1.76
6122	1.69
1017	1.68
10376	1.63
8208	1.62
6427	1.61
4869	1.58
6194	1.57
5469	1.57
5685	1.56
7536	1.55
9774	1.55
81570	1.53
5682	1.45
159	1.43
5725	1.43
5981	1.43
4800	1.42
10198	1.40
4998	1.38
5927	1.35
10061	1.34
3320	1.30
1915	1.30
9168	1.27
4171	1.23
1407	1.22
6129	1.22
6136	1.16
58517	1.13
51602	1.13
55703	1.08
5111	1.07
6206	1.02
23521	1.02
54815	1.02
7311	0.98
7167	0.97
3301	0.95
80853	0.93
7756	0.93
6224	0.89
1974	0.89
9519	0.85
9563	0.84
1112	0.83
25836	0.83
10153	0.81
8242	0.81
5610	0.74
6651	0.73
5093	0.73
3757	0.71
1655	0.69
2597	0.69
5982	0.68
6232	0.66
6175	0.64
3312	0.62
3015	0.62
8554	0.60
6647	0.59
115098	0.54
10463	0.50
6161	0.49
1654	0.47
7314	0.43
55591	0.42
3670	0.41
5693	0.40
9611	0.39
79142	0.37
972	0.23
3309	0.17
10383	0.16
10127	0.13
26009	0.13
10771	0.12
6231	0.08
5452	0.06
60	0.04
672	0.04
1164	-0.03
5888	-0.07
55173	-0.07
1072	-0.10
23135	-0.10
6591	-0.11
639	-0.15
1750	-0.16
8538	-0.17
5080	-0.17
3224	-0.21
8284	-0.21
4605	-0.21
29781	-0.22
960	-0.25
51742	-0.28
6234	-0.28
23204	-0.30
2197	-0.32
7005	-0.34
7316	-0.35
6241	-0.36
2115	-0.37
864	-0.38
22807	-0.38
54443	-0.39
51514	-0.41
1387	-0.44
6176	-0.50
51121	-0.52
7543	-0.56
8277	-0.57
2305	-0.58
10721	-0.63
7546	-0.68
4234	-0.75
9584	-0.88
51513	-0.90
58508	-0.92
905	-1.03
7403	-1.13
6284	-1.20
50943	-1.20
51360	-1.22
5441	-1.33
55355	-1.41
10209	-1.46
50484	-1.63
51099	-2.24
