4605	11.61
55355	10.11
6241	9.93
54443	8.44
9918	8.01
10721	6.51
5888	6.06
4998	6.01
51514	5.93
4171	4.56
8208	3.58
672	3.44
23649	2.86
1164	2.83
5094	2.78
4176	2.74
1017	2.66
10198	2.43
5885	2.26
23204	2.14
2597	1.92
1387	1.92
10376	1.80
26986	1.79
4904	1.76
7536	1.67
3015	1.58
81570	1.55
5111	1.51
1072	1.47
5927	1.46
5982	1.40
3181	1.38
6231	1.28
54815	1.22
8243	1.13
3757	1.10
10127	1.02
54623	1.01
5036	0.99
5080	0.93
10383	0.92
29781	0.91
5725	0.89
738	0.89
7005	0.87
6175	0.84
5610	0.78
6232	0.76
10209	0.71
4172	0.70
3224	0.64
55703	0.62
6224	0.62
10771	0.58
5093	0.58
57492	0.58
3150	0.57
5682	0.55
5315	0.53
6136	0.53
5717	0.51
1112	0.51
10463	0.49
4234	0.49
26009	0.49
5250	0.46
25836	0.43
2115	0.42
8242	0.41
60	0.41
7167	0.40
51360	0.40
1938	0.40
7543	0.39
6176	0.38
5469	0.35
7546	0.31
115098	0.24
50943	0.24
6206	0.22
960	0.15
5700	0.13
11338	0.13
65980	0.11
8607	0.07
639	0.07
9611	0.05
6194	0.02
6647	0.01
8538	-0.00
9563	-0.01
9168	-0.02
10061	-0.02
51121	-0.03
23135	-0.07
6129	-0.08
1750	-0.08
5981	-0.10
8284	-0.11
5441	-0.11
3065	-0.11
4736	-0.15
864	-0.19
3301	-0.23
3312	-0.23
6161	-0.23
23521	-0.24
23633	-0.26
5052	-0.28
1407	-0.29
4869	-0.33
79142	-0.33
5685	-0.36
5693	-0.37
6234	-0.38
6427	-0.38
7403	-0.39
6908	-0.39
6591	-0.40
55591	-0.42
51099	-0.44
7311	-0.45
6122	-0.46
6284	-0.47
51513	-0.48
3320	-0.49
58508	-0.51
3670	-0.53
7756	-0.56
23028	-0.58
7314	-0.58
4999	-0.59
23451	-0.60
5452	-0.60
3615	-0.67
204	-0.71
8277	-0.71
1915	-0.72
3298	-0.72
5757	-0.74
8554	-0.77
22807	-0.79
3309	-0.79
50484	-0.80
7316	-0.82
6651	-0.82
9584	-0.86
3190	-0.87
54799	-0.91
4800	-0.91
9774	-0.93
51154	-0.99
1654	-0.99
5431	-0.99
2023	-1.03
6428	-1.05
972	-1.06
55173	-1.10
80853	-1.14
9519	-1.15
10576	-1.16
3326	-1.22
7175	-1.26
3720	-1.30
1655	-1.30
58517	-1.35
1974	-1.38
2197	-1.45
10765	-1.73
905	-1.75
51230	-1.78
51742	-1.79
159	-1.84
51602	-2.12
10153	-2.19
