1387	5.32
80853	4.35
7536	4.09
58508	4.06
10765	3.86
8242	3.55
10209	3.54
5093	3.07
25836	2.95
4800	2.91
54815	2.69
79142	2.61
5094	2.61
3720	2.59
7005	2.53
51742	2.49
639	2.43
57492	2.40
5469	2.34
9563	2.10
9611	2.04
5452	1.89
7403	1.80
54623	1.64
905	1.53
3301	1.49
115098	1.43
6651	1.40
11338	1.39
9584	1.35
1164	1.25
54799	1.24
864	1.21
1938	1.19
50943	1.17
5725	1.16
26986	1.12
3309	1.06
1654	1.05
1407	0.94
3757	0.93
5927	0.92
1655	0.80
51602	0.79
7314	0.75
6908	0.74
81570	0.73
51230	0.71
4234	0.71
8554	0.63
8277	0.61
6234	0.60
1750	0.59
1112	0.55
3224	0.53
3190	0.49
3670	0.45
7316	0.45
960	0.43
7543	0.41
8284	0.41
55591	0.36
51360	0.34
22807	0.29
6591	0.28
3181	0.27
8243	0.25
5757	0.23
8538	0.20
6161	0.20
60	0.18
10127	0.17
672	0.17
51121	0.17
4904	0.10
4736	0.08
10576	0.08
10383	0.07
6428	0.04
5717	0.03
2197	0.03
23451	0.01
6232	-0.01
9519	-0.02
7546	-0.03
972	-0.05
2305	-0.07
7175	-0.07
58517	-0.08
5315	-0.10
23028	-0.10
23521	-0.12
3326	-0.14
51099	-0.17
204	-0.17
9774	-0.19
3298	-0.20
23633	-0.22
6122	-0.23
4999	-0.24
65980	-0.24
7167	-0.24
6427	-0.24
3150	-0.26
50484	-0.29
5080	-0.30
1915	-0.33
1017	-0.34
6176	-0.38
1974	-0.39
6224	-0.40
51513	-0.45
8607	-0.46
5885	-0.48
4605	-0.49
3320	-0.50
6206	-0.50
51154	-0.50
6194	-0.51
738	-0.51
5036	-0.55
6241	-0.57
10061	-0.58
5888	-0.60
3615	-0.63
1072	-0.64
5610	-0.64
6129	-0.67
5693	-0.69
4176	-0.71
4869	-0.71
3015	-0.73
6136	-0.74
2115	-0.75
6231	-0.76
10153	-0.78
7311	-0.81
10376	-0.85
10463	-0.89
10771	-0.91
5685	-0.93
6175	-0.93
5682	-0.93
2597	-0.97
51514	-0.99
9168	-1.03
7756	-1.12
2023	-1.14
9918	-1.15
3065	-1.17
4171	-1.21
6284	-1.21
5431	-1.24
29781	-1.25
26009	-1.29
55703	-1.35
5250	-1.37
5982	-1.37
23204	-1.39
3312	-1.46
5981	-1.47
5700	-1.47
10198	-1.58
55355	-1.67
23649	-1.71
55173	-1.79
5052	-1.79
5441	-1.80
159	-1.83
10721	-2.00
54443	-2.04
8208	-2.05
4998	-2.14
6647	-2.14
5111	-2.23
4172	-2.79
