1164	5.98
5885	5.19
3015	4.98
7314	4.71
10383	4.57
3190	4.43
54443	4.10
55355	3.63
3320	3.59
10376	3.50
7756	3.34
3150	3.17
5052	3.13
9918	3.06
6428	3.01
3301	2.92
6647	2.68
1017	2.62
6427	2.50
3312	2.47
9168	2.37
1072	2.36
10198	2.19
9519	2.15
2305	2.14
7316	2.14
55591	2.11
5431	2.10
3326	2.07
5757	2.04
10576	2.01
5094	1.92
10463	1.79
9774	1.76
3181	1.75
10127	1.66
5685	1.66
2023	1.65
8554	1.65
10209	1.65
60	1.56
4800	1.41
5700	1.40
1407	1.37
3309	1.35
1974	1.29
1655	1.26
10721	1.25
51360	1.20
5469	1.13
905	1.13
5250	1.12
5111	1.11
2597	1.10
23633	1.09
26986	1.09
7167	1.07
5682	1.06
3065	1.06
8277	1.06
5927	1.01
5717	0.98
7311	0.98
9584	0.97
5725	0.94
50484	0.92
4904	0.89
5315	0.88
5080	0.87
29781	0.81
23451	0.79
58517	0.76
51602	0.75
159	0.71
55173	0.71
1654	0.70
7543	0.69
5093	0.68
6122	0.64
1387	0.61
7546	0.59
51099	0.59
5982	0.56
8243	0.53
5036	0.53
10765	0.47
972	0.46
6129	0.46
3298	0.45
6284	0.45
6908	0.41
4605	0.37
2197	0.33
11338	0.29
4176	0.29
639	0.28
5441	0.27
2115	0.24
1915	0.19
6175	0.16
6241	0.16
6224	0.11
7536	0.11
5888	0.08
51514	0.07
4869	0.06
6231	0.05
672	0.03
6194	0.01
25836	0.01
51742	-0.03
8538	-0.08
51154	-0.11
1750	-0.12
54623	-0.15
738	-0.17
6651	-0.19
864	-0.21
4736	-0.22
6234	-0.23
23521	-0.24
79142	-0.24
1112	-0.30
23028	-0.30
80853	-0.37
7175	-0.38
960	-0.41
6136	-0.44
9611	-0.44
8208	-0.44
5693	-0.46
51230	-0.46
3757	-0.48
50943	-0.49
6591	-0.49
51121	-0.51
3720	-0.52
4999	-0.55
4172	-0.58
10771	-0.60
3224	-0.62
54799	-0.67
10153	-0.68
6176	-0.70
81570	-0.74
8242	-0.77
7403	-0.78
54815	-0.79
8284	-0.79
22807	-0.83
6161	-0.86
9563	-0.87
10061	-0.87
4171	-0.87
3670	-0.89
6206	-0.91
6232	-0.91
4998	-0.92
115098	-0.93
26009	-1.01
5610	-1.05
65980	-1.06
51513	-1.08
1938	-1.13
204	-1.24
58508	-1.25
8607	-1.26
3615	-1.27
57492	-1.30
4234	-1.34
23135	-1.39
23649	-1.41
5981	-1.42
5452	-1.57
7005	-1.85
55703	-2.27
