9584	9.45
9774	7.59
905	7.21
1654	7.00
7756	6.10
58517	5.72
7175	5.43
8554	5.43
6651	5.40
25836	5.33
1655	5.23
4999	4.90
54799	4.77
5431	4.54
51742	4.27
3190	4.17
3181	4.09
51602	3.96
7403	3.71
6427	3.47
5927	2.97
1387	2.85
26009	2.83
58508	2.73
7316	2.70
3298	2.67
10463	2.53
3065	2.39
11338	2.33
8242	2.32
5682	2.25
10153	2.22
9611	2.17
6428	2.16
5725	2.15
5885	2.14
1974	2.13
10198	2.11
4176	2.08
5757	2.00
3326	1.98
3720	1.95
4800	1.89
7536	1.86
10765	1.86
23028	1.86
7543	1.82
9168	1.80
10127	1.61
5700	1.60
6231	1.53
23633	1.45
5610	1.39
2597	1.38
10771	1.37
7314	1.36
6232	1.35
3320	1.35
2197	1.33
6129	1.33
80853	1.30
3312	1.29
1915	1.27
2023	1.24
6122	1.18
57492	1.12
6194	1.11
1112	1.07
3301	1.06
4904	1.03
65980	1.00
60	0.97
6234	0.97
10576	0.96
5685	0.95
6136	0.95
23521	0.94
1938	0.94
5093	0.91
5469	0.89
7311	0.88
26986	0.87
51230	0.85
1407	0.80
23204	0.79
50484	0.78
960	0.76
6284	0.75
6908	0.73
5052	0.70
5981	0.69
4869	0.63
5094	0.60
4736	0.60
639	0.59
1072	0.59
9918	0.58
3309	0.58
3150	0.57
6224	0.55
4171	0.53
8284	0.51
6161	0.51
55355	0.49
5693	0.48
4172	0.35
4998	0.35
5315	0.34
54623	0.32
5717	0.30
5441	0.30
54443	0.29
6175	0.26
972	0.23
864	0.22
8243	0.21
159	0.20
51121	0.19
7546	0.18
10376	0.18
3015	0.14
8607	0.13
6647	0.12
5036	0.07
55591	0.07
29781	0.06
7005	0.04
5250	0.02
1017	0.02
23135	0.01
51099	0.01
6591	-0.02
8277	-0.02
22807	-0.03
2115	-0.04
3757	-0.05
55703	-0.06
7167	-0.11
3670	-0.11
8538	-0.14
1164	-0.15
204	-0.17
1750	-0.18
738	-0.25
6176	-0.26
3615	-0.27
4234	-0.29
5452	-0.35
6241	-0.37
6206	-0.40
54815	-0.48
5080	-0.54
5982	-0.57
2305	-0.60
9519	-0.64
51154	-0.66
4605	-0.67
50943	-0.68
51513	-0.75
10209	-0.75
10383	-0.76
51514	-0.77
10721	-0.88
5111	-0.93
3224	-0.94
672	-1.01
79142	-1.03
115098	-1.04
81570	-1.09
9563	-1.13
55173	-1.14
23649	-1.26
8208	-1.41
5888	-1.45
10061	-1.53
51360	-1.99
