6122	20.56
6175	19.19
4736	18.82
6194	18.11
6136	17.36
6232	14.68
6224	14.63
1915	13.93
6206	13.58
1938	13.50
6176	13.39
6129	13.23
6234	12.50
7311	12.49
6161	10.99
2197	10.55
3615	9.79
26986	7.38
6231	6.79
738	6.48
5250	5.26
4869	4.65
5757	4.19
2597	4.13
5094	4.11
10209	4.02
4904	3.70
9168	3.61
1974	2.74
3312	2.50
5693	2.29
7314	2.22
3326	2.16
7316	2.05
5036	1.90
26009	1.82
10576	1.81
3150	1.81
3065	1.78
6284	1.63
1164	1.60
960	1.57
6428	1.52
54799	1.45
4176	1.36
5441	1.36
5052	1.34
3015	1.33
1112	1.31
9918	1.26
9584	1.21
6647	1.19
51602	1.19
2023	1.17
51230	1.10
7175	1.09
10061	1.08
51154	1.08
23028	1.02
5093	0.95
23451	0.94
9563	0.94
10153	0.93
11338	0.93
5725	0.84
10127	0.83
5927	0.81
7756	0.77
4998	0.69
5685	0.66
57492	0.64
22807	0.63
10376	0.53
51121	0.46
3190	0.44
55355	0.43
5469	0.43
5111	0.42
864	0.41
1655	0.39
4605	0.37
7167	0.36
10765	0.34
79142	0.33
5431	0.32
4172	0.28
972	0.27
4800	0.27
80853	0.22
204	0.19
25836	0.18
6591	0.17
8277	0.16
8538	0.14
9774	0.13
5682	0.12
639	0.11
60	0.11
23633	0.09
7536	0.07
8554	0.07
9611	0.07
5885	0.06
54623	0.03
6427	0.01
8242	-0.01
3298	-0.02
5452	-0.04
58508	-0.07
50484	-0.08
23135	-0.12
115098	-0.14
51514	-0.16
51742	-0.19
8607	-0.21
50943	-0.23
6241	-0.23
7546	-0.24
23204	-0.24
2305	-0.24
7403	-0.26
10771	-0.26
54443	-0.26
1387	-0.29
5315	-0.33
3670	-0.34
1072	-0.34
3309	-0.35
1750	-0.37
51513	-0.37
905	-0.38
5981	-0.40
10463	-0.40
3224	-0.42
10721	-0.43
4234	-0.45
5080	-0.46
9519	-0.47
3720	-0.50
7543	-0.51
55591	-0.51
5888	-0.54
6651	-0.56
1654	-0.57
2115	-0.57
5982	-0.58
3757	-0.58
3320	-0.59
8284	-0.61
3301	-0.61
4999	-0.62
29781	-0.63
55173	-0.69
6908	-0.69
10198	-0.76
159	-0.78
7005	-0.87
4171	-0.94
1407	-0.96
58517	-0.96
54815	-0.98
65980	-0.98
8208	-0.99
8243	-1.01
81570	-1.02
1017	-1.30
55703	-1.31
672	-1.43
51099	-1.48
3181	-1.58
10383	-1.67
5610	-1.76
5700	-1.78
23649	-1.86
51360	-1.97
5717	-2.65
