5717	5.44
6651	4.49
5431	4.10
23028	4.00
3065	3.77
10765	3.65
51230	3.64
10061	3.50
5469	3.42
4904	3.20
5927	3.17
55173	3.17
3326	3.04
54815	3.01
5052	2.97
8242	2.94
58508	2.86
5036	2.85
9611	2.76
5693	2.74
7756	2.58
3190	2.54
9918	2.37
81570	2.32
7314	2.31
2023	2.27
11338	2.26
51154	2.25
1112	2.19
1387	2.05
5093	1.99
204	1.99
3312	1.98
60	1.95
7536	1.92
5094	1.86
8554	1.85
7316	1.85
2597	1.75
5700	1.72
1938	1.70
3720	1.67
57492	1.60
25836	1.59
5725	1.56
10576	1.56
5315	1.54
6908	1.53
7403	1.49
5682	1.48
23451	1.45
9519	1.44
7311	1.41
26986	1.41
8243	1.40
3320	1.40
26009	1.36
9563	1.36
5610	1.31
7543	1.27
50484	1.26
51099	1.25
5250	1.24
4998	1.20
10383	1.11
23204	1.09
115098	1.08
9774	1.04
65980	0.99
7005	0.95
79142	0.91
864	0.83
8284	0.83
10376	0.81
1654	0.81
58517	0.81
5981	0.78
22807	0.78
54623	0.76
3309	0.75
6647	0.74
1407	0.73
7175	0.72
1974	0.71
5885	0.69
960	0.64
7167	0.63
1072	0.56
5441	0.56
4800	0.55
1655	0.52
1164	0.49
3298	0.49
3301	0.47
4999	0.46
8607	0.39
55703	0.39
639	0.35
6175	0.33
3015	0.31
1017	0.30
4176	0.30
80853	0.28
905	0.26
6231	0.25
55355	0.25
6427	0.18
51742	0.17
10127	0.17
3615	0.12
23521	0.09
4172	0.07
54443	0.04
51121	0.00
5685	0.00
5452	-0.02
10198	-0.02
10209	-0.03
672	-0.10
2197	-0.12
55591	-0.16
6241	-0.19
10721	-0.20
51514	-0.21
23135	-0.22
2305	-0.26
3224	-0.27
7546	-0.27
6232	-0.29
10153	-0.32
6161	-0.38
2115	-0.38
8538	-0.40
4171	-0.41
8208	-0.41
972	-0.43
51513	-0.49
51360	-0.50
6136	-0.53
6284	-0.53
1915	-0.58
6129	-0.59
9584	-0.59
6176	-0.59
23649	-0.60
50943	-0.61
51602	-0.62
738	-0.63
4869	-0.68
159	-0.69
3757	-0.69
6206	-0.73
3181	-0.76
29781	-0.78
5080	-0.79
6122	-0.80
4736	-0.81
9168	-0.85
6591	-0.86
4234	-0.88
5757	-0.88
6234	-0.88
54799	-0.92
6224	-0.94
5982	-0.95
8277	-0.97
3670	-1.03
10463	-1.07
1750	-1.08
4605	-1.10
6428	-1.15
3150	-1.19
5111	-1.24
10771	-1.37
6194	-1.38
5888	-1.66
