5982	8.52
4171	8.21
8208	8.15
4172	7.71
4176	6.90
1017	6.80
4998	6.32
5111	6.28
672	5.89
5888	5.81
51514	5.46
29781	5.42
8243	5.02
9918	4.00
81570	3.55
6241	3.39
10721	3.36
10376	3.15
4605	3.03
2305	2.86
1072	2.49
23028	2.47
4999	2.47
5725	2.45
54623	2.36
8607	2.24
204	2.18
5717	2.16
6908	2.12
4234	1.94
5036	1.85
5685	1.84
3065	1.76
5700	1.75
5682	1.71
6427	1.70
3015	1.66
3181	1.59
7536	1.59
5315	1.57
5885	1.55
51513	1.48
10383	1.48
11338	1.30
51360	1.30
5610	1.29
7316	1.28
8242	1.24
65980	1.19
10198	1.19
3615	1.11
54443	1.06
7756	1.05
738	1.03
51154	1.02
5981	0.98
2197	0.98
3298	0.96
55703	0.95
8554	0.94
9563	0.91
2023	0.78
10061	0.77
3224	0.73
639	0.72
5094	0.70
60	0.70
9774	0.65
3670	0.58
10127	0.52
3312	0.49
55355	0.42
22807	0.38
960	0.37
7403	0.37
7167	0.35
4800	0.34
5052	0.31
5927	0.27
57492	0.27
972	0.25
5080	0.25
5693	0.24
2597	0.24
50943	0.19
6428	0.16
3301	0.14
1750	0.12
51099	0.10
7175	0.05
8284	0.03
10463	0.03
5452	0.03
58517	0.02
3320	0.02
3757	-0.01
5757	-0.02
5469	-0.09
51602	-0.10
6651	-0.11
7005	-0.11
3326	-0.12
8538	-0.16
3190	-0.16
1654	-0.19
7543	-0.21
6284	-0.25
1387	-0.25
5431	-0.26
10576	-0.27
5093	-0.30
6231	-0.30
51230	-0.32
10771	-0.35
6224	-0.38
3150	-0.39
7314	-0.44
6136	-0.54
3309	-0.54
10153	-0.55
159	-0.58
6647	-0.59
23633	-0.60
2115	-0.60
6232	-0.61
1164	-0.63
55173	-0.65
6591	-0.66
5441	-0.66
6176	-0.71
8277	-0.72
1655	-0.74
4904	-0.74
26986	-0.74
4869	-0.77
864	-0.80
54815	-0.82
1407	-0.84
7311	-0.88
58508	-0.91
7546	-0.98
50484	-0.99
6194	-1.04
6206	-1.04
5250	-1.07
9168	-1.11
3720	-1.13
4736	-1.14
79142	-1.18
23451	-1.26
905	-1.28
6161	-1.29
51121	-1.31
25836	-1.32
6175	-1.33
23204	-1.41
55591	-1.42
51742	-1.47
26009	-1.50
54799	-1.56
9519	-1.57
9611	-1.60
115098	-1.63
1938	-1.64
1112	-1.66
23135	-1.71
6122	-1.72
6234	-1.78
1915	-1.80
10209	-1.81
23521	-1.86
80853	-1.98
10765	-2.32
1974	-2.47
9584	-2.59
6129	-2.61
