51742	8.49
58508	8.39
7175	8.26
1387	7.68
5927	6.91
6651	6.11
8554	5.53
23451	5.33
9611	5.21
7403	4.92
5885	4.41
9774	4.17
5469	3.80
57492	3.77
80853	3.70
54799	3.51
7543	3.40
10765	3.35
51230	3.33
905	3.23
9584	3.00
5094	3.00
5431	2.95
23135	2.95
10153	2.93
26009	2.57
8242	2.55
58517	2.41
1654	2.39
65980	2.37
5093	2.35
5981	2.31
3720	2.16
26986	2.07
1112	2.05
3190	2.04
3181	1.97
7756	1.96
8243	1.95
3320	1.93
4800	1.92
9918	1.73
7316	1.63
23633	1.59
10198	1.54
22807	1.44
51602	1.43
5725	1.40
1655	1.38
672	1.28
54623	1.26
79142	1.25
3301	1.23
7536	1.19
7546	1.14
10771	1.13
8284	1.06
10209	1.04
54815	1.02
11338	1.01
51099	0.99
639	0.97
7005	0.93
3309	0.85
23028	0.83
6232	0.80
9519	0.79
55703	0.78
6224	0.70
738	0.69
4999	0.69
159	0.63
6129	0.58
5685	0.53
4869	0.52
6122	0.51
5610	0.51
1407	0.48
60	0.45
2305	0.43
3757	0.34
8277	0.33
864	0.32
6428	0.31
6194	0.30
3298	0.29
5080	0.27
6176	0.25
50484	0.22
10127	0.21
51121	0.19
23521	0.18
3670	0.18
1938	0.18
51360	0.14
3015	0.13
10383	0.13
5717	0.13
1164	0.13
960	0.10
1750	0.09
5452	0.08
2197	0.08
1072	0.08
4736	0.07
972	0.06
54443	0.02
5700	0.02
29781	0.01
3326	0.01
23204	0.01
7314	0.00
6206	-0.00
4171	-0.01
51513	-0.04
10576	-0.05
7311	-0.06
4234	-0.08
6231	-0.10
115098	-0.10
10463	-0.12
1974	-0.16
8538	-0.19
2597	-0.22
10721	-0.23
9563	-0.24
3224	-0.25
6591	-0.27
6284	-0.30
4176	-0.33
55591	-0.37
3065	-0.37
50943	-0.37
5036	-0.38
3312	-0.39
6175	-0.46
4172	-0.50
2023	-0.51
6234	-0.51
4605	-0.53
2115	-0.55
6136	-0.56
4904	-0.60
8607	-0.65
5111	-0.68
6161	-0.69
5982	-0.69
7167	-0.70
10061	-0.74
5757	-0.75
5250	-0.77
5682	-0.79
3150	-0.81
5052	-0.81
5693	-0.84
5441	-0.86
55173	-0.94
51154	-0.99
1915	-1.05
5315	-1.06
81570	-1.08
6647	-1.10
6908	-1.18
3615	-1.25
5888	-1.25
23649	-1.32
1017	-1.33
10376	-1.33
9168	-1.42
6427	-1.45
4998	-1.65
55355	-1.75
51514	-1.78
6241	-1.86
8208	-1.92
204	-1.95
