7167	17.51
2023	15.47
5315	14.39
7316	6.29
10376	6.25
5250	6.06
6175	5.90
60	5.76
7311	4.77
4904	4.68
1072	4.56
9918	4.56
1938	4.26
6122	4.15
23521	4.13
6136	3.94
3326	3.81
6231	3.78
3312	3.71
3615	3.60
10383	3.56
4736	3.52
7756	3.51
6176	3.47
5682	3.47
204	3.43
5693	3.37
5700	3.22
5094	3.18
9168	3.17
4998	3.00
3190	2.99
5052	2.91
3015	2.88
5982	2.84
26986	2.83
2197	2.70
6194	2.67
6234	2.64
5685	2.62
5036	2.57
1915	2.52
5725	2.39
6241	2.34
5757	2.32
6224	2.31
6129	2.30
5441	2.22
5717	2.22
5093	2.20
6232	2.16
10576	2.06
6284	1.98
2305	1.92
55591	1.89
6161	1.86
10209	1.86
3320	1.83
3065	1.81
10061	1.76
960	1.75
23633	1.75
1017	1.73
4869	1.72
6206	1.68
4176	1.66
54443	1.66
6647	1.65
9774	1.64
51514	1.62
5927	1.62
7314	1.58
10765	1.38
23451	1.38
8208	1.37
4171	1.32
6427	1.28
3150	1.28
55355	1.26
81570	1.23
5885	1.23
3181	1.18
8554	1.12
3309	1.11
23204	1.10
10463	1.09
10198	1.08
5111	1.04
4172	1.02
11338	0.99
9611	0.88
5431	0.83
79142	0.82
51230	0.79
738	0.76
972	0.73
2115	0.72
23028	0.69
4605	0.68
51121	0.67
51154	0.66
10721	0.66
58508	0.65
50484	0.63
1654	0.58
5610	0.56
26009	0.55
1750	0.53
7175	0.50
8538	0.48
864	0.47
7546	0.47
1164	0.43
6428	0.31
54623	0.24
23649	0.24
6651	0.22
55173	0.22
51602	0.21
9584	0.20
8607	0.19
8242	0.16
5080	0.11
3720	0.07
1974	0.07
115098	0.06
5888	0.04
29781	0.02
159	-0.05
51742	-0.08
9563	-0.15
5981	-0.18
50943	-0.19
4234	-0.19
672	-0.21
3301	-0.21
6591	-0.21
25836	-0.22
22807	-0.23
905	-0.24
639	-0.30
1112	-0.31
3670	-0.35
51099	-0.35
55703	-0.35
8243	-0.36
58517	-0.37
3224	-0.37
7536	-0.41
3757	-0.45
51513	-0.45
54799	-0.46
5452	-0.48
4800	-0.51
8277	-0.52
3298	-0.64
80853	-0.65
5469	-0.72
51360	-0.73
6908	-0.79
1387	-0.80
65980	-0.81
7403	-0.83
7005	-0.84
7543	-0.87
54815	-0.95
8284	-0.96
1655	-0.96
23135	-0.97
57492	-1.01
10153	-1.08
10127	-1.22
4999	-1.24
9519	-1.50
10771	-1.59
1407	-2.15
