10771	4.12
55703	3.36
905	3.19
3298	2.86
23451	2.83
54799	2.82
10463	2.82
10198	2.82
51154	2.81
9774	2.61
25836	2.57
9584	2.38
10127	2.27
1915	2.13
57492	1.95
23521	1.82
4904	1.80
10153	1.79
7543	1.65
5725	1.64
4736	1.63
2023	1.62
6136	1.58
7175	1.54
6175	1.54
1654	1.53
738	1.45
6122	1.44
1938	1.38
23633	1.36
6129	1.35
5981	1.33
7403	1.32
51602	1.31
3615	1.30
51742	1.29
55591	1.28
6194	1.23
51230	1.18
6206	1.18
6232	1.17
8554	1.16
204	1.16
10061	1.11
4999	1.10
4998	1.10
4234	1.09
6234	1.00
1974	0.98
6591	0.96
1387	0.92
7311	0.92
6176	0.90
960	0.90
26986	0.87
6161	0.84
1112	0.82
55173	0.73
4869	0.70
4171	0.65
5469	0.62
5431	0.61
5080	0.61
5885	0.60
22807	0.57
2597	0.55
10209	0.54
65980	0.50
29781	0.50
3065	0.50
864	0.49
2305	0.49
11338	0.47
9563	0.41
7536	0.36
51360	0.36
8607	0.34
6908	0.31
81570	0.27
54443	0.25
2115	0.25
5682	0.23
6224	0.22
7546	0.22
51099	0.21
6231	0.19
9519	0.14
1750	0.14
23028	0.13
3720	0.12
6284	0.12
3326	0.11
9918	0.11
159	0.10
4800	0.06
3190	0.02
58508	0.01
5610	-0.01
4176	-0.05
79142	-0.07
55355	-0.09
1407	-0.09
9611	-0.09
50484	-0.12
5094	-0.13
5052	-0.17
8284	-0.19
2197	-0.19
5315	-0.19
7316	-0.21
50943	-0.23
3150	-0.26
3312	-0.30
972	-0.31
1655	-0.33
5441	-0.34
10721	-0.36
51513	-0.38
10576	-0.38
5927	-0.38
10765	-0.38
58517	-0.39
3757	-0.41
3670	-0.41
6651	-0.45
115098	-0.46
54815	-0.55
7005	-0.55
8242	-0.55
5452	-0.58
3301	-0.65
6428	-0.70
3309	-0.70
8277	-0.78
4172	-0.81
7167	-0.82
51514	-0.83
8538	-0.84
5693	-0.87
3320	-0.88
5757	-0.88
3224	-0.88
6241	-0.93
1164	-0.93
5036	-0.97
5700	-1.01
23204	-1.01
9168	-1.01
7314	-1.04
5093	-1.10
10376	-1.10
7756	-1.16
60	-1.19
6647	-1.22
639	-1.23
51121	-1.28
23135	-1.29
672	-1.29
3015	-1.29
5250	-1.32
6427	-1.33
5982	-1.34
1072	-1.38
80853	-1.43
23649	-1.50
3181	-1.52
8243	-1.60
54623	-1.62
4605	-1.63
1017	-1.63
8208	-1.69
5685	-1.75
5888	-1.76
5111	-1.92
10383	-2.66
5717	-2.97
