1938	10.62
6136	9.85
6129	9.73
5094	9.42
1915	9.03
6224	8.75
6194	8.61
6122	8.58
6175	7.87
4736	7.74
23521	7.38
6206	7.26
6176	7.26
4904	6.83
7311	6.59
3615	5.94
6232	5.51
6234	5.37
6161	5.23
10209	5.05
5757	4.55
5885	4.53
3326	4.03
5093	4.01
7536	3.98
5725	3.89
4869	3.87
5250	3.82
2197	3.48
3190	3.47
738	3.17
960	3.12
3150	3.07
2597	2.83
54815	2.82
6231	2.78
5036	2.74
1974	2.73
51602	2.69
9918	2.65
1112	2.37
60	2.27
3065	2.26
51230	2.25
23028	2.24
6651	2.11
25836	2.07
3320	2.06
2305	1.79
1387	1.78
6591	1.76
3312	1.69
6427	1.68
50484	1.66
58517	1.61
54799	1.60
7756	1.59
57492	1.58
58508	1.53
4800	1.51
2023	1.51
9774	1.49
864	1.46
10765	1.43
23633	1.41
3309	1.40
10576	1.38
204	1.31
7175	1.28
11338	1.27
4605	1.27
1072	1.22
3181	1.19
23135	1.12
3720	1.11
23204	1.09
5452	1.09
9584	1.07
9168	1.06
1655	1.05
972	1.03
8554	1.01
5469	0.97
5981	0.96
9611	0.89
6428	0.89
4176	0.88
159	0.88
26009	0.87
23451	0.87
7316	0.84
6908	0.82
115098	0.81
7546	0.81
10153	0.75
639	0.71
65980	0.69
6241	0.69
8538	0.66
5431	0.63
80853	0.60
50943	0.56
8243	0.55
51742	0.53
5315	0.51
1654	0.50
55355	0.49
10127	0.45
10198	0.37
51154	0.33
1750	0.33
54443	0.31
10061	0.30
3015	0.26
5610	0.23
5717	0.19
9519	0.17
5682	0.09
5927	0.09
4999	0.08
81570	0.07
1017	0.07
9563	0.02
7403	0.01
4998	-0.00
1164	-0.01
22807	-0.06
7167	-0.13
4171	-0.13
3301	-0.13
55173	-0.14
8607	-0.15
5080	-0.18
55703	-0.21
8277	-0.21
905	-0.22
10463	-0.23
6647	-0.23
5052	-0.24
3757	-0.31
4234	-0.34
54623	-0.35
7005	-0.36
10376	-0.36
10721	-0.38
3224	-0.42
10771	-0.47
4172	-0.51
51514	-0.51
55591	-0.55
7314	-0.56
3670	-0.63
1407	-0.64
5441	-0.69
29781	-0.70
5685	-0.70
5111	-0.72
23649	-0.74
8208	-0.76
672	-0.77
51099	-0.77
10383	-0.81
8284	-0.83
5888	-0.87
3298	-0.92
51360	-0.93
8242	-1.02
6284	-1.03
2115	-1.15
79142	-1.27
7543	-1.31
5700	-1.49
51121	-1.60
5982	-1.75
51513	-1.84
5693	-2.17
