4171	7.01
23649	5.42
5982	5.32
4176	4.93
8208	4.58
4172	3.96
1017	3.79
11338	3.62
738	3.39
4998	3.30
4605	3.10
3015	3.00
10127	2.90
5888	2.89
5111	2.89
9774	2.62
8243	2.45
54623	2.44
6427	2.42
672	2.31
65980	2.29
6428	2.28
81570	2.25
5725	2.19
5757	2.09
10383	1.79
51602	1.79
51514	1.68
5981	1.67
6241	1.66
7316	1.66
51154	1.65
3615	1.56
9918	1.49
5700	1.47
4234	1.47
5885	1.43
2197	1.43
3298	1.32
10376	1.28
7167	1.25
8242	1.22
51099	1.17
6122	1.09
2023	0.96
7314	0.95
10721	0.92
2305	0.91
5469	0.85
23204	0.81
7536	0.79
3181	0.79
115098	0.78
7175	0.76
10198	0.74
3757	0.71
60	0.70
1072	0.64
57492	0.64
1938	0.63
3150	0.62
6647	0.62
6224	0.55
26009	0.50
5717	0.49
6129	0.45
3320	0.45
6175	0.44
864	0.43
1407	0.43
58517	0.42
4869	0.36
5080	0.34
8277	0.31
6206	0.31
5094	0.31
5431	0.30
5315	0.30
905	0.29
50943	0.29
3190	0.28
10153	0.28
3670	0.24
1654	0.22
8538	0.19
7311	0.18
6908	0.17
3326	0.16
8284	0.13
5250	0.13
7543	0.08
6651	0.07
23451	0.06
4904	0.06
4736	0.05
1750	0.04
7403	0.03
10771	0.03
2597	0.02
5682	0.01
22807	0.01
25836	0.01
639	-0.02
51513	-0.03
10061	-0.04
3065	-0.04
10209	-0.05
3720	-0.05
1655	-0.07
5441	-0.08
54443	-0.09
10576	-0.10
7756	-0.10
51230	-0.12
972	-0.16
6176	-0.17
54815	-0.17
10463	-0.18
9584	-0.18
6284	-0.20
23028	-0.22
9168	-0.23
55703	-0.23
3301	-0.24
2115	-0.27
9519	-0.27
3224	-0.28
6194	-0.28
1387	-0.28
55355	-0.33
4800	-0.34
1915	-0.43
3312	-0.44
960	-0.45
6232	-0.48
7546	-0.48
6591	-0.52
6161	-0.54
5036	-0.58
55173	-0.61
204	-0.61
7005	-0.61
23521	-0.63
51742	-0.67
26986	-0.70
5093	-0.78
23633	-0.78
5927	-0.80
4999	-0.82
1164	-0.90
1112	-0.92
6234	-0.96
6136	-1.00
5452	-1.00
8554	-1.02
1974	-1.03
55591	-1.04
5685	-1.05
3309	-1.11
5610	-1.18
58508	-1.19
5693	-1.24
23135	-1.25
5052	-1.27
9563	-1.29
51121	-1.32
8607	-1.35
9611	-1.46
159	-1.47
79142	-1.52
51360	-1.55
50484	-1.55
6231	-1.82
54799	-1.87
80853	-2.24
10765	-2.87
