10376	7.88
1164	6.99
5111	6.78
1017	5.48
5982	5.24
3150	5.04
6428	5.03
23204	4.98
4176	4.63
3190	4.17
6427	4.11
5685	4.10
3181	4.02
5885	3.94
5250	3.92
7167	3.83
51121	3.76
5052	3.71
10576	3.65
5757	3.60
5094	3.51
3301	3.47
5431	3.34
4172	3.33
10383	3.25
9168	3.17
5693	3.17
1072	3.02
6647	3.01
29781	3.00
4904	2.89
2597	2.88
6224	2.84
3320	2.81
6206	2.79
8208	2.75
6175	2.73
9918	2.72
10209	2.65
9519	2.55
4736	2.53
6241	2.52
5700	2.51
5093	2.47
2023	2.43
7314	2.41
6176	2.36
1655	2.34
51099	2.28
6129	2.23
672	2.18
2197	2.17
6231	2.13
5682	2.08
5725	2.06
9774	1.96
11338	1.92
7311	1.91
5888	1.85
1654	1.84
5717	1.83
7756	1.83
4171	1.83
8243	1.77
3065	1.75
3312	1.75
6232	1.74
7316	1.73
51154	1.71
6194	1.68
51514	1.67
4998	1.67
23649	1.66
2305	1.58
54443	1.52
60	1.52
4869	1.51
5441	1.44
5036	1.37
1915	1.34
6122	1.34
23521	1.33
5981	1.26
9584	1.26
3615	1.23
6136	1.22
4605	1.17
6284	1.16
51602	1.12
79142	1.07
10721	1.03
54623	0.96
3309	0.95
3326	0.95
5315	0.95
6234	0.93
50484	0.89
1387	0.89
6591	0.85
7536	0.83
10463	0.82
6651	0.77
1407	0.69
1974	0.69
159	0.66
10198	0.64
23028	0.62
58517	0.62
204	0.61
55173	0.54
7175	0.52
55355	0.51
8554	0.34
23633	0.31
3298	0.29
2115	0.28
1112	0.26
26986	0.26
6161	0.25
8277	0.25
54815	0.20
4800	0.19
3720	0.18
10061	0.17
23451	0.14
25836	0.13
8538	0.10
51230	0.10
1750	0.08
639	0.04
8607	-0.06
54799	-0.06
7543	-0.06
115098	-0.07
8242	-0.13
3757	-0.17
3670	-0.28
7546	-0.30
5610	-0.32
3224	-0.37
51513	-0.38
10765	-0.38
6908	-0.39
7005	-0.40
51742	-0.43
9611	-0.43
5080	-0.46
5927	-0.48
5469	-0.56
10153	-0.63
960	-0.67
58508	-0.72
23135	-0.73
1938	-0.74
57492	-0.80
50943	-0.80
972	-0.85
7403	-0.95
81570	-0.97
8284	-0.97
55591	-1.05
738	-1.13
80853	-1.13
864	-1.15
10127	-1.21
905	-1.28
5452	-1.29
26009	-1.29
4234	-1.43
22807	-1.50
9563	-1.61
55703	-1.62
51360	-1.69
65980	-1.91
4999	-2.06
10771	-2.08
