204	5.51
23028	5.49
4172	4.12
2023	4.11
9918	4.05
3181	4.04
3190	3.95
11338	3.87
1017	3.77
23633	3.77
5052	3.71
5431	3.68
5725	3.53
4176	3.48
3150	3.29
1655	2.98
8607	2.84
8243	2.64
5757	2.55
6122	2.54
6428	2.52
4904	2.49
5315	2.40
23451	2.39
6427	2.38
60	2.36
5250	2.35
7756	2.31
26986	2.26
1072	2.24
5927	2.21
5685	2.17
4998	2.14
5885	2.10
1915	2.04
3326	2.02
3615	1.95
7167	1.93
6194	1.89
2597	1.81
5111	1.81
4736	1.80
23521	1.78
5717	1.78
23649	1.76
3015	1.75
5700	1.74
79142	1.68
5682	1.67
7175	1.66
5094	1.58
7311	1.55
6175	1.52
6908	1.52
4999	1.38
6136	1.38
6232	1.37
1654	1.36
54623	1.34
5982	1.31
4800	1.29
6206	1.26
5036	1.25
10576	1.22
1938	1.22
9774	1.20
6224	1.19
10376	1.17
51154	1.15
6241	1.14
6129	1.11
23204	1.06
6647	1.04
7536	1.04
4171	1.00
3670	0.98
55173	0.97
10061	0.96
9584	0.95
22807	0.91
7316	0.90
639	0.90
738	0.89
9168	0.88
7314	0.87
6176	0.84
6231	0.80
3312	0.79
5888	0.79
6234	0.78
54799	0.77
65980	0.73
5093	0.66
51602	0.65
8538	0.64
1974	0.64
2197	0.57
5441	0.55
8554	0.53
58517	0.53
8277	0.52
26009	0.50
5452	0.47
8242	0.47
4869	0.45
8208	0.44
972	0.44
10765	0.42
3309	0.40
4605	0.36
3320	0.35
3301	0.35
9563	0.35
5693	0.35
9611	0.34
6284	0.32
6161	0.31
864	0.30
7403	0.27
6651	0.23
54815	0.23
159	0.20
51742	0.18
55703	0.18
7005	0.18
5469	0.10
10383	0.09
10198	0.08
57492	0.05
5610	0.03
5981	0.03
7543	-0.00
29781	-0.04
10127	-0.07
8284	-0.08
3720	-0.08
2305	-0.11
5080	-0.11
51121	-0.14
6591	-0.16
672	-0.17
960	-0.19
50943	-0.19
9519	-0.20
7546	-0.21
54443	-0.24
2115	-0.26
80853	-0.27
51230	-0.28
55355	-0.31
81570	-0.32
58508	-0.34
51513	-0.35
25836	-0.37
3757	-0.39
905	-0.40
10463	-0.43
51514	-0.48
3298	-0.50
115098	-0.53
1407	-0.60
10771	-0.62
3224	-0.65
10209	-0.67
51099	-0.69
1750	-0.73
55591	-0.77
1164	-0.86
50484	-1.00
1112	-1.14
10153	-1.17
23135	-1.17
1387	-1.18
10721	-1.18
4234	-2.66
51360	-2.66
