5757	7.76
3015	5.04
6427	4.75
4904	4.52
6428	4.30
3181	4.07
6129	3.56
3190	3.55
6647	3.51
6224	3.49
3065	3.29
9168	3.23
23204	3.17
5111	3.13
26986	3.07
5094	3.01
1655	2.91
6194	2.91
1072	2.89
1017	2.76
58517	2.75
4736	2.73
6136	2.72
6651	2.71
51121	2.66
6122	2.48
4869	2.45
5685	2.33
55591	2.24
23028	2.16
6175	2.16
8208	2.12
60	2.12
51602	2.11
204	2.10
10376	2.01
3320	1.99
5250	1.93
6206	1.90
1915	1.90
7536	1.85
9774	1.82
23521	1.81
9584	1.80
10198	1.80
5885	1.79
5725	1.74
4800	1.73
3615	1.65
7756	1.65
5682	1.61
6234	1.60
2197	1.56
1164	1.54
6231	1.50
6232	1.48
905	1.45
10576	1.42
11338	1.42
8538	1.38
2597	1.28
65980	1.27
7175	1.25
159	1.23
6161	1.22
7167	1.20
6176	1.14
9611	1.13
5052	1.08
3298	1.07
7311	1.05
9519	1.02
7546	1.02
5981	1.01
4605	1.00
6908	1.00
3326	0.97
1974	0.94
4176	0.93
50943	0.92
10463	0.91
8243	0.90
4172	0.85
7314	0.83
54815	0.82
5441	0.80
3309	0.78
5315	0.73
1407	0.71
115098	0.68
55173	0.64
29781	0.62
3301	0.61
8277	0.59
6241	0.59
2305	0.57
23451	0.57
5982	0.57
22807	0.57
5700	0.56
55355	0.55
6284	0.49
9918	0.47
2023	0.46
5036	0.46
10765	0.46
3670	0.45
6591	0.39
54443	0.31
5093	0.29
639	0.28
51742	0.25
3757	0.23
10383	0.16
7005	0.14
5080	0.13
864	0.11
972	0.09
4171	0.06
5610	0.04
50484	0.03
54799	0.02
1750	-0.00
51154	-0.05
10721	-0.05
3720	-0.06
3224	-0.07
5888	-0.08
10209	-0.09
8607	-0.09
672	-0.10
58508	-0.24
23135	-0.26
26009	-0.26
3312	-0.27
5452	-0.28
4998	-0.30
54623	-0.31
5717	-0.31
4999	-0.35
51514	-0.36
5431	-0.38
23649	-0.39
51513	-0.39
7543	-0.40
8284	-0.41
10127	-0.45
57492	-0.46
51099	-0.56
10771	-0.57
51230	-0.62
1938	-0.65
10153	-0.68
5469	-0.70
9563	-0.73
25836	-0.81
4234	-0.81
2115	-0.83
738	-0.83
5693	-0.86
5927	-0.87
1112	-0.91
8554	-0.95
7316	-1.01
1654	-1.02
7403	-1.04
80853	-1.09
79142	-1.18
23633	-1.19
55703	-1.30
8242	-1.33
960	-1.55
10061	-1.58
51360	-1.62
1387	-1.83
81570	-2.50
