3190	9.32
6428	7.76
58517	7.61
1655	7.31
8243	6.85
6427	6.58
9584	6.33
3320	6.12
3326	5.37
9774	5.16
5757	5.10
5885	4.89
51602	4.88
5700	4.65
7756	4.42
11338	4.41
5682	4.22
1654	4.21
4176	4.19
1072	4.17
54623	4.15
23451	4.09
3150	4.07
7175	4.05
3065	4.04
7536	4.03
3015	4.02
3301	4.01
60	3.93
5717	3.92
6647	3.70
6651	3.62
10376	3.55
4904	3.49
51742	3.40
4172	3.35
5725	3.23
5685	3.22
5036	3.12
5093	3.09
5315	3.05
8607	3.04
5431	2.99
5052	2.98
9918	2.88
10153	2.82
159	2.77
1017	2.73
65980	2.67
3309	2.67
5982	2.65
10383	2.65
2023	2.38
23028	2.25
204	2.14
5111	2.07
10576	2.01
3312	2.01
25836	1.97
1974	1.92
23204	1.75
7167	1.75
672	1.73
10463	1.72
115098	1.68
6241	1.68
4800	1.67
7314	1.66
23649	1.59
54443	1.51
4869	1.44
7543	1.42
5094	1.40
5981	1.38
2305	1.38
54815	1.37
905	1.36
57492	1.33
54799	1.24
4999	1.24
5250	1.23
9611	1.19
26986	1.19
2597	1.18
10198	1.18
5610	1.16
1164	1.16
55703	1.15
10771	1.15
5441	1.14
3720	1.13
8208	1.10
8242	1.03
7316	0.95
4171	0.84
1387	0.80
960	0.80
5927	0.79
29781	0.79
2115	0.77
58508	0.69
79142	0.63
5693	0.59
3298	0.56
10209	0.56
5452	0.53
55591	0.52
9168	0.51
4605	0.49
8284	0.43
6129	0.43
7403	0.40
1915	0.39
50943	0.39
81570	0.35
1407	0.35
972	0.32
55355	0.27
23135	0.27
51154	0.26
5469	0.24
10765	0.17
6908	0.17
3224	0.15
80853	0.10
4234	0.08
10061	0.07
51230	0.03
5080	0.03
6194	0.00
1750	-0.04
55173	-0.06
1112	-0.07
3757	-0.07
51360	-0.10
6122	-0.13
10721	-0.15
4998	-0.16
7546	-0.17
22807	-0.17
6176	-0.20
8554	-0.20
3670	-0.21
5888	-0.24
8277	-0.26
51513	-0.27
6284	-0.31
6206	-0.32
639	-0.36
51121	-0.37
10127	-0.40
7005	-0.43
864	-0.44
6224	-0.46
51099	-0.51
3615	-0.55
1938	-0.63
6231	-0.72
23633	-0.76
51514	-0.90
8538	-1.00
9563	-1.01
6591	-1.20
9519	-1.41
6161	-1.45
26009	-1.52
4736	-1.52
6136	-1.56
23521	-1.58
2197	-1.59
6175	-1.63
6232	-1.73
7311	-1.86
738	-1.91
50484	-2.05
6234	-2.10
