3181	9.32
1655	7.83
6428	7.65
7756	7.63
5725	6.89
6427	6.81
9774	6.44
5885	6.01
3326	5.86
11338	5.81
5093	5.51
5431	5.49
5757	5.46
2023	5.41
10376	5.41
60	5.14
5036	4.90
7536	4.89
5717	4.88
10576	4.82
1654	4.82
5094	4.78
5682	4.55
3301	4.51
23204	4.43
5700	4.25
3015	4.17
23451	4.17
1072	4.09
159	4.05
3065	3.95
9584	3.92
10383	3.89
6651	3.81
3320	3.70
5250	3.55
3150	3.55
51602	3.47
26986	3.47
58517	3.39
1915	3.32
3312	3.29
4904	3.24
7314	3.23
7167	3.21
5685	3.20
5315	3.15
7316	3.06
54623	3.02
4172	2.99
2597	2.99
4176	2.89
8243	2.85
54815	2.82
23028	2.67
3309	2.65
5052	2.60
23633	2.54
5469	2.47
1017	2.41
10209	2.41
10765	2.29
8607	2.27
1938	2.24
7175	2.23
6194	2.22
9519	2.10
1387	2.06
4800	2.05
25836	2.04
6129	2.03
1974	2.01
4171	1.83
4999	1.78
7543	1.75
5982	1.73
6647	1.71
51742	1.70
1112	1.70
10153	1.70
3720	1.68
204	1.65
79142	1.62
6136	1.62
8554	1.62
5610	1.61
6161	1.53
7311	1.53
4736	1.53
5927	1.51
5693	1.50
7403	1.47
905	1.45
55173	1.43
10463	1.43
4869	1.42
5111	1.40
3615	1.30
6122	1.29
51154	1.26
10061	1.21
9918	1.15
2197	1.09
8242	1.05
6206	1.03
9611	0.99
57492	0.97
1407	0.91
1164	0.90
10771	0.84
9168	0.83
54799	0.80
6176	0.75
65980	0.69
6175	0.66
6231	0.56
8208	0.51
3298	0.51
3670	0.49
8277	0.49
23135	0.49
6224	0.48
51230	0.47
23521	0.44
972	0.43
55591	0.40
55703	0.40
6241	0.39
80853	0.38
7546	0.37
5981	0.32
51099	0.32
29781	0.28
6908	0.24
672	0.23
2115	0.16
3757	0.14
10127	0.12
6591	0.10
9563	0.06
6232	0.04
1750	0.03
26009	0.02
5441	-0.01
738	-0.05
639	-0.06
8538	-0.09
960	-0.10
50484	-0.16
23649	-0.16
7005	-0.18
58508	-0.24
50943	-0.26
51121	-0.28
6284	-0.29
4234	-0.33
3224	-0.33
4605	-0.33
51360	-0.34
51514	-0.37
55355	-0.37
51513	-0.41
5080	-0.49
864	-0.59
5452	-0.60
4998	-0.60
54443	-0.63
6234	-0.65
22807	-0.74
8284	-0.79
115098	-0.83
2305	-0.87
5888	-0.89
81570	-1.13
10198	-1.69
10721	-2.10
