1750	3.04
7546	2.12
3670	1.95
5080	1.61
5036	1.44
6591	1.33
8538	1.30
7005	1.22
6284	1.09
10061	0.99
6231	0.93
79142	0.90
5685	0.84
10771	0.82
51360	0.77
10576	0.75
23649	0.73
5927	0.71
5717	0.67
2305	0.64
4999	0.63
3298	0.56
23135	0.53
7543	0.52
7536	0.51
54623	0.49
55703	0.44
9918	0.44
58517	0.42
51121	0.41
9611	0.36
8208	0.32
3757	0.32
5094	0.31
1017	0.27
10383	0.27
4869	0.24
4171	0.24
6176	0.23
4234	0.22
6908	0.22
5885	0.22
9519	0.22
864	0.21
6651	0.20
55591	0.20
10153	0.19
2197	0.17
5610	0.17
5700	0.16
3181	0.15
115098	0.14
51602	0.13
5693	0.13
5250	0.12
58508	0.11
6241	0.11
8607	0.10
65980	0.07
672	0.07
9168	0.06
5093	0.05
5757	0.04
10721	0.04
5441	0.03
6427	0.03
3320	0.02
51513	0.01
8554	0.01
1387	0.00
5682	-0.00
5111	-0.02
55173	-0.02
7756	-0.03
204	-0.04
80853	-0.07
3150	-0.07
5982	-0.08
55355	-0.09
8243	-0.09
7175	-0.10
5469	-0.12
5888	-0.12
9774	-0.12
51154	-0.13
7167	-0.13
6647	-0.14
10127	-0.15
10198	-0.15
54815	-0.15
7311	-0.19
57492	-0.19
1072	-0.20
1164	-0.20
6234	-0.20
23028	-0.21
1407	-0.21
9563	-0.22
6175	-0.22
3301	-0.23
6129	-0.23
5725	-0.23
639	-0.25
10765	-0.25
25836	-0.25
23633	-0.27
5315	-0.28
29781	-0.28
8242	-0.30
8284	-0.31
4176	-0.31
3190	-0.33
4904	-0.33
11338	-0.34
3309	-0.36
9584	-0.37
2597	-0.37
3015	-0.37
6232	-0.38
50943	-0.38
2115	-0.39
4998	-0.39
10376	-0.41
5052	-0.42
23521	-0.42
26986	-0.42
3720	-0.42
960	-0.43
1654	-0.43
50484	-0.44
3312	-0.44
6428	-0.44
54443	-0.45
6161	-0.46
6224	-0.46
4605	-0.47
4172	-0.47
10209	-0.48
22807	-0.51
1938	-0.51
6136	-0.52
6206	-0.52
3615	-0.53
81570	-0.54
51514	-0.56
4736	-0.56
4800	-0.56
2023	-0.57
5431	-0.58
51230	-0.62
23204	-0.62
7403	-0.64
60	-0.65
3065	-0.65
6194	-0.67
3326	-0.68
972	-0.76
1112	-0.83
1655	-0.85
6122	-0.87
1915	-0.88
26009	-0.88
8277	-0.88
51742	-0.94
23451	-0.94
10463	-0.94
738	-0.95
7314	-0.95
51099	-0.98
159	-0.99
7316	-1.05
5452	-1.07
1974	-1.07
5981	-1.18
905	-1.19
54799	-1.80
