6908	4.98
5682	3.44
23028	3.35
9519	3.33
5431	2.92
26009	2.86
9774	2.84
1407	2.79
23451	2.67
10198	2.58
8554	2.53
8208	2.24
10576	2.12
10127	1.90
4171	1.87
5700	1.83
6206	1.73
5885	1.65
5981	1.63
1017	1.59
1974	1.51
3757	1.46
4999	1.38
4998	1.38
9584	1.35
3326	1.33
3670	1.32
5080	1.32
29781	1.32
57492	1.28
55591	1.23
905	1.20
51230	1.19
51514	1.16
6647	1.12
7403	1.10
4172	1.09
3150	1.07
10153	0.98
7546	0.97
23649	0.96
7005	0.87
6234	0.81
5725	0.80
8607	0.80
5111	0.77
7756	0.76
8277	0.72
7536	0.72
54443	0.71
58517	0.69
3615	0.68
1915	0.66
8242	0.63
9918	0.62
1112	0.58
4904	0.58
50484	0.58
3181	0.56
54799	0.56
3224	0.56
4176	0.56
1750	0.53
51602	0.53
3190	0.51
55173	0.50
23633	0.49
5094	0.48
51742	0.48
2115	0.48
6224	0.46
23204	0.45
7316	0.44
5469	0.42
3320	0.39
1164	0.38
6129	0.38
5250	0.35
1654	0.32
65980	0.32
4736	0.30
6428	0.29
3015	0.29
7175	0.29
7314	0.29
25836	0.29
6176	0.27
10463	0.26
6161	0.25
6232	0.25
5717	0.23
6175	0.19
4800	0.17
55355	0.17
6122	0.17
7543	0.16
7311	0.15
5757	0.15
115098	0.13
5036	0.12
10209	0.11
738	0.11
10771	0.08
6591	0.07
22807	0.06
6194	0.03
1938	0.03
864	0.01
6231	-0.01
54623	-0.01
23521	-0.02
81570	-0.04
10376	-0.04
5052	-0.10
5888	-0.12
3301	-0.12
3720	-0.13
51360	-0.13
4869	-0.16
10765	-0.16
960	-0.18
5982	-0.19
23135	-0.20
51099	-0.22
6651	-0.22
2197	-0.23
10061	-0.24
6136	-0.25
55703	-0.28
8284	-0.29
5685	-0.34
80853	-0.34
5452	-0.35
972	-0.37
5693	-0.37
1655	-0.41
51121	-0.46
9168	-0.46
3065	-0.50
7167	-0.52
8243	-0.54
54815	-0.54
5610	-0.56
3312	-0.56
8538	-0.58
6241	-0.58
10721	-0.62
1387	-0.63
2597	-0.64
1072	-0.65
5315	-0.66
159	-0.70
2305	-0.72
79142	-0.73
51513	-0.74
10383	-0.75
5927	-0.78
6427	-0.80
639	-0.86
4234	-0.88
50943	-0.90
26986	-0.92
5441	-0.98
11338	-1.01
6284	-1.02
2023	-1.03
4605	-1.05
672	-1.08
58508	-1.15
9563	-1.20
51154	-1.22
3309	-1.27
5093	-1.38
204	-1.41
60	-2.28
9611	-2.62
