3320	15.22
3312	14.42
3326	8.64
10576	7.44
7314	6.54
5685	5.50
1655	5.41
1164	5.00
10383	4.92
3309	4.78
6428	4.72
3190	4.51
5700	4.27
7316	4.21
1654	4.19
4800	4.16
51602	4.14
6647	4.14
54623	4.03
3181	4.01
9519	3.81
5717	3.50
3015	3.47
6427	3.36
79142	3.34
51742	3.33
9584	3.20
5052	3.06
1974	3.05
5693	2.97
23204	2.92
10376	2.92
10153	2.88
51099	2.70
9774	2.66
10061	2.63
1407	2.53
11338	2.44
6651	2.41
7756	2.36
58517	2.36
5757	2.35
5093	2.33
5111	2.30
5431	2.28
51121	2.17
5610	2.17
5885	2.13
5682	1.99
7536	1.91
6194	1.89
9168	1.83
7167	1.69
6129	1.62
1387	1.58
7543	1.56
23135	1.49
5036	1.48
5441	1.37
4904	1.32
2197	1.26
10209	1.23
25836	1.23
1072	1.22
81570	1.19
5927	1.18
8607	1.12
51513	1.10
23451	1.06
1915	1.03
4234	1.02
7311	0.99
4869	0.99
159	0.99
51154	0.98
23028	0.95
8243	0.88
8242	0.87
7175	0.83
60	0.82
672	0.81
972	0.77
6232	0.73
6231	0.70
8554	0.69
3670	0.67
54815	0.66
1017	0.63
3150	0.61
54443	0.60
5469	0.57
6224	0.53
6161	0.52
58508	0.50
115098	0.48
23633	0.47
9611	0.46
5094	0.46
905	0.42
50484	0.41
5725	0.36
55703	0.36
3065	0.35
7403	0.32
4736	0.32
6206	0.31
4176	0.28
5982	0.20
10771	0.19
5315	0.18
1750	0.17
57492	0.16
23649	0.14
10765	0.14
3757	0.11
5452	0.09
4999	0.04
5250	0.03
204	0.03
639	0.01
960	-0.06
8538	-0.11
5981	-0.11
6908	-0.12
3298	-0.12
26986	-0.13
6284	-0.14
2115	-0.15
2023	-0.17
65980	-0.19
2597	-0.21
2305	-0.23
3224	-0.23
6122	-0.23
29781	-0.24
10127	-0.24
6176	-0.25
864	-0.28
55591	-0.31
6136	-0.36
55173	-0.37
6241	-0.40
10721	-0.41
8277	-0.42
4172	-0.47
6175	-0.56
23521	-0.61
50943	-0.63
7546	-0.63
26009	-0.65
4171	-0.67
51230	-0.69
51514	-0.73
3615	-0.74
8284	-0.78
5080	-0.83
3720	-0.84
7005	-0.88
6234	-0.92
55355	-0.97
80853	-1.01
6591	-1.01
10198	-1.05
5888	-1.15
22807	-1.19
10463	-1.25
54799	-1.34
4998	-1.40
4605	-1.48
738	-1.52
8208	-1.56
1938	-1.60
9918	-1.65
1112	-1.91
51360	-2.22
9563	-3.43
