3326	6.07
3320	5.44
3312	4.91
3301	4.78
7316	4.47
10209	4.05
10383	3.65
5717	3.42
51602	3.07
3181	2.67
3190	2.65
2023	2.63
5700	2.62
4800	2.56
9584	2.28
4234	2.26
6651	2.18
10576	2.16
6428	2.15
5093	2.14
1655	2.13
51360	1.98
9774	1.97
81570	1.94
54623	1.89
7536	1.84
204	1.78
5725	1.72
60	1.72
6122	1.70
1974	1.63
6427	1.55
8243	1.54
1407	1.52
8607	1.45
10376	1.45
26986	1.40
23204	1.35
639	1.35
55703	1.33
8242	1.32
5052	1.30
5757	1.29
5469	1.23
1915	1.23
7314	1.23
10765	1.22
115098	1.19
58517	1.18
5682	1.16
1164	1.12
2597	1.11
5693	1.10
23135	1.06
1654	1.06
10127	1.04
1072	1.03
5315	1.01
10153	1.00
1387	0.98
8277	0.97
3015	0.95
7756	0.95
11338	0.93
7403	0.92
6241	0.88
4869	0.87
1938	0.86
960	0.86
25836	0.85
51514	0.83
3720	0.81
10061	0.80
3150	0.78
23633	0.75
54443	0.68
5250	0.67
4904	0.65
58508	0.65
51154	0.64
6194	0.61
5610	0.60
972	0.58
23451	0.58
51099	0.58
54815	0.50
6129	0.48
7175	0.48
672	0.48
51742	0.46
3065	0.40
5036	0.37
4736	0.35
65980	0.34
5094	0.33
5685	0.33
51230	0.32
7167	0.32
864	0.31
55173	0.30
3615	0.30
4998	0.29
55355	0.28
9611	0.28
80853	0.27
5888	0.26
6647	0.24
5981	0.23
7543	0.23
5927	0.22
23028	0.17
5431	0.15
9168	0.13
55591	0.13
5982	0.11
6175	0.03
5111	0.00
6136	-0.03
4171	-0.03
2197	-0.04
6161	-0.04
51121	-0.06
4172	-0.10
10721	-0.10
5885	-0.11
1750	-0.12
4176	-0.12
4605	-0.14
3670	-0.15
8538	-0.19
8284	-0.21
51513	-0.21
159	-0.22
50943	-0.26
9563	-0.27
5452	-0.32
6176	-0.32
905	-0.32
9519	-0.33
23521	-0.35
3224	-0.36
8208	-0.38
9918	-0.38
3757	-0.39
57492	-0.41
2115	-0.42
10198	-0.43
6206	-0.44
23649	-0.54
10463	-0.54
6591	-0.54
6234	-0.61
5080	-0.63
5441	-0.65
6224	-0.66
6231	-0.66
26009	-0.70
6284	-0.74
7546	-0.76
2305	-0.79
79142	-0.85
6232	-0.89
7005	-0.90
50484	-0.94
7311	-1.05
29781	-1.11
1017	-1.11
8554	-1.14
1112	-1.18
22807	-1.24
3298	-1.27
6908	-1.28
10771	-1.33
54799	-1.43
738	-1.75
4999	-1.88
