3320	15.53
3326	14.49
3301	14.42
10576	8.72
7316	6.18
7314	5.61
10376	5.26
10383	5.18
3309	4.91
5036	4.51
5052	4.27
1164	4.26
6647	4.08
10061	4.00
5682	3.91
1974	3.89
5717	3.74
2597	3.71
6428	3.71
1655	3.64
1915	3.62
5685	3.58
7756	3.54
3190	3.29
6427	3.27
4800	3.26
5693	3.21
60	3.19
6129	3.07
3615	3.01
5431	2.88
5700	2.87
5315	2.82
6231	2.80
6175	2.78
2023	2.66
5757	2.59
1938	2.57
4904	2.53
23521	2.50
23204	2.47
5250	2.46
51602	2.45
6194	2.40
4736	2.35
6122	2.32
79142	2.30
8607	2.27
4869	2.16
7167	2.11
5093	2.11
54623	2.06
11338	2.05
55703	2.04
9168	2.04
1072	2.03
3181	2.01
23633	1.98
1654	1.95
5111	1.94
5725	1.93
51099	1.92
7311	1.90
6224	1.86
4234	1.85
5441	1.79
3015	1.75
26986	1.69
51154	1.66
6651	1.64
7536	1.64
81570	1.57
58517	1.57
6161	1.54
9584	1.44
9774	1.44
204	1.42
10153	1.35
6206	1.34
4172	1.33
6232	1.32
2197	1.31
23451	1.29
8243	1.28
6136	1.16
6241	1.15
54443	1.13
1407	1.13
9519	1.09
10771	1.09
960	1.07
10209	1.03
51230	0.91
159	0.85
5469	0.82
8538	0.81
3065	0.79
972	0.79
5094	0.74
6176	0.68
50943	0.66
8554	0.65
23028	0.62
6234	0.58
2115	0.56
10127	0.52
23649	0.49
4176	0.49
51121	0.42
3757	0.38
54815	0.33
9918	0.31
5885	0.31
22807	0.27
65980	0.26
5610	0.24
51513	0.22
10198	0.22
55591	0.16
55355	0.14
672	0.13
8277	0.12
1750	0.09
51514	0.06
4998	0.02
864	0.01
7175	-0.01
10721	-0.02
58508	-0.02
55173	-0.05
7546	-0.05
5452	-0.08
57492	-0.09
4999	-0.17
1017	-0.19
639	-0.20
2305	-0.23
8208	-0.25
3150	-0.27
10765	-0.28
9611	-0.30
26009	-0.30
3670	-0.34
115098	-0.36
51742	-0.36
7403	-0.37
25836	-0.39
8242	-0.41
3224	-0.44
1387	-0.44
29781	-0.44
10463	-0.45
50484	-0.46
738	-0.52
8284	-0.54
4171	-0.55
3298	-0.56
4605	-0.58
905	-0.59
5080	-0.64
7543	-0.67
6908	-0.68
1112	-0.69
6284	-0.81
6591	-0.85
5982	-0.86
5888	-0.91
5927	-0.94
7005	-1.10
5981	-1.16
51360	-1.28
3720	-1.42
23135	-1.46
80853	-2.17
9563	-3.26
54799	-3.30
