3312	15.53
3301	15.22
3326	14.58
10576	8.55
5700	6.87
6647	6.31
3181	6.12
7314	6.09
51602	6.04
5685	5.88
58517	5.59
3309	5.44
10383	5.33
7316	4.88
10376	4.70
5052	4.54
10153	4.34
9774	4.23
6428	4.17
1164	4.05
6651	4.01
5717	3.97
5036	3.78
5757	3.78
1655	3.78
3190	3.70
5885	3.66
4904	3.59
23204	3.59
6427	3.07
1974	3.06
7175	2.98
5431	2.83
5093	2.82
3015	2.81
8243	2.79
6129	2.63
5682	2.54
1654	2.51
672	2.50
54623	2.48
5693	2.45
9584	2.26
2023	2.26
51742	2.25
7167	2.24
5315	2.23
1072	2.21
5111	2.16
4869	2.12
26986	2.06
5441	2.04
115098	1.99
3150	1.99
10209	1.94
25836	1.93
11338	1.83
2597	1.83
5610	1.81
60	1.80
81570	1.72
4800	1.68
1407	1.64
8607	1.64
9611	1.54
7756	1.54
7536	1.52
54443	1.52
23633	1.40
54815	1.36
5094	1.35
23451	1.35
23028	1.30
5469	1.29
55591	1.27
5981	1.20
1915	1.19
9168	1.18
5725	1.16
50484	1.03
65980	1.01
10061	1.00
2197	0.90
6231	0.90
3615	0.88
159	0.84
51099	0.83
51154	0.82
58508	0.82
10198	0.82
6224	0.80
6194	0.78
1017	0.77
9519	0.76
51121	0.69
55173	0.68
8538	0.68
6176	0.61
7546	0.58
864	0.58
10463	0.54
4172	0.54
6232	0.46
55703	0.46
2115	0.45
29781	0.45
1750	0.44
8208	0.43
204	0.39
3298	0.39
3065	0.35
1112	0.33
972	0.33
10721	0.32
7311	0.27
905	0.27
51230	0.24
960	0.24
4736	0.24
6122	0.22
1387	0.22
4176	0.21
3670	0.20
5250	0.17
10771	0.15
8554	0.15
6206	0.14
5927	0.12
50943	0.11
3757	0.06
79142	0.05
7543	0.05
3224	0.02
23649	0.02
5982	-0.03
6136	-0.06
6241	-0.07
5452	-0.10
8277	-0.11
4171	-0.12
1938	-0.17
6175	-0.20
4605	-0.20
9918	-0.22
22807	-0.22
4234	-0.23
51514	-0.27
5080	-0.31
51513	-0.37
639	-0.37
8242	-0.38
6284	-0.39
2305	-0.49
23135	-0.50
6161	-0.54
57492	-0.56
23521	-0.59
7403	-0.59
6908	-0.65
10127	-0.75
4998	-0.78
55355	-0.79
10765	-0.81
51360	-0.84
8284	-0.84
26009	-0.88
3720	-0.92
4999	-0.97
7005	-0.97
6591	-1.05
5888	-1.06
6234	-1.23
80853	-1.35
738	-2.33
54799	-2.49
9563	-3.41
