3320	14.58
3312	14.49
10576	8.69
3301	8.64
5036	7.06
3615	6.14
6647	6.08
3309	6.07
3190	5.86
7314	5.78
51602	5.64
7316	5.58
3181	5.37
5717	5.34
5700	5.12
1974	5.00
10376	4.91
2023	4.78
1915	4.73
6428	4.64
5052	4.61
4172	4.59
1938	4.44
5757	4.40
4904	4.35
4869	4.25
23028	4.15
4736	4.14
8607	4.12
5315	4.09
6129	4.08
26986	4.03
2597	3.81
6122	3.80
4800	3.76
10061	3.63
6194	3.61
5682	3.58
5093	3.58
9774	3.49
5725	3.33
1164	3.33
5250	3.31
5693	3.30
10153	3.22
51154	3.17
60	3.13
6224	3.06
23633	3.04
6206	3.03
11338	2.95
54623	2.88
58517	2.87
6175	2.85
10209	2.80
6427	2.80
7756	2.78
5885	2.77
7311	2.74
8243	2.71
1655	2.66
7167	2.64
6136	2.59
10383	2.58
55173	2.56
5094	2.52
5685	2.46
6651	2.42
6176	2.39
4234	2.33
9584	2.31
7536	2.25
4176	2.21
23521	2.16
5431	2.08
23204	2.07
2197	2.07
51230	2.04
3065	2.02
960	2.02
6161	2.02
23451	1.98
81570	1.97
6231	1.85
1654	1.81
1072	1.80
54815	1.78
204	1.65
7175	1.65
115098	1.57
9918	1.44
65980	1.43
972	1.42
8242	1.36
3298	1.33
10127	1.29
10765	1.23
4171	1.23
159	1.20
5610	1.20
6232	1.18
3720	1.07
9168	1.05
6234	0.97
3150	0.97
3015	0.95
5469	0.75
5111	0.74
55591	0.70
51742	0.70
4999	0.69
5981	0.67
4998	0.57
8208	0.55
1017	0.52
55703	0.52
672	0.49
7005	0.46
6908	0.43
57492	0.42
2115	0.40
10771	0.38
738	0.33
1407	0.30
5452	0.29
51513	0.28
1750	0.24
9519	0.23
54443	0.19
50943	0.19
29781	0.16
5927	0.12
7546	0.12
26009	0.11
5982	0.06
79142	0.05
25836	0.01
3757	-0.00
1387	-0.02
23649	-0.12
864	-0.12
23135	-0.14
905	-0.16
51514	-0.24
51121	-0.24
8538	-0.27
58508	-0.28
5441	-0.32
3670	-0.37
8554	-0.39
10198	-0.40
7543	-0.44
7403	-0.45
50484	-0.46
6284	-0.50
639	-0.50
9611	-0.50
55355	-0.54
8284	-0.55
6241	-0.56
10721	-0.62
1112	-0.65
3224	-0.68
6591	-0.72
8277	-0.78
10463	-0.79
22807	-0.81
4605	-0.88
51360	-0.93
54799	-0.94
51099	-1.07
5080	-1.21
2305	-1.22
5888	-1.38
80853	-1.42
9563	-2.42
