6175	11.62
4736	11.38
6122	10.91
6136	10.44
1938	10.34
23521	9.79
6194	9.26
1915	7.68
6161	7.62
6129	6.72
6206	6.47
6176	6.39
3326	6.14
6224	6.10
26986	5.94
6234	5.73
5250	5.67
7311	5.46
6232	5.28
4869	4.76
738	4.57
2197	4.40
2023	4.16
5036	4.15
4176	3.90
5094	3.61
2597	3.60
23028	3.54
8607	3.43
10576	3.39
9918	3.37
1974	3.37
4172	3.17
6231	3.01
3312	3.01
51154	2.85
204	2.77
4904	2.76
5693	2.61
5757	2.44
7167	2.41
5725	2.38
51602	2.15
5982	2.09
4171	2.08
10209	2.00
10061	1.99
5111	1.98
3065	1.95
51230	1.91
7175	1.78
10376	1.71
10153	1.71
3150	1.65
1017	1.65
29781	1.56
1164	1.35
3190	1.30
26009	1.30
5885	1.30
51099	1.26
3015	1.23
5315	1.22
8208	1.21
54623	1.20
960	1.20
23649	1.11
5431	1.10
9774	0.95
4800	0.93
5469	0.92
81570	0.92
8243	0.91
4234	0.90
3320	0.88
9563	0.87
10765	0.82
4998	0.80
11338	0.79
50484	0.79
6428	0.78
6591	0.76
972	0.73
5981	0.73
115098	0.71
3298	0.68
7314	0.62
5052	0.59
7316	0.56
8538	0.51
7536	0.46
672	0.46
51514	0.45
3309	0.30
5441	0.29
55703	0.27
10127	0.26
6427	0.26
9168	0.25
7756	0.23
5682	0.22
58517	0.22
55173	0.20
6284	0.18
10463	0.17
1112	0.13
60	0.12
5093	0.12
23633	0.12
79142	0.11
6647	0.11
10383	0.10
6241	0.10
22807	0.08
159	0.05
54443	0.02
4999	0.00
6908	0.00
5888	-0.04
3670	-0.07
54799	-0.07
4605	-0.18
51513	-0.19
7546	-0.21
9611	-0.24
23451	-0.27
58508	-0.28
8284	-0.33
8242	-0.33
5080	-0.33
10198	-0.34
10771	-0.34
8277	-0.34
51121	-0.40
7005	-0.47
57492	-0.49
50943	-0.51
55355	-0.52
3224	-0.53
639	-0.54
5700	-0.54
3181	-0.55
1072	-0.59
54815	-0.59
23135	-0.63
1407	-0.63
65980	-0.65
51360	-0.66
2305	-0.67
1654	-0.70
5927	-0.70
5717	-0.72
3757	-0.73
3301	-0.74
864	-0.75
55591	-0.75
9584	-0.76
1750	-0.79
1387	-0.80
5685	-0.90
3720	-0.91
6651	-0.95
8554	-0.96
5610	-1.02
80853	-1.10
9519	-1.10
2115	-1.11
10721	-1.15
25836	-1.25
23204	-1.27
1655	-1.29
5452	-1.36
51742	-1.48
7403	-1.63
7543	-1.83
905	-1.93
