1750	4.15
8538	3.08
5080	2.34
3224	1.95
6591	1.81
9519	1.35
3298	1.32
3757	1.09
7546	1.02
3065	0.98
4998	0.90
5927	0.80
6908	0.78
204	0.74
51514	0.74
2115	0.68
3301	0.67
4999	0.63
51121	0.61
5036	0.61
5431	0.61
8554	0.60
4171	0.59
7167	0.58
23649	0.58
55703	0.54
9774	0.49
3190	0.49
6206	0.47
3150	0.45
23135	0.45
639	0.45
5888	0.43
5757	0.43
1915	0.42
23028	0.41
79142	0.41
6129	0.40
10721	0.35
5682	0.29
5685	0.27
4904	0.27
7314	0.27
5700	0.27
1017	0.27
10153	0.26
29781	0.24
738	0.23
3320	0.20
51602	0.19
25836	0.18
5052	0.15
672	0.11
6122	0.10
6161	0.10
159	0.09
864	0.09
22807	0.09
6194	0.09
11338	0.08
6428	0.08
7311	0.05
5981	0.03
5693	0.02
10383	0.01
55355	0.01
1164	0.00
58517	-0.01
7536	-0.02
1938	-0.04
3615	-0.07
7175	-0.09
2197	-0.11
23451	-0.11
8284	-0.12
8277	-0.13
5441	-0.14
1974	-0.14
3309	-0.15
10127	-0.16
10463	-0.16
4605	-0.17
4172	-0.18
5111	-0.18
4800	-0.19
81570	-0.21
54623	-0.21
3181	-0.21
7316	-0.21
8607	-0.21
1387	-0.22
6136	-0.23
7403	-0.24
5725	-0.25
6232	-0.26
1655	-0.26
55173	-0.27
9918	-0.27
65980	-0.27
9584	-0.27
3015	-0.28
2023	-0.29
50943	-0.30
51513	-0.30
6284	-0.31
10576	-0.32
5885	-0.32
3312	-0.34
5250	-0.34
23521	-0.34
6231	-0.34
2597	-0.35
8208	-0.35
80853	-0.35
7005	-0.35
10209	-0.36
10771	-0.36
3326	-0.37
6175	-0.38
10376	-0.39
9611	-0.39
6224	-0.40
10198	-0.41
26009	-0.41
54443	-0.41
6427	-0.42
54799	-0.46
6176	-0.48
5094	-0.50
6241	-0.51
51742	-0.53
58508	-0.53
2305	-0.53
6234	-0.54
8243	-0.56
5315	-0.57
5982	-0.57
1407	-0.58
4736	-0.58
1112	-0.58
7756	-0.60
9168	-0.61
51099	-0.63
26986	-0.63
5452	-0.65
55591	-0.65
905	-0.67
57492	-0.68
4869	-0.69
54815	-0.70
6651	-0.70
5469	-0.70
51154	-0.71
115098	-0.71
7543	-0.71
5093	-0.72
9563	-0.73
5610	-0.74
972	-0.77
51360	-0.78
10765	-0.78
1654	-0.81
10061	-0.86
4234	-0.88
4176	-0.88
23204	-0.89
8242	-0.93
960	-0.94
1072	-0.96
60	-0.97
6647	-1.00
51230	-1.01
23633	-1.03
5717	-1.04
3720	-1.10
50484	-1.16
