10765	6.37
54799	4.82
1112	3.98
7403	3.87
80853	3.71
8242	3.16
54815	3.00
58508	2.95
1387	2.85
57492	2.63
23135	2.59
4800	2.56
23028	2.51
51230	2.37
25836	2.16
51742	2.11
1654	2.01
23451	1.95
639	1.90
5725	1.86
5927	1.81
3190	1.68
23633	1.67
9584	1.63
65980	1.50
9611	1.50
4904	1.39
5757	1.38
7005	1.35
58517	1.33
7175	1.33
5717	1.26
55173	1.17
9774	1.16
960	1.16
3181	1.13
26986	1.11
7546	1.09
5093	1.07
3326	1.07
22807	1.06
905	1.04
51099	1.03
8554	1.02
6428	1.02
1938	0.97
5700	0.95
7756	0.87
6908	0.87
55703	0.83
3309	0.81
4172	0.80
4999	0.78
5452	0.78
9519	0.70
6651	0.69
8277	0.69
51602	0.68
81570	0.67
10127	0.65
4736	0.64
5431	0.62
50484	0.61
5469	0.57
50943	0.50
7543	0.48
972	0.47
115098	0.47
1407	0.45
10153	0.44
11338	0.41
7311	0.40
79142	0.38
10463	0.38
5982	0.38
9918	0.37
2115	0.29
5885	0.27
8284	0.25
864	0.25
5981	0.21
2023	0.21
159	0.20
5610	0.20
3015	0.18
60	0.18
6591	0.17
26009	0.12
6427	0.12
8243	0.08
7316	0.08
4869	0.08
2597	0.07
5315	-0.00
6175	-0.00
1164	-0.01
29781	-0.05
4234	-0.06
3150	-0.06
204	-0.06
51154	-0.07
51514	-0.07
4176	-0.08
3065	-0.08
10771	-0.10
6176	-0.10
5682	-0.11
5052	-0.12
7167	-0.13
3298	-0.13
6232	-0.14
10198	-0.14
10576	-0.15
1915	-0.16
1655	-0.16
6206	-0.16
55355	-0.18
8607	-0.20
738	-0.20
6136	-0.23
6122	-0.24
4171	-0.24
51513	-0.26
51121	-0.28
1750	-0.33
6194	-0.34
8538	-0.36
3224	-0.42
1072	-0.43
2197	-0.44
3757	-0.48
9563	-0.48
23521	-0.50
7314	-0.51
5094	-0.52
23204	-0.52
54443	-0.53
5685	-0.54
6234	-0.54
4998	-0.61
1974	-0.62
672	-0.65
7536	-0.67
5693	-0.68
6231	-0.70
55591	-0.73
9168	-0.75
4605	-0.76
5080	-0.76
54623	-0.80
6224	-0.82
5036	-0.83
3301	-0.84
10721	-0.85
3615	-0.91
3320	-0.92
6161	-0.97
5441	-0.98
1017	-1.03
3670	-1.10
6284	-1.11
10209	-1.11
6129	-1.13
23649	-1.13
10061	-1.25
5250	-1.26
2305	-1.30
8208	-1.33
6241	-1.33
10376	-1.34
3312	-1.42
10383	-1.43
5888	-1.48
5111	-1.71
51360	-1.80
6647	-2.33
