8277	1.58
4605	1.58
3298	1.46
1750	1.43
81570	1.41
8554	1.33
9519	1.27
58508	1.13
2305	1.10
3670	1.09
4171	1.00
5036	0.94
23135	0.93
10383	0.85
10576	0.81
29781	0.71
23028	0.71
115098	0.71
8538	0.68
80853	0.68
8242	0.66
7005	0.66
10771	0.66
9918	0.64
5885	0.60
4998	0.58
5093	0.58
4234	0.57
10127	0.57
10376	0.56
4999	0.51
10198	0.51
1938	0.50
51602	0.47
738	0.47
4904	0.43
8284	0.41
3312	0.38
25836	0.34
3224	0.32
8607	0.31
10463	0.28
10721	0.27
7314	0.24
10061	0.24
5982	0.23
4176	0.23
3150	0.23
1017	0.18
10153	0.17
7311	0.16
7167	0.16
7403	0.16
1164	0.15
3190	0.14
3301	0.11
1974	0.10
5094	0.10
5888	0.10
5431	0.10
50943	0.07
6122	0.07
3320	0.06
54815	0.06
7536	0.04
60	0.04
51360	0.04
5682	0.03
6129	0.03
5452	0.03
55703	0.02
51514	0.02
6161	0.01
3326	-0.00
905	-0.01
23649	-0.01
7543	-0.02
55355	-0.04
6175	-0.04
23451	-0.05
51154	-0.06
3181	-0.07
6206	-0.08
6908	-0.09
9774	-0.11
6241	-0.13
3015	-0.17
1915	-0.20
57492	-0.20
5757	-0.23
55591	-0.25
79142	-0.26
4869	-0.29
6428	-0.30
4172	-0.30
26986	-0.31
1387	-0.31
6176	-0.31
5685	-0.32
8208	-0.32
6647	-0.33
5111	-0.34
10765	-0.34
10209	-0.36
6231	-0.36
5610	-0.37
6234	-0.37
7756	-0.38
3309	-0.39
1654	-0.39
2115	-0.39
3065	-0.39
51513	-0.40
6136	-0.40
1072	-0.41
26009	-0.41
2597	-0.45
22807	-0.46
11338	-0.46
6194	-0.46
9584	-0.47
2197	-0.47
54443	-0.47
3720	-0.48
864	-0.48
23204	-0.48
6232	-0.50
7316	-0.50
5250	-0.51
54799	-0.52
5693	-0.52
5469	-0.53
7546	-0.53
672	-0.54
1655	-0.55
5080	-0.55
639	-0.56
7175	-0.57
5052	-0.57
4800	-0.57
23521	-0.58
6427	-0.58
54623	-0.58
6224	-0.59
5725	-0.62
1407	-0.63
5927	-0.65
4736	-0.65
51121	-0.69
23633	-0.69
50484	-0.72
8243	-0.72
3615	-0.73
5717	-0.75
65980	-0.76
204	-0.78
5700	-0.81
51099	-0.83
9563	-0.85
5441	-0.85
6591	-0.85
51742	-0.87
5981	-0.90
55173	-0.93
6651	-0.94
58517	-0.97
1112	-1.01
972	-1.03
960	-1.03
51230	-1.08
9611	-1.21
2023	-1.35
9168	-1.64
159	-1.72
5315	-1.76
6284	-2.13
