4998	12.09
4172	11.84
4176	10.55
8208	10.09
51514	9.75
5888	8.48
23649	8.21
5111	7.86
4605	7.52
5982	7.22
29781	7.01
672	6.42
6241	5.98
10721	5.48
1017	5.44
2305	4.56
9918	4.04
5725	3.91
8607	3.90
8243	3.39
11338	2.71
55355	2.54
10127	2.43
81570	2.32
3615	2.08
3298	1.87
5315	1.87
10376	1.85
3015	1.83
3190	1.83
51154	1.74
9774	1.74
738	1.68
5981	1.67
5885	1.67
2023	1.62
6427	1.53
57492	1.48
9563	1.38
2597	1.32
1938	1.31
8242	1.29
23028	1.23
3326	1.23
7167	1.20
7316	1.11
10383	1.05
65980	1.03
4234	1.03
3065	1.00
3757	1.00
5700	1.00
7175	0.99
5036	0.91
54623	0.91
55703	0.90
7403	0.90
5757	0.87
5717	0.85
3181	0.84
51602	0.83
54443	0.79
204	0.79
54799	0.68
10576	0.68
22807	0.67
26009	0.65
3670	0.59
10061	0.58
5093	0.57
1072	0.54
23451	0.53
60	0.51
6428	0.49
4904	0.48
10771	0.47
5094	0.47
1750	0.44
7543	0.44
51360	0.38
7536	0.38
5080	0.36
1387	0.33
10153	0.32
1654	0.31
6175	0.27
3224	0.24
8284	0.23
7314	0.21
5250	0.21
5682	0.19
5431	0.11
8277	0.10
54815	0.09
972	0.09
2115	0.07
8538	0.07
50943	0.06
3150	0.06
10198	0.04
4736	0.03
6122	0.02
639	0.00
6284	-0.00
25836	-0.01
3309	-0.03
5927	-0.03
3320	-0.12
26986	-0.13
51513	-0.14
6176	-0.14
4999	-0.17
51230	-0.19
6161	-0.22
6224	-0.23
3720	-0.24
5052	-0.24
5469	-0.26
5610	-0.27
4869	-0.29
8554	-0.29
10463	-0.30
7756	-0.32
6647	-0.32
864	-0.35
9584	-0.36
51121	-0.38
2197	-0.38
6194	-0.38
6136	-0.39
1974	-0.40
23633	-0.41
115098	-0.42
1112	-0.42
6232	-0.44
6651	-0.45
6908	-0.46
5693	-0.47
51742	-0.49
51099	-0.50
3312	-0.55
960	-0.55
7546	-0.56
1915	-0.58
7005	-0.58
6129	-0.60
6206	-0.61
5685	-0.63
1164	-0.66
3301	-0.67
905	-0.72
50484	-0.78
5441	-0.81
23204	-0.87
58508	-0.89
159	-0.91
6591	-0.93
23521	-0.94
4800	-1.00
6231	-1.02
7311	-1.05
9168	-1.14
23135	-1.21
58517	-1.26
79142	-1.28
6234	-1.28
9611	-1.35
55173	-1.36
10765	-1.37
1407	-1.37
9519	-1.37
5452	-1.39
1655	-1.47
55591	-1.65
10209	-1.74
80853	-2.06
