4176	12.68
4171	11.84
5982	9.67
5111	9.25
8208	8.68
51514	7.96
23649	7.71
672	7.64
8243	7.46
4998	7.34
1017	7.33
5888	6.67
9918	4.82
3326	4.59
8607	4.42
3065	4.12
5725	3.97
29781	3.96
5036	3.89
2023	3.55
4605	3.49
11338	3.38
3181	3.35
6241	3.34
3015	3.33
3615	3.17
7175	3.15
10376	3.08
6427	2.99
3190	2.99
5757	2.95
10061	2.83
6428	2.82
51154	2.79
5315	2.67
204	2.66
5981	2.59
54623	2.45
23028	2.44
5885	2.27
51602	1.85
5717	1.74
9774	1.72
10721	1.68
4800	1.63
10771	1.50
7005	1.49
55173	1.37
10576	1.35
65980	1.35
3312	1.33
6122	1.32
7756	1.18
60	1.18
6908	1.16
3298	1.09
5431	1.07
6175	1.03
2597	1.02
5469	1.01
10153	0.96
10127	0.94
55355	0.92
2115	0.85
3150	0.85
6194	0.83
57492	0.82
7167	0.80
1072	0.80
3720	0.80
4999	0.78
7316	0.75
5052	0.74
9563	0.73
7314	0.72
2305	0.70
4234	0.66
4869	0.65
51513	0.64
4736	0.63
54443	0.60
972	0.60
1915	0.57
4904	0.57
3320	0.54
1655	0.51
1938	0.50
58517	0.49
55703	0.48
5927	0.47
54815	0.47
54799	0.46
5693	0.45
5700	0.45
22807	0.45
6651	0.39
159	0.38
6224	0.37
51230	0.37
23451	0.35
8242	0.33
23521	0.28
51360	0.27
5685	0.26
8277	0.24
6206	0.23
8284	0.21
5093	0.18
6284	0.18
1654	0.17
6647	0.14
1750	0.12
5610	0.08
738	0.07
23633	0.07
9611	0.04
5080	0.04
10198	0.00
81570	-0.00
50943	-0.02
8538	-0.04
7403	-0.05
10383	-0.06
7536	-0.07
5250	-0.09
3309	-0.10
79142	-0.11
1112	-0.13
3670	-0.18
6161	-0.20
7543	-0.21
5094	-0.22
3757	-0.30
864	-0.31
9168	-0.31
1407	-0.36
1974	-0.37
639	-0.38
9584	-0.39
7546	-0.40
6232	-0.41
1164	-0.46
8554	-0.47
3301	-0.47
3224	-0.47
6176	-0.47
25836	-0.50
26986	-0.51
6129	-0.51
5682	-0.53
960	-0.54
115098	-0.57
23204	-0.58
5441	-0.59
6231	-0.62
51099	-0.63
1387	-0.64
5452	-0.64
51742	-0.70
6591	-0.74
7311	-0.74
26009	-0.81
51121	-0.86
6136	-0.88
6234	-0.90
58508	-1.22
2197	-1.26
10463	-1.42
50484	-1.54
905	-1.68
55591	-1.72
9519	-1.83
10765	-2.11
80853	-2.24
10209	-2.33
23135	-2.79
