4172	12.68
4171	10.55
5982	10.37
5111	7.55
4998	7.52
23649	6.90
1017	6.80
672	6.54
51514	6.46
8208	6.35
5888	5.88
4605	5.75
9918	5.63
8243	5.44
29781	4.93
6241	4.78
3015	4.63
11338	4.38
10061	4.21
3181	4.19
5725	4.18
3615	3.90
6427	3.52
3065	3.48
5036	3.25
10376	3.14
7536	3.06
5757	2.90
5885	2.90
3190	2.89
6428	2.81
2023	2.76
2305	2.74
51602	2.66
54623	2.64
23028	2.63
6122	2.49
10576	2.39
51154	2.36
55355	2.36
6175	2.32
8607	2.30
3326	2.21
54443	2.14
738	2.12
23451	2.08
7175	2.00
9774	2.00
1938	2.00
10721	1.90
54799	1.89
65980	1.82
6194	1.79
8242	1.73
5693	1.72
7756	1.69
2597	1.66
5717	1.65
7316	1.59
5981	1.52
204	1.50
5315	1.49
10383	1.47
5927	1.41
5094	1.38
23521	1.36
7314	1.35
10127	1.29
9584	1.29
58508	1.22
7167	1.21
58517	1.17
6224	1.15
1915	1.12
5250	1.11
4800	1.09
6908	1.09
5431	1.09
1655	1.04
7543	1.04
4736	1.02
4999	0.98
1164	0.93
3150	0.93
10771	0.90
5700	0.89
26986	0.88
7403	0.88
6284	0.86
80853	0.82
1654	0.77
4904	0.75
57492	0.74
54815	0.74
60	0.73
6161	0.72
2115	0.72
3298	0.56
7311	0.55
6129	0.55
6136	0.53
1072	0.53
6176	0.51
3312	0.49
6206	0.46
10153	0.42
10198	0.33
51099	0.31
5093	0.31
79142	0.30
23633	0.30
4234	0.29
23204	0.29
3301	0.28
8277	0.26
905	0.25
9168	0.24
3757	0.23
8284	0.23
3320	0.21
81570	0.21
1387	0.20
2197	0.18
1407	0.17
5052	0.15
5469	0.13
4869	0.10
51742	0.03
26009	-0.05
3720	-0.08
9563	-0.08
960	-0.10
5682	-0.11
6232	-0.12
3309	-0.12
1974	-0.14
639	-0.15
159	-0.17
972	-0.28
1750	-0.29
22807	-0.31
3224	-0.31
9611	-0.32
5452	-0.33
6234	-0.33
1112	-0.33
6231	-0.33
25836	-0.33
5685	-0.34
51513	-0.35
6647	-0.35
7005	-0.38
51360	-0.41
5610	-0.42
864	-0.44
5080	-0.46
8538	-0.50
51230	-0.59
6651	-0.59
50943	-0.60
55703	-0.64
5441	-0.64
10765	-0.65
9519	-0.66
23135	-0.71
7546	-0.73
8554	-0.76
10209	-0.78
3670	-0.88
6591	-1.00
55591	-1.01
115098	-1.02
50484	-1.31
51121	-1.33
10463	-1.73
55173	-1.88
