51154	8.09
55703	4.18
10576	3.93
5036	3.93
51602	3.79
65980	3.55
10061	3.43
8607	3.21
11338	2.62
10127	2.61
6427	2.44
7536	2.40
3326	2.33
3309	2.26
6231	1.97
23649	1.94
6428	1.93
960	1.87
3312	1.85
4869	1.83
10153	1.62
1654	1.61
4800	1.61
81570	1.49
5725	1.48
29781	1.47
10383	1.47
5717	1.35
10376	1.34
5682	1.34
1655	1.31
5982	1.26
9774	1.26
5888	1.23
115098	1.21
6241	1.12
54815	1.10
26009	1.09
5757	1.07
58517	1.05
7756	1.04
4171	1.03
3301	1.02
50943	1.02
5700	1.00
54623	0.99
4605	0.98
10771	0.97
51121	0.94
204	0.91
1387	0.90
3615	0.90
79142	0.84
10209	0.81
5469	0.79
6161	0.78
2023	0.78
6234	0.74
5094	0.74
672	0.73
23135	0.71
51360	0.70
5693	0.69
9584	0.69
4172	0.66
6175	0.66
5441	0.62
57492	0.61
3757	0.57
51514	0.54
51513	0.50
2305	0.49
8538	0.47
1750	0.42
1407	0.40
10198	0.37
7403	0.33
8242	0.33
8243	0.30
6651	0.30
7543	0.29
1072	0.29
4176	0.29
6908	0.28
1017	0.28
3224	0.22
6136	0.20
7167	0.20
905	0.19
1164	0.18
51099	0.17
6232	0.17
6224	0.15
6284	0.14
6206	0.12
7316	0.09
4998	0.08
3181	0.08
60	0.08
6122	0.06
7546	0.04
7311	0.02
159	0.02
9168	-0.00
54799	-0.02
7314	-0.02
5315	-0.03
6194	-0.03
3720	-0.06
8208	-0.06
25836	-0.08
55591	-0.10
4736	-0.12
6129	-0.12
6591	-0.14
5093	-0.19
8284	-0.19
2597	-0.19
5052	-0.21
7005	-0.23
3320	-0.23
8277	-0.24
639	-0.24
10721	-0.25
23451	-0.29
3190	-0.33
26986	-0.34
4999	-0.37
55355	-0.38
51742	-0.39
5685	-0.39
6176	-0.43
4904	-0.43
1915	-0.45
23521	-0.45
9563	-0.45
55173	-0.54
5080	-0.56
2197	-0.56
738	-0.58
5111	-0.59
864	-0.65
5610	-0.66
58508	-0.67
54443	-0.70
1938	-0.74
2115	-0.75
51230	-0.75
23028	-0.75
5250	-0.79
7175	-0.80
3150	-0.81
6647	-0.84
23633	-0.88
3670	-0.88
3298	-0.88
22807	-0.89
9918	-0.97
10463	-0.99
972	-1.00
80853	-1.02
5452	-1.07
9519	-1.08
10765	-1.12
5981	-1.16
23204	-1.34
3015	-1.43
50484	-1.68
5927	-1.72
9611	-1.72
5885	-1.75
1974	-1.78
8554	-1.81
5431	-2.01
1112	-2.62
3065	-2.66
