6241	11.80
2305	11.61
5888	10.56
51514	9.77
4998	8.89
55355	8.74
4171	7.52
10721	6.89
8208	6.34
4176	5.75
672	5.36
54443	4.95
1017	3.51
4172	3.49
5982	3.46
29781	3.10
23649	3.03
5111	2.95
10376	2.22
9918	1.93
8243	1.84
4904	1.60
3757	1.58
5757	1.35
10383	1.30
1938	1.28
60	1.28
26986	1.27
3015	1.17
1072	1.12
10127	1.04
5094	1.04
3150	1.00
4234	0.98
5725	0.97
738	0.97
115098	0.91
54815	0.88
6176	0.80
6175	0.79
54623	0.79
5981	0.75
6427	0.75
2597	0.68
6232	0.65
6231	0.65
6224	0.63
1387	0.63
51154	0.62
50943	0.61
6136	0.59
8538	0.57
6122	0.55
1164	0.53
5610	0.50
3181	0.49
7311	0.48
58508	0.47
8277	0.46
11338	0.45
10209	0.42
81570	0.40
23521	0.37
23204	0.37
3065	0.36
6428	0.36
9584	0.35
7536	0.31
57492	0.31
10771	0.30
5885	0.29
5080	0.27
5036	0.26
10198	0.25
51602	0.25
9168	0.24
5469	0.22
6129	0.22
5717	0.21
7316	0.20
80853	0.20
2197	0.19
10061	0.14
65980	0.13
6194	0.12
8284	0.11
6234	0.10
1112	0.10
2023	0.09
6206	0.08
6647	0.07
7403	0.06
58517	0.04
1750	0.03
4736	0.03
864	0.02
5315	0.01
7005	-0.02
6284	-0.03
51742	-0.04
5441	-0.05
5052	-0.08
9563	-0.12
10463	-0.14
3309	-0.14
6161	-0.15
9774	-0.16
3670	-0.17
7167	-0.17
8607	-0.18
3615	-0.18
7546	-0.19
639	-0.19
3320	-0.20
23028	-0.21
54799	-0.21
6908	-0.22
5700	-0.23
7756	-0.27
5250	-0.28
5452	-0.30
6591	-0.33
3190	-0.33
7175	-0.36
4869	-0.37
7543	-0.40
5693	-0.41
905	-0.43
3224	-0.47
23135	-0.49
51360	-0.50
1655	-0.51
8242	-0.51
1407	-0.53
25836	-0.53
51513	-0.57
3312	-0.58
10576	-0.59
22807	-0.59
51230	-0.60
51099	-0.60
1654	-0.60
5927	-0.66
23451	-0.67
9519	-0.71
55591	-0.72
4800	-0.72
3720	-0.76
204	-0.78
1915	-0.79
5685	-0.79
5682	-0.85
8554	-0.85
51121	-0.87
3326	-0.88
7314	-0.89
50484	-0.91
960	-0.98
972	-0.99
10765	-0.99
55703	-1.02
3298	-1.05
6651	-1.05
5093	-1.10
23633	-1.10
2115	-1.11
4999	-1.35
9611	-1.39
3301	-1.48
55173	-1.53
5431	-1.55
26009	-1.63
10153	-1.65
159	-1.90
1974	-1.93
79142	-2.03
