6194	20.89
6136	20.32
23521	18.82
6122	18.62
6175	17.14
6232	16.70
6206	16.43
6224	15.17
1915	14.74
6129	14.59
6176	14.09
6161	13.60
1938	12.05
7311	12.01
3615	11.38
6234	11.37
2197	10.52
26986	7.74
6231	6.98
738	6.57
5250	5.72
4869	5.15
5094	5.04
10209	4.19
3326	4.14
1974	3.76
5757	3.70
10576	3.55
2597	3.52
4904	3.48
9168	3.44
3150	2.73
3015	2.53
6428	2.45
51121	2.38
3312	2.35
51602	2.25
6647	2.07
6284	2.03
23028	1.93
5036	1.92
5693	1.88
51154	1.81
3065	1.80
5093	1.79
7756	1.70
26009	1.63
2023	1.57
3190	1.53
55173	1.49
7314	1.47
7536	1.45
6427	1.41
10153	1.36
5725	1.22
1164	1.17
960	1.16
51230	1.14
7316	1.12
7175	1.10
204	1.04
55591	1.04
4176	1.02
9584	1.02
10061	0.99
9563	0.95
10765	0.94
1112	0.94
9774	0.89
5441	0.89
9918	0.87
4800	0.86
7005	0.84
54799	0.76
5431	0.74
5052	0.69
6651	0.67
3720	0.64
4172	0.63
10376	0.62
8538	0.61
8607	0.60
23451	0.60
6908	0.56
57492	0.54
5885	0.52
10127	0.51
7167	0.48
5685	0.47
9519	0.43
5981	0.38
972	0.37
3309	0.35
1387	0.35
3301	0.32
3298	0.30
22807	0.26
10463	0.25
3320	0.24
5682	0.23
5700	0.21
639	0.20
6591	0.19
1017	0.17
4998	0.15
11338	0.13
60	0.13
23135	0.08
25836	0.07
54443	0.06
5111	0.06
79142	0.06
29781	0.05
7546	0.04
159	0.03
4605	0.03
4171	0.03
1750	0.03
55355	0.01
5469	0.00
51742	-0.00
5927	-0.04
4999	-0.04
58517	-0.05
58508	-0.06
8554	-0.08
4234	-0.12
50943	-0.13
864	-0.13
55703	-0.14
2305	-0.15
51514	-0.16
1655	-0.16
8277	-0.17
51513	-0.18
23204	-0.22
80853	-0.22
5452	-0.23
10771	-0.32
54815	-0.39
1072	-0.41
6241	-0.43
8242	-0.43
5982	-0.47
1654	-0.54
5315	-0.55
3224	-0.56
10198	-0.57
7403	-0.58
3670	-0.58
9611	-0.59
905	-0.60
5888	-0.65
3757	-0.65
8208	-0.71
65980	-0.76
5080	-0.79
23633	-0.81
8243	-0.82
8284	-0.87
2115	-0.91
81570	-1.01
50484	-1.03
115098	-1.04
23649	-1.14
7543	-1.15
1407	-1.36
10721	-1.44
51099	-1.45
3181	-1.52
672	-1.54
5717	-1.62
54623	-1.62
5610	-1.72
51360	-1.76
10383	-2.09
