3301	4.16
11338	4.06
3326	3.76
3312	3.26
10765	3.25
6428	3.11
7756	3.04
5469	2.99
23135	2.91
905	2.83
8554	2.80
79142	2.76
54623	2.72
3309	2.56
3720	2.56
7536	2.55
1655	2.50
9584	2.48
6651	2.42
58517	2.41
51742	2.36
5093	2.32
54815	2.19
1654	2.18
10127	2.14
65980	2.13
5757	2.10
5885	2.09
3190	2.05
57492	1.99
5927	1.98
6427	1.93
25836	1.92
51230	1.91
23451	1.89
1164	1.87
10061	1.79
7543	1.74
3150	1.73
1387	1.69
3320	1.68
3181	1.67
9774	1.66
5725	1.64
4172	1.63
4234	1.61
6908	1.55
4999	1.55
55173	1.53
26986	1.51
10383	1.49
7175	1.48
51099	1.47
1017	1.47
81570	1.46
23028	1.42
58508	1.42
23204	1.41
9519	1.40
60	1.39
80853	1.36
115098	1.32
3065	1.29
6234	1.24
6591	1.20
9918	1.19
7403	1.19
6122	1.18
1974	1.15
5094	1.13
5431	1.11
7311	1.10
4176	1.09
8242	1.04
2197	1.03
10209	1.02
159	0.95
3615	0.93
5717	0.90
6224	0.90
1407	0.89
8243	0.88
4736	0.86
6194	0.84
9168	0.80
1915	0.79
7005	0.74
6161	0.72
54799	0.68
10198	0.65
7316	0.64
960	0.64
6232	0.61
7314	0.59
8284	0.56
23633	0.55
9611	0.53
1750	0.51
10576	0.51
7546	0.47
672	0.46
10771	0.45
51602	0.44
6241	0.44
8277	0.42
23649	0.34
5982	0.34
55355	0.33
55703	0.32
1072	0.28
23521	0.27
2115	0.25
4904	0.22
50484	0.21
10376	0.21
3015	0.19
3298	0.17
639	0.17
6129	0.17
5693	0.15
22807	0.14
26009	0.06
54443	0.06
51121	0.06
10153	0.05
6206	0.04
51154	0.03
6231	0.02
4869	-0.02
6175	-0.06
5111	-0.06
8607	-0.09
51514	-0.09
9563	-0.10
1938	-0.10
8538	-0.12
5452	-0.13
3670	-0.19
5052	-0.31
2023	-0.32
5080	-0.32
5610	-0.33
29781	-0.34
5441	-0.38
5036	-0.39
51360	-0.41
5685	-0.43
1112	-0.49
204	-0.51
2597	-0.51
6136	-0.55
3224	-0.56
3757	-0.57
738	-0.64
972	-0.65
864	-0.67
51513	-0.70
4605	-0.72
5315	-0.79
6176	-0.86
2305	-0.91
4171	-1.00
6284	-1.00
50943	-1.05
8208	-1.08
5682	-1.10
10463	-1.18
55591	-1.22
5888	-1.27
5981	-1.34
6647	-1.36
5250	-1.43
5700	-1.50
7167	-1.50
4998	-1.58
10721	-1.69
