6129	5.68
4736	5.15
51602	4.93
6194	4.88
3615	4.76
1915	4.74
23521	4.65
6122	4.61
6136	4.56
10576	4.52
6161	4.50
3326	4.25
6224	4.14
26986	3.87
6206	3.79
10153	3.76
51121	3.71
6175	3.66
2197	3.58
6231	3.45
5757	3.40
1938	3.39
5036	3.30
6234	3.22
5250	2.96
6232	2.82
7311	2.71
4904	2.68
51154	2.59
3150	2.45
5700	2.28
1974	2.17
3312	2.16
3320	2.12
6176	1.96
5682	1.93
6428	1.84
4234	1.83
8607	1.79
58517	1.74
2597	1.72
2023	1.72
23028	1.58
159	1.53
3015	1.51
5094	1.49
5725	1.49
7175	1.48
3181	1.44
3190	1.42
55703	1.40
5111	1.39
5052	1.38
115098	1.31
9774	1.29
5685	1.22
5431	1.19
6647	1.15
960	1.03
10127	0.99
3301	0.99
10209	0.99
5693	0.95
6284	0.93
5981	0.91
6241	0.87
3309	0.87
5885	0.86
7756	0.82
55173	0.78
26009	0.70
4172	0.65
9168	0.64
23451	0.63
11338	0.59
6427	0.58
65980	0.56
5441	0.56
51513	0.52
10376	0.52
25836	0.52
204	0.51
1164	0.50
738	0.47
3065	0.45
54815	0.37
29781	0.36
7314	0.35
10198	0.34
7546	0.33
51514	0.33
7167	0.33
9918	0.30
54799	0.26
1072	0.25
2115	0.25
5093	0.24
50484	0.24
3224	0.24
10771	0.24
7536	0.22
51099	0.21
4999	0.20
10061	0.19
1655	0.14
8538	0.12
10721	0.10
4176	0.10
54443	0.09
9584	0.09
5315	0.09
6591	0.08
3720	0.08
23204	0.06
10383	0.05
9519	0.04
51742	-0.02
4998	-0.02
4800	-0.02
6651	-0.04
10765	-0.06
54623	-0.09
5982	-0.11
5080	-0.14
3298	-0.16
51230	-0.16
81570	-0.19
60	-0.19
57492	-0.19
1654	-0.22
55591	-0.22
55355	-0.23
7316	-0.27
4171	-0.29
3757	-0.29
5610	-0.29
2305	-0.33
972	-0.33
8284	-0.36
8242	-0.37
4605	-0.37
10463	-0.38
50943	-0.39
1407	-0.43
7543	-0.44
8243	-0.45
5469	-0.45
5888	-0.45
5717	-0.48
79142	-0.50
1112	-0.51
672	-0.52
8277	-0.54
905	-0.55
51360	-0.56
8208	-0.66
23633	-0.68
3670	-0.69
639	-0.69
23135	-0.71
1017	-0.73
1387	-0.74
23649	-0.77
7005	-0.77
5927	-0.80
5452	-0.81
9611	-0.92
80853	-0.93
7403	-0.94
8554	-0.97
6908	-1.01
864	-1.10
58508	-1.19
22807	-1.23
1750	-1.41
9563	-1.81
