5757	7.10
26986	6.83
5036	6.60
7311	5.89
5094	5.73
115098	5.32
6136	5.01
6194	4.96
1938	4.78
2597	4.68
6206	4.62
6175	4.54
3150	4.52
6129	4.49
6224	4.41
3326	4.35
5093	4.35
1915	4.27
23028	4.25
10376	4.08
204	4.05
7314	3.88
23521	3.70
6122	3.69
6176	3.62
2197	3.60
3320	3.59
3181	3.49
4736	3.48
6231	3.40
2023	3.36
10576	3.31
5315	3.31
5250	3.28
1072	3.27
54815	3.26
5052	3.25
3190	3.24
11338	3.23
23633	3.20
6232	3.07
6427	3.04
60	3.04
3015	2.89
3615	2.76
9168	2.74
4869	2.68
5885	2.68
6647	2.60
10209	2.59
3312	2.53
51154	2.52
3065	2.49
6161	2.37
5725	2.30
58517	2.25
6234	2.18
5700	2.16
51602	2.09
5441	2.01
5685	1.93
81570	1.86
9774	1.85
7167	1.85
51121	1.80
26009	1.80
5981	1.78
8243	1.77
2305	1.76
6428	1.72
1112	1.72
7536	1.68
4605	1.60
5717	1.57
1164	1.55
8607	1.53
5682	1.50
10383	1.46
3720	1.39
4998	1.39
6908	1.37
3301	1.32
51230	1.28
7316	1.24
864	1.23
7175	1.12
972	1.11
960	1.10
9584	1.05
23451	1.03
9918	0.93
10153	0.92
9519	0.89
23204	0.89
10061	0.87
7546	0.75
4176	0.75
5452	0.70
65980	0.70
7756	0.70
6591	0.70
55173	0.68
3309	0.65
10198	0.61
54623	0.60
3298	0.58
4172	0.57
5111	0.53
738	0.53
2115	0.51
5610	0.50
4171	0.48
54443	0.47
51514	0.44
6651	0.44
55355	0.44
3757	0.43
5080	0.42
57492	0.41
58508	0.37
5982	0.36
1407	0.35
6241	0.33
1017	0.32
3670	0.27
1974	0.24
4800	0.22
5431	0.21
1750	0.20
8277	0.17
1387	0.14
51099	0.14
905	0.14
23135	0.10
8538	0.09
1655	0.08
5693	0.07
29781	0.06
5469	0.05
8208	-0.09
10771	-0.13
10721	-0.13
6284	-0.14
10463	-0.17
51742	-0.18
54799	-0.18
55591	-0.24
50943	-0.26
159	-0.28
9611	-0.30
10765	-0.30
3224	-0.33
22807	-0.34
4234	-0.43
80853	-0.46
55703	-0.52
25836	-0.60
8284	-0.62
672	-0.63
639	-0.68
8554	-0.68
1654	-0.68
50484	-0.69
23649	-0.74
7005	-0.84
5888	-0.85
51513	-0.87
7543	-1.02
79142	-1.08
10127	-1.31
8242	-1.37
5927	-1.39
9563	-1.39
4999	-1.72
7403	-1.88
51360	-2.78
