51514	13.59
4171	12.09
5888	11.28
8208	10.53
4605	8.89
10721	8.38
6241	8.32
4176	7.52
4172	7.34
55355	6.71
672	6.68
23649	6.32
5982	6.27
5111	6.26
2305	6.01
1017	4.98
54443	3.97
29781	3.30
2597	3.00
9918	2.56
5981	2.47
8243	2.36
3065	2.14
2023	1.84
10376	1.68
3015	1.67
204	1.65
7316	1.40
51154	1.40
4904	1.39
23028	1.38
5315	1.38
3298	1.38
5717	1.28
5725	1.26
81570	1.22
23633	1.20
5250	1.17
5052	1.15
26009	1.10
5700	1.07
6231	0.98
5080	0.94
55703	0.93
3670	0.90
2115	0.85
51099	0.81
1938	0.80
7167	0.80
3615	0.80
639	0.79
6122	0.78
6427	0.73
10061	0.71
5610	0.70
23521	0.69
54623	0.66
6136	0.60
3757	0.58
864	0.58
3326	0.57
1750	0.56
9774	0.53
10198	0.53
7311	0.53
6908	0.52
5036	0.51
7756	0.48
6175	0.48
1164	0.44
23451	0.35
6206	0.29
3309	0.29
10153	0.27
7403	0.26
6194	0.25
7175	0.22
5682	0.21
6284	0.21
6224	0.17
4736	0.15
57492	0.15
1654	0.13
50943	0.09
4234	0.08
8554	0.08
8538	0.06
10383	0.05
5927	0.05
2197	0.03
3312	0.02
58508	0.01
5757	0.01
6647	0.01
26986	-0.00
51602	-0.00
9563	-0.01
5094	-0.01
4869	-0.02
11338	-0.03
5431	-0.03
738	-0.04
960	-0.05
5093	-0.06
6232	-0.07
5885	-0.13
51513	-0.14
7546	-0.15
3181	-0.16
54799	-0.18
6161	-0.18
6176	-0.18
54815	-0.20
5693	-0.20
1915	-0.20
10127	-0.22
6591	-0.24
6129	-0.26
8284	-0.27
3150	-0.30
4999	-0.33
6428	-0.35
1112	-0.37
51360	-0.38
3224	-0.39
5469	-0.40
6234	-0.41
50484	-0.42
905	-0.42
5441	-0.47
8607	-0.48
9168	-0.49
8277	-0.52
10576	-0.54
65980	-0.55
7005	-0.58
51230	-0.60
3190	-0.60
3720	-0.61
5685	-0.62
1072	-0.63
7536	-0.65
10463	-0.68
58517	-0.71
22807	-0.71
9611	-0.71
60	-0.74
6651	-0.77
1387	-0.78
3320	-0.78
7543	-0.83
10209	-0.87
9519	-0.87
8242	-0.88
23204	-0.92
51121	-0.97
1974	-0.97
79142	-1.05
159	-1.07
115098	-1.08
7314	-1.08
10771	-1.19
51742	-1.20
9584	-1.23
1655	-1.28
55591	-1.29
1407	-1.29
972	-1.32
5452	-1.36
3301	-1.40
4800	-1.58
25836	-1.65
10765	-1.73
55173	-1.79
80853	-1.98
23135	-2.14
