23451	4.90
10198	3.43
6908	3.17
159	3.16
23028	3.07
51602	2.80
905	2.51
23649	2.47
54799	2.45
5431	2.37
8607	2.37
10153	2.24
55703	1.97
5610	1.86
9918	1.85
3190	1.78
10771	1.63
4800	1.55
10765	1.49
3298	1.38
7175	1.38
3065	1.38
7403	1.35
8554	1.35
9519	1.34
7756	1.30
58517	1.27
3181	1.24
10463	1.20
55173	1.13
5885	1.11
26009	1.10
5036	1.07
9611	1.02
1750	1.01
81570	1.00
51742	0.99
1654	0.99
4176	0.98
672	0.97
5725	0.94
55355	0.93
9774	0.93
5757	0.90
11338	0.86
8243	0.86
5093	0.86
7536	0.85
9584	0.84
65980	0.84
8242	0.83
4172	0.78
3720	0.78
54623	0.75
80853	0.74
6427	0.74
7546	0.71
79142	0.70
3326	0.69
25836	0.69
6428	0.65
3670	0.63
3224	0.63
5685	0.61
204	0.59
51230	0.57
50484	0.53
1655	0.51
3757	0.51
5981	0.50
6194	0.48
23633	0.46
5717	0.44
1017	0.43
738	0.39
639	0.39
5315	0.35
55591	0.32
1387	0.32
6651	0.32
10576	0.29
6176	0.26
7543	0.25
4869	0.20
8284	0.20
5693	0.18
7005	0.13
57492	0.13
6136	0.13
10061	0.12
54815	0.10
26986	0.08
51360	0.04
3301	0.04
5094	0.02
6206	0.02
8538	0.01
6591	0.01
3615	0.00
5682	-0.01
50943	-0.01
4736	-0.04
10721	-0.06
6241	-0.07
5469	-0.10
54443	-0.16
2197	-0.16
3312	-0.17
4171	-0.17
8208	-0.18
2115	-0.18
1164	-0.19
1974	-0.20
51154	-0.21
23135	-0.24
1938	-0.26
6232	-0.26
1915	-0.30
58508	-0.30
51513	-0.33
4998	-0.33
3150	-0.35
5080	-0.36
4234	-0.37
5452	-0.43
5982	-0.44
6231	-0.44
7311	-0.44
5927	-0.45
22807	-0.45
7167	-0.47
960	-0.51
23204	-0.55
2305	-0.59
10127	-0.62
23521	-0.62
1407	-0.70
6647	-0.70
6175	-0.71
6161	-0.73
864	-0.74
10383	-0.77
5052	-0.80
29781	-0.82
6234	-0.82
2023	-0.83
6224	-0.83
5111	-0.83
6122	-0.86
5888	-0.94
3320	-0.97
51099	-0.99
115098	-1.03
6284	-1.05
51514	-1.05
1112	-1.11
9563	-1.11
7314	-1.12
5700	-1.15
60	-1.15
972	-1.23
2597	-1.24
6129	-1.24
51121	-1.29
4605	-1.35
8277	-1.40
9168	-1.44
7316	-1.63
1072	-1.65
10376	-1.68
4904	-1.72
3309	-1.88
5250	-2.03
5441	-2.04
3015	-2.06
10209	-2.46
