10576	8.64
3326	7.06
4904	6.60
51154	6.26
8607	6.02
51602	5.55
6231	5.43
10061	5.09
3190	4.90
10376	4.74
115098	4.62
3312	4.51
5757	4.50
5717	4.33
5094	4.22
3615	4.15
4234	3.93
4172	3.89
2023	3.87
3320	3.78
5700	3.64
204	3.63
54815	3.48
7311	3.44
8243	3.41
6194	3.38
10383	3.30
4869	3.30
4176	3.25
10153	3.22
5315	3.20
23028	3.20
5093	3.18
3181	3.12
6129	3.07
5982	3.05
5725	3.01
6175	2.98
1938	2.94
5685	2.87
23633	2.85
6161	2.77
26986	2.74
7536	2.70
1017	2.62
2597	2.57
6136	2.51
58517	2.50
5682	2.43
7756	2.42
5052	2.40
6427	2.40
7167	2.40
2197	2.39
6122	2.39
11338	2.39
55703	2.38
6647	2.36
6908	2.36
6224	2.34
6206	2.32
7314	2.19
60	2.15
1072	2.12
9774	2.07
5469	2.03
4736	1.92
8208	1.91
23521	1.90
65980	1.89
23649	1.85
6428	1.82
960	1.77
5693	1.76
5250	1.72
6176	1.72
5111	1.65
81570	1.59
5431	1.57
3301	1.48
672	1.47
54623	1.44
3224	1.44
7175	1.42
10771	1.41
79142	1.41
5441	1.39
10209	1.38
3015	1.37
6651	1.31
1655	1.28
3065	1.25
9918	1.24
7316	1.21
51121	1.19
4999	1.07
2305	0.99
1654	0.96
3757	0.94
4171	0.91
51514	0.91
5885	0.89
10127	0.88
55173	0.85
1164	0.83
972	0.68
6232	0.63
1407	0.63
5610	0.62
3670	0.61
1915	0.60
23204	0.53
639	0.52
4998	0.51
1387	0.50
3150	0.46
10198	0.39
3309	0.37
51513	0.37
51099	0.35
5981	0.32
4605	0.26
9584	0.24
1750	0.22
7005	0.19
9611	0.18
6241	0.17
5452	0.16
22807	0.16
9519	0.16
3298	0.12
8554	0.11
7546	0.10
23451	0.07
58508	0.07
159	0.06
50943	0.03
55591	0.02
9168	0.01
5888	-0.00
54443	-0.06
80853	-0.07
51230	-0.07
5927	-0.09
8277	-0.11
6234	-0.13
738	-0.17
57492	-0.18
5080	-0.20
55355	-0.28
864	-0.30
2115	-0.32
6591	-0.32
8538	-0.33
10721	-0.38
25836	-0.38
4800	-0.39
1974	-0.43
51360	-0.54
23135	-0.55
1112	-0.57
29781	-0.58
8242	-0.64
10765	-0.65
3720	-0.83
26009	-0.97
6284	-1.02
7403	-1.06
10463	-1.08
7543	-1.13
54799	-1.34
8284	-1.43
51742	-1.56
50484	-1.60
905	-1.72
9563	-2.13
