5885	3.47
5431	2.74
10463	2.46
5111	2.15
51230	1.80
5610	1.67
26986	1.66
55173	1.40
905	1.37
51360	1.33
23633	1.26
7316	1.22
1654	1.18
5693	1.15
1112	1.14
80853	1.05
3320	1.03
8554	1.03
55591	1.02
7543	0.98
2115	0.95
23204	0.92
3015	0.89
7403	0.81
51099	0.79
3615	0.79
23451	0.78
9774	0.76
5685	0.73
51513	0.71
10153	0.71
159	0.67
2597	0.63
9519	0.62
10721	0.61
3720	0.61
3298	0.58
5052	0.56
5927	0.55
4999	0.53
6129	0.52
10198	0.47
7546	0.45
3301	0.41
1974	0.39
1655	0.38
5250	0.36
1164	0.35
5315	0.32
6224	0.30
4869	0.24
25836	0.22
54443	0.21
4800	0.21
51742	0.20
1938	0.18
54799	0.17
8242	0.17
639	0.16
672	0.10
5682	0.09
5981	0.05
81570	0.04
3150	0.03
8284	0.02
9611	0.02
7167	0.01
6591	-0.04
9918	-0.05
1915	-0.06
10765	-0.06
23521	-0.08
6908	-0.09
22807	-0.09
6284	-0.10
26009	-0.12
2197	-0.12
3190	-0.16
6176	-0.16
5469	-0.20
5441	-0.20
5982	-0.20
6231	-0.20
10576	-0.23
55355	-0.25
972	-0.25
115098	-0.25
51121	-0.26
7005	-0.27
23135	-0.29
9563	-0.31
6175	-0.31
1407	-0.32
58508	-0.36
7314	-0.40
4998	-0.42
51514	-0.43
7311	-0.43
3224	-0.44
79142	-0.44
3326	-0.46
3312	-0.46
5717	-0.56
6647	-0.59
6234	-0.63
6651	-0.65
8208	-0.66
1017	-0.67
6232	-0.67
7756	-0.68
4904	-0.69
10209	-0.69
3757	-0.72
51602	-0.72
8277	-0.73
8538	-0.74
960	-0.74
4171	-0.78
2305	-0.80
864	-0.80
7175	-0.80
5700	-0.83
10061	-0.84
10127	-0.86
1072	-0.88
6136	-0.88
4605	-0.91
6122	-0.93
3309	-0.94
2023	-0.98
23649	-0.99
3065	-1.00
6161	-1.00
58517	-1.01
5094	-1.02
4736	-1.03
60	-1.04
6241	-1.05
54623	-1.10
5452	-1.10
9168	-1.13
3670	-1.16
738	-1.19
8607	-1.22
51154	-1.22
9584	-1.25
6194	-1.27
4176	-1.31
54815	-1.32
5080	-1.32
11338	-1.33
1387	-1.37
10376	-1.40
57492	-1.45
5093	-1.46
204	-1.47
10383	-1.48
50943	-1.51
5725	-1.52
4172	-1.54
6428	-1.54
29781	-1.55
6206	-1.56
10771	-1.59
5036	-1.60
23028	-1.63
4234	-1.68
1750	-1.69
5757	-1.72
5888	-1.82
55703	-1.99
3181	-2.05
7536	-2.13
6427	-2.41
8243	-2.47
65980	-3.11
