6647	8.15
5682	5.96
5693	5.81
5685	5.37
5700	4.92
2023	4.69
3326	4.61
3320	4.54
5717	4.49
3312	4.27
7314	4.00
5315	3.81
3065	3.71
3015	3.71
10576	3.63
7167	3.33
10376	3.28
4904	3.25
1164	3.23
8607	3.22
23204	3.13
3301	3.06
3181	2.98
23633	2.97
1072	2.96
2597	2.91
9168	2.85
5250	2.84
10383	2.70
5441	2.66
6129	2.61
3190	2.60
5431	2.59
5111	2.51
7316	2.43
204	2.41
5036	2.40
6284	2.38
6175	2.29
51121	2.13
6231	2.10
23028	2.08
51154	1.96
60	1.59
7311	1.59
1915	1.42
6224	1.42
5757	1.38
4869	1.38
23521	1.34
10061	1.32
3309	1.30
6206	1.29
6241	1.19
1654	1.18
4998	1.15
6427	1.13
5982	1.08
3150	1.08
6136	1.05
5093	1.04
6428	0.91
5725	0.87
55173	0.83
1655	0.83
9519	0.83
1974	0.81
2197	0.79
9918	0.77
115098	0.77
4172	0.74
159	0.74
54443	0.73
23451	0.70
11338	0.69
6122	0.69
4736	0.69
972	0.63
6176	0.63
6194	0.61
5888	0.61
3615	0.59
51513	0.58
7756	0.57
50484	0.56
81570	0.52
960	0.49
8243	0.48
10209	0.46
6234	0.45
10127	0.43
79142	0.43
6232	0.40
7546	0.38
5080	0.38
51602	0.37
1017	0.33
23649	0.31
1407	0.29
10721	0.22
55591	0.22
51099	0.22
8208	0.19
6161	0.18
4176	0.15
3670	0.15
5452	0.12
8284	0.01
8242	0.01
10153	0.00
5094	-0.01
4605	-0.08
1112	-0.09
3298	-0.10
3720	-0.12
10765	-0.13
51514	-0.14
22807	-0.16
26009	-0.17
8538	-0.19
4234	-0.21
54799	-0.23
80853	-0.23
26986	-0.24
4171	-0.24
639	-0.26
2305	-0.28
58517	-0.29
4800	-0.31
5469	-0.36
10463	-0.37
54623	-0.40
3224	-0.42
7403	-0.42
51230	-0.43
55355	-0.43
9774	-0.43
5885	-0.47
50943	-0.53
3757	-0.57
6651	-0.59
51360	-0.62
2115	-0.66
55703	-0.67
1750	-0.67
7543	-0.70
864	-0.72
1938	-0.74
7005	-0.77
7175	-0.78
5927	-0.80
4999	-0.80
25836	-0.81
5610	-0.86
672	-0.88
54815	-0.90
65980	-0.92
8277	-0.92
58508	-0.98
9584	-1.07
8554	-1.09
905	-1.11
51742	-1.11
29781	-1.27
5981	-1.31
6591	-1.38
1387	-1.45
9563	-1.48
10198	-1.51
738	-1.59
57492	-1.74
23135	-1.79
7536	-1.90
6908	-2.15
10771	-2.48
9611	-2.50
