7546	5.52
3670	2.34
1750	2.01
3224	1.61
3298	1.32
8277	1.27
55355	1.24
54443	0.97
10721	0.94
4998	0.94
2305	0.93
2115	0.92
9918	0.92
23204	0.87
10198	0.78
8208	0.76
5927	0.76
57492	0.74
5888	0.70
672	0.69
639	0.66
8554	0.65
26009	0.61
51514	0.59
1407	0.56
1164	0.55
864	0.54
8538	0.51
9611	0.50
22807	0.50
4904	0.42
5725	0.40
5052	0.38
204	0.37
4171	0.36
29781	0.34
1017	0.32
6908	0.32
51742	0.31
5315	0.31
51099	0.30
5885	0.28
8243	0.28
4605	0.27
25836	0.27
10061	0.26
23649	0.25
2023	0.23
54815	0.21
7175	0.18
115098	0.18
6284	0.16
51602	0.15
3150	0.13
7543	0.11
1072	0.11
2597	0.11
6161	0.10
5111	0.10
7005	0.07
4172	0.04
3181	0.03
5982	0.02
51230	0.01
5469	0.01
6194	0.01
5682	-0.02
80853	-0.04
51154	-0.05
10771	-0.06
7403	-0.09
10383	-0.10
1112	-0.10
8607	-0.10
5431	-0.11
7756	-0.11
3065	-0.11
960	-0.14
4869	-0.14
11338	-0.14
6136	-0.16
6591	-0.16
10376	-0.16
51513	-0.17
10127	-0.17
6651	-0.17
23028	-0.17
26986	-0.18
905	-0.19
7314	-0.20
5036	-0.20
6224	-0.22
65980	-0.25
6241	-0.25
58508	-0.25
6175	-0.26
7311	-0.28
6234	-0.30
23135	-0.30
5981	-0.31
5441	-0.31
3320	-0.31
6122	-0.32
4800	-0.32
3615	-0.33
54623	-0.34
79142	-0.34
9519	-0.35
1974	-0.35
4999	-0.36
6647	-0.36
9584	-0.37
5452	-0.37
55173	-0.37
58517	-0.38
6129	-0.39
8284	-0.39
50943	-0.42
9563	-0.43
51360	-0.43
5717	-0.44
10153	-0.44
9774	-0.44
6427	-0.45
3015	-0.46
23521	-0.46
4176	-0.46
51121	-0.47
9168	-0.47
7536	-0.48
60	-0.49
3190	-0.49
23451	-0.54
3757	-0.55
738	-0.55
1655	-0.55
4234	-0.56
1387	-0.58
2197	-0.60
7316	-0.62
3309	-0.63
6428	-0.63
7167	-0.64
55703	-0.64
5700	-0.64
3312	-0.64
6206	-0.67
55591	-0.72
6231	-0.74
3720	-0.76
4736	-0.79
10576	-0.79
23633	-0.79
972	-0.81
54799	-0.82
3301	-0.83
5610	-0.85
5094	-0.87
1654	-0.89
5250	-0.96
5757	-0.96
6176	-0.96
1915	-0.97
10209	-1.01
5685	-1.01
159	-1.04
8242	-1.04
6232	-1.05
5693	-1.07
81570	-1.14
1938	-1.16
10765	-1.20
3326	-1.21
10463	-1.30
50484	-1.32
5093	-2.01
