5094	10.85
7536	6.01
1387	5.67
3190	5.51
10209	5.25
60	4.99
54815	4.39
4904	4.35
26986	4.01
5725	3.93
3326	3.58
11338	3.57
5885	3.49
6651	3.32
5036	3.18
3181	3.09
23135	3.07
57492	3.02
79142	2.94
5757	2.84
3320	2.82
1112	2.80
5717	2.77
54623	2.69
1072	2.62
7311	2.60
6427	2.53
10376	2.50
7756	2.48
3015	2.47
1938	2.43
6176	2.43
8243	2.35
25836	2.35
3301	2.33
8554	2.33
4800	2.32
2597	2.20
3309	2.14
58508	2.13
3312	2.11
2023	2.09
6232	2.07
10153	2.02
6428	2.01
23633	1.99
7314	1.96
10383	1.95
4736	1.79
115098	1.76
6136	1.71
6231	1.66
2197	1.66
9774	1.57
7316	1.57
5315	1.56
81570	1.54
6908	1.53
6206	1.45
1915	1.39
5250	1.39
5111	1.36
5610	1.35
51230	1.35
1407	1.32
1654	1.28
1974	1.27
5700	1.27
9918	1.26
5693	1.22
7167	1.20
6241	1.20
9519	1.18
9611	1.17
9584	1.16
10576	1.16
159	1.08
3720	1.07
8242	1.06
639	1.04
5052	1.04
738	1.03
5469	1.02
1655	1.00
23521	0.95
23451	0.91
5682	0.90
51099	0.86
7005	0.86
4999	0.86
2115	0.83
1164	0.83
6175	0.80
6234	0.79
7546	0.79
10765	0.76
7543	0.75
7175	0.74
23028	0.73
864	0.72
6224	0.69
23204	0.68
3065	0.66
51121	0.66
1750	0.63
1017	0.63
6647	0.63
5685	0.62
3757	0.58
2305	0.58
4171	0.57
6161	0.56
7403	0.53
905	0.51
51742	0.50
972	0.48
6194	0.48
50943	0.48
5452	0.42
10061	0.40
55355	0.39
58517	0.36
4176	0.31
3150	0.29
9168	0.26
4869	0.24
80853	0.24
6122	0.22
5982	0.22
960	0.18
4172	0.18
3615	0.12
3224	0.05
51602	0.03
8284	-0.05
4998	-0.06
204	-0.13
8607	-0.15
55173	-0.16
54799	-0.18
9563	-0.18
4234	-0.19
51154	-0.23
8277	-0.27
5981	-0.30
22807	-0.30
23649	-0.30
6129	-0.33
5441	-0.37
8538	-0.44
672	-0.48
51513	-0.48
5888	-0.57
8208	-0.63
55703	-0.63
10127	-0.69
5927	-0.72
3670	-0.72
51360	-0.76
6591	-0.77
29781	-0.78
6284	-0.80
55591	-0.85
10771	-0.88
54443	-0.90
26009	-1.10
4605	-1.10
65980	-1.11
51514	-1.19
10198	-1.23
3298	-1.38
5431	-1.43
50484	-1.46
10721	-1.62
5080	-2.01
10463	-3.24
