5093	10.85
26986	9.42
10209	9.15
7536	6.83
1938	6.35
5250	6.35
6175	6.18
7311	5.87
4904	5.73
6176	5.42
1387	5.30
6136	5.14
4736	5.04
3190	4.78
1915	4.74
6224	4.35
6122	4.24
5036	4.22
23521	4.11
6194	3.97
6232	3.94
6129	3.74
6206	3.65
3615	3.61
3015	3.51
5885	3.45
738	3.41
6234	3.18
2597	3.18
7756	3.08
3150	3.01
25836	3.00
6161	2.94
57492	2.94
2197	2.89
6231	2.84
2305	2.78
6651	2.70
54815	2.69
10576	2.63
23135	2.61
23028	2.55
5725	2.54
3326	2.52
7316	2.50
9918	2.42
11338	2.39
1112	2.28
5757	2.10
60	2.03
9519	2.03
6427	2.01
1655	2.01
7314	2.00
58508	1.99
23204	1.92
23633	1.86
1072	1.85
5469	1.82
6908	1.78
10376	1.73
1017	1.71
10198	1.68
8554	1.63
3065	1.58
5717	1.53
4869	1.49
9168	1.41
3181	1.40
4176	1.38
6428	1.36
3320	1.35
51230	1.35
1407	1.33
7167	1.26
5927	1.26
8243	1.22
1974	1.20
1164	1.19
2023	1.17
5682	1.17
54799	1.13
4800	1.13
9563	1.04
4605	1.04
9584	1.03
8242	0.91
5315	0.91
55591	0.87
51360	0.83
960	0.81
8538	0.81
9774	0.78
7175	0.76
5982	0.75
3312	0.74
4234	0.74
23649	0.70
9611	0.68
7403	0.66
7543	0.64
23451	0.60
1750	0.60
864	0.58
6647	0.55
81570	0.53
3298	0.48
4171	0.47
3301	0.46
1654	0.46
7546	0.45
5700	0.40
51099	0.37
5981	0.36
10383	0.36
3309	0.33
51121	0.33
29781	0.31
3224	0.31
10765	0.30
972	0.25
6241	0.22
79142	0.19
10127	0.18
51154	0.17
54623	0.12
50943	0.12
80853	0.11
3757	0.10
51742	0.09
6284	0.08
5685	0.07
6591	0.02
4999	0.02
5052	-0.01
4998	-0.01
115098	-0.03
5431	-0.03
5693	-0.05
10061	-0.05
5610	-0.07
8208	-0.11
58517	-0.12
26009	-0.13
639	-0.15
4172	-0.22
672	-0.24
8284	-0.27
7005	-0.29
5111	-0.34
10153	-0.35
54443	-0.45
51602	-0.46
65980	-0.48
3670	-0.50
3720	-0.52
5452	-0.53
2115	-0.57
10771	-0.62
8277	-0.63
8607	-0.64
905	-0.65
55355	-0.69
5888	-0.71
159	-0.71
51513	-0.77
10721	-0.79
55703	-0.83
5080	-0.87
51514	-0.93
204	-0.96
50484	-1.02
55173	-1.08
22807	-1.19
10463	-1.48
5441	-1.53
