864	3.57
5452	2.40
51513	2.28
639	1.63
8277	1.55
8243	1.36
55703	1.34
7536	1.30
22807	1.20
23135	1.17
10198	1.12
7175	1.11
51602	1.05
4234	1.02
8538	0.99
3150	0.92
51360	0.91
1750	0.76
3312	0.66
6647	0.63
4605	0.61
65980	0.60
972	0.56
26986	0.56
7403	0.54
9168	0.52
6241	0.51
3720	0.50
60	0.49
5093	0.48
1072	0.46
58517	0.43
57492	0.42
1655	0.41
5682	0.41
6908	0.39
3181	0.39
51742	0.37
5469	0.36
5315	0.32
5981	0.32
5757	0.32
8208	0.31
5725	0.30
8607	0.30
29781	0.29
8242	0.28
55591	0.27
2305	0.24
6194	0.23
10153	0.23
1387	0.23
51121	0.23
8284	0.20
6427	0.20
9563	0.19
23649	0.19
3326	0.19
80853	0.18
10209	0.18
905	0.16
6231	0.15
5094	0.12
960	0.11
3320	0.11
10061	0.10
10765	0.09
4998	0.09
204	0.08
3757	0.07
6161	0.07
4171	0.06
11338	0.06
54815	0.04
5036	0.03
5610	0.02
6136	0.00
6175	-0.00
6234	-0.00
5888	-0.00
4999	-0.01
2115	-0.01
55355	-0.01
54799	-0.02
4172	-0.02
6428	-0.02
5111	-0.06
9774	-0.07
10771	-0.07
5717	-0.08
10376	-0.10
51514	-0.11
4736	-0.13
51154	-0.15
10721	-0.16
5700	-0.19
2597	-0.19
3065	-0.19
7546	-0.19
5685	-0.20
9611	-0.22
23521	-0.23
26009	-0.23
3190	-0.26
3309	-0.26
4904	-0.26
2023	-0.28
6122	-0.29
6591	-0.29
3670	-0.30
5441	-0.30
7756	-0.32
6651	-0.33
6224	-0.34
10463	-0.36
5885	-0.37
6176	-0.37
1164	-0.37
25836	-0.37
3224	-0.38
672	-0.38
4869	-0.39
7167	-0.39
1654	-0.39
10127	-0.40
6232	-0.40
55173	-0.41
115098	-0.42
1112	-0.42
5080	-0.42
58508	-0.44
54443	-0.44
1938	-0.45
8554	-0.45
1017	-0.45
7005	-0.47
51230	-0.49
23204	-0.49
1407	-0.49
5982	-0.50
9918	-0.50
3615	-0.51
5052	-0.53
81570	-0.55
6129	-0.60
4176	-0.60
6206	-0.60
23633	-0.61
3301	-0.63
9584	-0.63
7543	-0.63
7314	-0.66
23451	-0.68
54623	-0.69
7311	-0.79
3015	-0.80
1915	-0.81
79142	-0.87
3298	-0.90
2197	-0.91
6284	-0.94
10383	-0.94
51099	-0.96
7316	-1.02
4800	-1.05
159	-1.08
5431	-1.09
738	-1.13
5693	-1.16
10576	-1.19
23028	-1.20
1974	-1.25
5250	-1.28
5927	-1.44
50484	-1.51
9519	-1.60
