1654	2.97
3301	2.70
3015	2.28
55703	2.07
3312	1.92
5982	1.86
5700	1.79
7403	1.63
7316	1.58
1407	1.58
79142	1.55
5250	1.49
4800	1.47
5441	1.44
9519	1.35
3615	1.26
7756	1.25
23633	1.25
1387	1.23
10383	1.23
6241	1.19
29781	1.17
1017	1.04
9774	1.04
3720	1.03
639	1.02
58508	1.01
25836	0.99
54815	0.98
5111	0.98
1072	0.95
5717	0.91
7314	0.89
10209	0.88
5093	0.86
3320	0.83
672	0.82
4998	0.81
10771	0.80
50484	0.79
5693	0.79
54623	0.75
1164	0.74
6284	0.71
5888	0.68
7543	0.65
1112	0.64
81570	0.64
8277	0.63
51514	0.62
23204	0.59
3309	0.58
10576	0.52
10061	0.47
5431	0.44
10765	0.42
51121	0.42
1655	0.41
6231	0.41
5094	0.37
54443	0.36
5036	0.35
55173	0.35
5682	0.33
3190	0.32
6908	0.31
9584	0.31
4176	0.31
5080	0.30
58517	0.30
9611	0.28
5052	0.22
26009	0.21
4869	0.21
60	0.21
6591	0.19
80853	0.18
4234	0.17
6651	0.17
960	0.16
7311	0.15
5610	0.15
8554	0.14
4904	0.14
23649	0.10
51154	0.09
7005	0.03
5725	0.02
23451	0.01
22807	-0.04
8242	-0.05
8284	-0.06
204	-0.06
10376	-0.08
8243	-0.09
6175	-0.10
8208	-0.13
1974	-0.15
23135	-0.17
5469	-0.17
159	-0.17
6161	-0.21
3298	-0.22
7175	-0.22
5885	-0.23
7546	-0.28
2597	-0.35
11338	-0.36
55591	-0.37
6194	-0.38
6427	-0.38
905	-0.39
51602	-0.39
10463	-0.40
51742	-0.40
2305	-0.44
10153	-0.44
6428	-0.44
5927	-0.45
54799	-0.46
6647	-0.46
4171	-0.50
115098	-0.51
3181	-0.51
3150	-0.56
51513	-0.56
65980	-0.56
8538	-0.57
10127	-0.57
7167	-0.58
4605	-0.60
7536	-0.61
55355	-0.62
3670	-0.63
10721	-0.63
4172	-0.63
3065	-0.69
57492	-0.75
5981	-0.77
26986	-0.77
6224	-0.81
3757	-0.83
2197	-0.84
51230	-0.95
50943	-0.96
2023	-0.98
3224	-0.98
6129	-0.99
4999	-0.99
6206	-1.03
8607	-1.06
3326	-1.07
2115	-1.14
1750	-1.16
6234	-1.27
1938	-1.28
9918	-1.28
9168	-1.38
6176	-1.38
6122	-1.39
1915	-1.41
5685	-1.45
4736	-1.45
23521	-1.48
10198	-1.51
5452	-1.55
6232	-1.59
51360	-1.59
5757	-1.63
864	-1.81
6136	-1.87
738	-1.90
5315	-1.94
972	-1.98
23028	-2.24
9563	-2.33
