4172	9.25
4171	7.86
51514	7.66
8208	7.63
4176	7.55
5888	6.88
3015	6.78
672	6.44
23649	6.28
4998	6.26
6241	6.10
5982	5.67
1017	4.91
8243	4.30
6427	3.62
6428	3.38
9918	3.36
10376	3.33
3150	3.13
5685	3.10
1164	3.06
4605	2.95
29781	2.89
10721	2.74
6647	2.65
10576	2.53
5052	2.51
3301	2.30
5885	2.16
3320	2.16
50484	2.15
3181	2.07
159	2.05
51121	2.02
3615	1.98
1655	1.98
3312	1.94
5757	1.92
10153	1.90
51602	1.85
3065	1.81
54443	1.79
5700	1.69
10383	1.67
5036	1.65
11338	1.62
7314	1.60
8607	1.56
9519	1.55
2305	1.51
5981	1.51
55355	1.48
54623	1.45
5682	1.42
5717	1.41
3190	1.40
4869	1.39
5093	1.36
9774	1.30
5725	1.28
51154	1.28
6224	1.28
5250	1.21
23204	1.11
7175	1.10
51513	1.09
23028	1.07
5315	1.07
2597	1.04
5441	1.02
2023	0.98
51099	0.98
204	0.98
2115	0.92
7167	0.88
5927	0.88
1072	0.80
3298	0.77
3326	0.74
6206	0.71
9168	0.70
6194	0.70
1407	0.62
5431	0.58
10198	0.57
4904	0.53
10061	0.51
5610	0.44
1974	0.44
23521	0.42
6129	0.40
8277	0.40
7756	0.36
6651	0.35
7316	0.34
5469	0.30
55173	0.28
1654	0.24
6591	0.23
639	0.19
6176	0.19
6175	0.17
9584	0.11
60	0.10
5080	0.10
4736	0.06
6232	0.05
3309	0.00
5693	0.00
6908	-0.01
3224	-0.02
55703	-0.05
50943	-0.06
4800	-0.06
51742	-0.13
864	-0.13
972	-0.16
3670	-0.18
1915	-0.19
57492	-0.21
6136	-0.27
5452	-0.27
7403	-0.28
8538	-0.28
58508	-0.29
1387	-0.30
3757	-0.34
10771	-0.34
5094	-0.34
7543	-0.37
7005	-0.37
22807	-0.37
58517	-0.39
51230	-0.40
1750	-0.41
65980	-0.42
1112	-0.44
6231	-0.45
6122	-0.54
4234	-0.59
2197	-0.67
54799	-0.67
9563	-0.68
25836	-0.68
8554	-0.69
8284	-0.70
6284	-0.71
960	-0.71
26986	-0.72
7536	-0.76
7311	-0.77
9611	-0.78
81570	-0.81
4999	-0.83
54815	-0.84
23451	-0.93
10209	-1.01
10463	-1.06
79142	-1.10
115098	-1.14
7546	-1.17
6161	-1.20
51360	-1.20
23633	-1.24
6234	-1.35
905	-1.40
8242	-1.44
10127	-1.46
1938	-1.66
3720	-1.71
55591	-1.78
738	-1.83
26009	-1.92
10765	-2.00
80853	-2.19
23135	-2.23
