5685	3.88
3015	3.76
6231	3.73
4869	3.71
10576	3.61
6647	3.58
5441	3.51
5693	3.46
9168	3.40
6129	3.31
5700	3.30
2197	3.23
1164	3.01
51154	2.89
6232	2.88
8607	2.83
6284	2.80
6161	2.74
55173	2.70
3150	2.66
6224	2.62
115098	2.58
6206	2.55
4736	2.38
3301	2.17
5052	2.13
7314	2.06
5111	2.02
6136	1.97
6194	1.96
4904	1.80
7311	1.74
204	1.67
6175	1.61
5682	1.45
5250	1.36
10061	1.33
1387	1.28
5036	1.19
6234	1.19
7167	1.15
51602	1.05
9519	0.99
4234	0.94
5757	0.84
6428	0.83
10376	0.79
55703	0.75
1072	0.74
6908	0.73
10153	0.73
3320	0.69
9584	0.69
2597	0.67
5093	0.66
5982	0.64
79142	0.63
6591	0.62
3670	0.61
1655	0.59
60	0.56
58508	0.54
5431	0.53
1915	0.53
8538	0.48
6122	0.48
6651	0.48
6176	0.46
23521	0.46
54815	0.45
3312	0.42
51099	0.42
65980	0.41
3224	0.41
9774	0.41
10463	0.40
51513	0.39
5315	0.37
6427	0.34
5094	0.33
5717	0.33
50943	0.23
7005	0.19
54443	0.19
23451	0.19
10383	0.19
25836	0.19
81570	0.18
23135	0.17
5981	0.08
4800	0.06
6241	0.04
10721	0.03
639	0.01
23633	0.00
2305	-0.03
51360	-0.04
3309	-0.06
1407	-0.08
10209	-0.09
3065	-0.14
11338	-0.15
7756	-0.15
7546	-0.19
54623	-0.21
1750	-0.23
5469	-0.23
3326	-0.24
50484	-0.26
2023	-0.26
960	-0.26
5888	-0.26
3720	-0.28
3190	-0.28
10771	-0.35
3181	-0.37
4171	-0.38
3615	-0.40
57492	-0.41
10198	-0.45
3298	-0.46
5080	-0.47
23204	-0.51
23028	-0.52
1654	-0.55
8208	-0.57
5927	-0.59
51514	-0.59
8277	-0.60
55355	-0.60
55591	-0.61
58517	-0.62
9611	-0.62
7175	-0.64
5610	-0.66
1974	-0.66
3757	-0.69
672	-0.71
159	-0.73
7536	-0.81
2115	-0.83
905	-0.84
51230	-0.85
4172	-0.86
4605	-0.87
972	-0.87
8242	-0.87
8284	-0.89
1017	-0.90
5452	-0.92
4998	-0.97
8554	-0.99
7403	-1.02
7316	-1.03
7543	-1.06
54799	-1.07
8243	-1.08
51742	-1.08
9918	-1.12
1938	-1.15
864	-1.18
5725	-1.21
10127	-1.24
10765	-1.24
26009	-1.28
4999	-1.29
80853	-1.29
23649	-1.31
29781	-1.32
4176	-1.33
22807	-1.36
26986	-1.60
5885	-1.61
9563	-1.71
1112	-2.16
738	-2.18
