4234	8.09
10061	7.14
5036	6.26
51602	5.76
10576	5.58
8607	5.12
2023	5.05
5982	4.07
23028	3.96
204	3.88
11338	3.85
3326	3.17
65980	3.01
51121	2.89
3615	2.85
26009	2.81
4172	2.79
5700	2.73
10376	2.63
10153	2.62
4869	2.59
4904	2.52
5693	2.51
4176	2.36
6427	2.30
23633	2.25
5717	2.16
6428	2.12
9168	2.12
7536	2.12
54815	2.02
10127	1.99
5052	1.96
7311	1.95
6908	1.94
6175	1.94
4736	1.81
4171	1.74
3015	1.71
55173	1.69
10383	1.68
3312	1.66
1654	1.65
29781	1.65
5757	1.65
6194	1.62
81570	1.62
115098	1.61
6161	1.58
55703	1.55
79142	1.46
9774	1.42
4998	1.40
5888	1.38
6122	1.37
6284	1.33
5111	1.28
5725	1.28
3190	1.26
1655	1.22
8208	1.20
6231	1.17
3065	1.15
2197	1.15
5441	1.15
672	1.14
6224	1.14
6136	1.13
58517	1.11
23521	1.08
9563	1.05
6129	1.04
10771	1.03
23649	1.02
7167	1.00
3301	0.98
6206	0.89
960	0.88
5315	0.83
3320	0.82
738	0.82
57492	0.76
1072	0.70
5469	0.67
2597	0.66
3309	0.64
4605	0.62
7756	0.61
159	0.60
8538	0.60
1387	0.57
6647	0.56
60	0.50
5431	0.45
54623	0.44
6651	0.40
7316	0.36
26986	0.33
6241	0.30
1750	0.28
5685	0.28
1164	0.27
8243	0.26
3181	0.26
6232	0.21
8242	0.18
5094	0.17
6176	0.17
6234	0.12
51099	0.09
1915	0.04
4800	0.03
54799	0.01
5682	-0.00
51513	-0.00
5080	-0.05
1407	-0.05
3150	-0.05
3757	-0.06
7314	-0.07
3720	-0.07
8277	-0.07
1017	-0.08
23204	-0.11
3224	-0.13
50943	-0.15
972	-0.18
51230	-0.20
10209	-0.20
4999	-0.21
5452	-0.22
5093	-0.23
7543	-0.24
905	-0.29
51514	-0.31
5250	-0.32
6591	-0.32
7175	-0.34
51360	-0.34
9918	-0.39
9519	-0.41
9584	-0.43
10721	-0.45
58508	-0.47
23135	-0.50
1938	-0.53
2115	-0.55
55591	-0.58
7005	-0.61
9611	-0.63
8284	-0.65
23451	-0.66
51742	-0.69
3670	-0.71
5610	-0.71
5981	-0.73
22807	-0.78
54443	-0.80
864	-0.89
639	-0.90
55355	-0.94
10198	-0.96
25836	-0.99
2305	-0.99
80853	-1.00
5885	-1.11
10463	-1.11
7403	-1.20
50484	-1.22
3298	-1.22
5927	-1.30
7546	-1.34
10765	-1.42
1974	-1.50
8554	-1.89
1112	-1.95
