5927	4.17
1112	4.02
23633	3.64
5885	3.59
51742	3.47
6651	3.35
25836	3.33
10765	3.30
8554	3.21
9611	3.13
7175	3.10
9584	2.79
58508	2.66
5469	2.37
3720	2.37
23028	2.27
26986	2.25
7316	2.24
1974	2.15
5981	2.07
3326	2.04
6129	2.01
8243	2.01
54799	1.96
1915	1.95
4800	1.91
3615	1.91
57492	1.86
50484	1.80
65980	1.80
1938	1.79
5431	1.71
10153	1.71
80853	1.70
672	1.64
159	1.55
1387	1.48
6122	1.37
5093	1.35
5094	1.35
1654	1.29
7311	1.29
4904	1.28
55591	1.26
6206	1.26
1407	1.22
3298	1.19
26009	1.18
60	1.17
58517	1.16
4736	1.14
10209	1.11
23521	1.10
54623	1.08
6194	1.07
2023	1.04
10771	0.98
55173	0.97
10198	0.97
54815	0.97
8284	0.95
3312	0.91
115098	0.90
864	0.85
9774	0.85
23451	0.85
5982	0.82
6232	0.82
6176	0.80
2597	0.79
5452	0.72
9519	0.72
23135	0.71
6224	0.69
22807	0.67
7543	0.65
79142	0.62
7167	0.62
5757	0.61
9918	0.61
8208	0.59
4999	0.57
6908	0.56
3190	0.47
738	0.44
5717	0.43
6175	0.42
639	0.41
54443	0.40
8242	0.39
4172	0.37
7546	0.35
10576	0.35
81570	0.35
6136	0.34
3309	0.32
8607	0.30
10061	0.28
9563	0.25
51602	0.24
3320	0.24
11338	0.20
10127	0.18
905	0.13
6234	0.12
1750	0.12
960	0.11
55703	0.11
5315	0.11
3015	0.10
10463	0.07
6161	0.05
2197	0.05
5250	0.04
3181	0.03
6428	0.03
5080	0.01
972	0.01
51360	-0.03
5036	-0.07
7403	-0.09
9168	-0.11
29781	-0.12
55355	-0.14
5610	-0.16
4869	-0.16
8277	-0.17
1655	-0.18
4171	-0.19
51154	-0.20
6647	-0.22
3065	-0.28
23649	-0.32
2115	-0.37
51514	-0.39
5111	-0.40
1017	-0.42
5052	-0.43
7536	-0.45
23204	-0.46
7005	-0.47
50943	-0.49
10721	-0.49
5700	-0.58
4176	-0.59
4605	-0.60
4998	-0.60
3224	-0.62
3150	-0.62
10376	-0.66
1164	-0.66
3301	-0.69
7756	-0.70
6591	-0.72
5888	-0.73
4234	-0.75
204	-0.84
51121	-0.85
6284	-0.94
51099	-0.95
3670	-1.01
6231	-1.02
3757	-1.08
8538	-1.09
5725	-1.14
7314	-1.19
5693	-1.22
51513	-1.26
5685	-1.31
1072	-1.49
6427	-1.49
10383	-1.64
6241	-1.65
2305	-1.78
5682	-1.87
5441	-2.10
