7543	3.80
8243	3.75
10463	3.21
9563	2.77
55703	2.66
8242	2.42
5610	2.21
55591	2.17
10771	2.08
3309	1.98
51514	1.81
7403	1.80
5469	1.74
10209	1.72
5682	1.58
1654	1.57
8208	1.56
55173	1.53
81570	1.41
159	1.41
50484	1.33
23649	1.30
672	1.30
5693	1.22
23204	1.20
54443	1.20
10721	1.15
57492	1.03
50943	0.91
5094	0.83
3224	0.77
4234	0.70
5717	0.70
2115	0.55
5885	0.43
960	0.43
2305	0.40
6241	0.39
4171	0.38
204	0.37
26009	0.36
23135	0.34
10198	0.34
9611	0.31
4172	0.27
22807	0.24
8284	0.22
8607	0.20
6647	0.14
25836	0.14
5982	0.13
54799	0.10
5888	0.08
3757	0.04
4999	0.04
55355	0.02
60	-0.00
51230	-0.03
51121	-0.04
51513	-0.05
5250	-0.06
5685	-0.10
3181	-0.10
8277	-0.10
80853	-0.11
3298	-0.13
5452	-0.16
7536	-0.18
864	-0.18
6591	-0.19
5700	-0.22
1112	-0.22
905	-0.24
10061	-0.25
5431	-0.28
1750	-0.30
639	-0.32
7756	-0.33
51602	-0.34
51154	-0.34
3190	-0.34
8554	-0.35
2023	-0.35
4998	-0.38
1387	-0.38
10376	-0.39
5315	-0.40
6908	-0.40
4176	-0.41
4800	-0.41
1974	-0.42
5080	-0.43
9774	-0.47
1017	-0.49
1072	-0.49
23633	-0.50
4605	-0.50
5441	-0.51
6234	-0.51
6651	-0.51
5036	-0.54
4869	-0.56
58508	-0.59
9918	-0.60
10127	-0.60
5052	-0.62
5927	-0.63
115098	-0.63
7005	-0.64
6284	-0.64
10576	-0.65
3615	-0.66
2597	-0.73
5093	-0.76
1164	-0.76
3670	-0.78
5725	-0.82
3320	-0.84
6428	-0.85
972	-0.85
10153	-0.87
26986	-0.93
7167	-0.93
3326	-0.93
6231	-1.02
738	-1.04
6175	-1.05
2197	-1.11
1915	-1.12
7316	-1.13
1655	-1.17
9168	-1.18
5111	-1.20
9519	-1.21
6427	-1.21
23028	-1.22
6176	-1.22
10765	-1.24
8538	-1.27
3312	-1.28
5981	-1.38
1938	-1.40
1407	-1.52
6122	-1.54
29781	-1.55
51099	-1.59
3150	-1.62
7175	-1.62
7314	-1.63
6161	-1.63
11338	-1.69
3015	-1.69
4736	-1.76
3720	-1.80
10383	-1.81
58517	-1.92
9584	-1.96
23521	-1.97
23451	-1.99
65980	-2.01
7546	-2.09
6136	-2.14
3301	-2.22
51742	-2.29
7311	-2.32
6194	-2.46
6129	-2.48
6206	-2.53
3065	-2.66
5757	-2.68
54623	-2.69
6232	-2.72
79142	-2.77
4904	-2.78
54815	-2.78
6224	-3.11
