5610	3.47
50943	2.28
639	2.09
972	1.98
5685	1.67
23649	1.48
864	1.20
5982	1.11
3301	1.10
5682	1.10
5111	1.09
51742	1.04
7005	0.99
8538	0.82
8242	0.80
57492	0.75
50484	0.71
7403	0.69
4172	0.64
5452	0.61
5052	0.58
51514	0.56
55173	0.56
8208	0.54
4869	0.52
4234	0.50
10153	0.50
204	0.49
6428	0.47
9168	0.42
7316	0.41
51121	0.39
5036	0.37
8607	0.34
3326	0.28
10209	0.26
8284	0.24
6241	0.22
6206	0.22
3312	0.22
80853	0.21
2197	0.20
6427	0.12
7175	0.11
6647	0.09
5469	0.09
55591	0.09
1017	0.09
5757	0.08
9519	0.07
1072	0.06
10376	0.06
1164	0.05
6136	0.04
22807	0.04
5725	0.04
6234	0.04
5693	0.02
159	0.02
8243	0.02
9563	0.02
3224	0.01
1974	-0.00
51154	-0.00
5717	-0.01
29781	-0.03
7756	-0.04
25836	-0.04
51360	-0.05
5927	-0.08
54799	-0.08
6232	-0.09
905	-0.09
8277	-0.11
6224	-0.12
5315	-0.14
4998	-0.14
4171	-0.14
10127	-0.17
5080	-0.17
4736	-0.18
3615	-0.19
5700	-0.19
2023	-0.20
58517	-0.20
3309	-0.21
672	-0.22
960	-0.25
54815	-0.26
6161	-0.26
60	-0.26
3720	-0.26
115098	-0.27
3181	-0.27
3670	-0.30
54443	-0.30
5888	-0.32
7314	-0.32
10383	-0.33
4999	-0.33
10061	-0.34
9774	-0.34
4176	-0.35
3065	-0.35
51602	-0.36
5885	-0.36
3320	-0.37
1915	-0.37
6231	-0.37
23521	-0.37
26009	-0.38
1387	-0.38
3015	-0.38
3150	-0.39
3757	-0.40
7543	-0.40
5250	-0.40
3190	-0.41
55355	-0.41
5981	-0.43
2597	-0.45
23135	-0.45
1750	-0.46
7167	-0.46
2305	-0.48
5093	-0.48
2115	-0.49
79142	-0.49
23633	-0.49
6175	-0.50
6176	-0.50
6284	-0.53
6122	-0.53
738	-0.53
10765	-0.54
6908	-0.54
1112	-0.56
51099	-0.56
4605	-0.57
7546	-0.58
54623	-0.59
1655	-0.59
1654	-0.60
58508	-0.63
9584	-0.64
7536	-0.64
1407	-0.65
11338	-0.66
6194	-0.67
10576	-0.68
10721	-0.70
4800	-0.70
10463	-0.70
3298	-0.74
23451	-0.75
5094	-0.77
6651	-0.81
1938	-0.83
7311	-0.85
8554	-0.85
9918	-0.85
5441	-0.86
4904	-0.87
6591	-0.88
23028	-0.90
9611	-0.93
5431	-1.00
65980	-1.03
23204	-1.08
55703	-1.12
10198	-1.12
10771	-1.22
51230	-1.26
6129	-1.28
81570	-1.42
26986	-1.84
