4998	13.59
5888	12.95
6241	12.12
8208	10.33
4605	9.77
4171	9.75
672	9.15
10721	8.79
4172	7.96
5111	7.66
55355	7.66
54443	7.44
4176	6.46
2305	5.93
5982	5.62
23649	5.46
1017	4.80
10376	2.26
8243	1.93
5981	1.84
51360	1.81
29781	1.68
3015	1.67
5469	1.66
2597	1.62
1164	1.40
2115	1.18
3298	1.16
159	0.96
51602	0.95
5036	0.91
7316	0.85
3309	0.83
7175	0.79
3670	0.74
55703	0.64
10198	0.63
7403	0.62
51099	0.62
5080	0.59
51513	0.56
5725	0.55
4234	0.54
10576	0.52
5717	0.50
6591	0.49
639	0.47
3615	0.45
4904	0.44
905	0.44
10383	0.44
6427	0.40
10765	0.40
9918	0.40
6232	0.39
2023	0.35
5315	0.35
4869	0.33
6175	0.33
7756	0.29
5610	0.26
51742	0.24
10153	0.19
5250	0.19
10061	0.19
54815	0.17
5927	0.16
22807	0.16
6428	0.14
8277	0.13
6122	0.11
204	0.10
1407	0.09
23204	0.07
3312	0.06
5682	0.06
6234	0.04
3757	0.02
9563	0.02
6194	0.01
8554	0.00
6908	-0.00
6136	-0.03
5757	-0.04
5441	-0.05
60	-0.05
3720	-0.07
7311	-0.08
4800	-0.09
50943	-0.11
7546	-0.11
10127	-0.12
5052	-0.14
10463	-0.15
81570	-0.15
4736	-0.16
23521	-0.16
7543	-0.17
1750	-0.19
6206	-0.20
54799	-0.21
23633	-0.21
55591	-0.22
3326	-0.24
1938	-0.24
1072	-0.25
960	-0.27
864	-0.27
3320	-0.27
6231	-0.27
10209	-0.28
9168	-0.28
6284	-0.29
6176	-0.29
6224	-0.30
9774	-0.30
7167	-0.31
51154	-0.31
9519	-0.32
6129	-0.34
7314	-0.36
1112	-0.36
3150	-0.36
3190	-0.37
51230	-0.39
972	-0.39
1974	-0.39
7005	-0.40
8607	-0.40
23028	-0.41
50484	-0.43
1387	-0.46
3065	-0.48
26986	-0.51
58508	-0.52
10771	-0.54
1654	-0.54
5431	-0.55
3224	-0.56
5700	-0.57
51121	-0.59
6161	-0.60
6647	-0.62
58517	-0.64
1915	-0.64
8538	-0.65
55173	-0.66
8284	-0.68
3301	-0.73
80853	-0.74
23451	-0.77
5885	-0.79
6651	-0.82
26009	-0.83
11338	-0.84
5693	-0.87
2197	-0.87
7536	-0.89
3181	-0.90
5094	-0.93
5452	-0.95
8242	-0.96
23135	-0.99
5685	-1.04
4999	-1.05
9584	-1.06
115098	-1.06
738	-1.09
65980	-1.17
5093	-1.19
1655	-1.32
54623	-1.32
79142	-1.40
57492	-1.40
9611	-1.75
25836	-1.78
