10153	12.46
6428	8.02
10576	7.69
9774	6.91
58517	6.70
6427	6.22
3320	6.04
51154	5.76
3326	5.64
5036	5.55
9584	5.08
4869	4.93
3181	4.88
1655	4.86
5757	4.65
7175	4.52
3301	4.14
23451	3.96
7756	3.83
4234	3.79
51742	3.78
905	3.55
6651	3.52
3190	3.47
7536	3.37
3309	3.07
6194	3.04
6129	2.98
65980	2.80
4999	2.80
10127	2.75
26986	2.69
4176	2.66
5431	2.60
8607	2.54
6122	2.48
5685	2.46
3312	2.45
10061	2.44
1654	2.40
5725	2.30
159	2.26
5700	2.25
4736	2.25
204	2.24
1915	2.22
3615	2.15
3150	2.11
4904	2.09
672	2.08
6136	2.04
5981	1.99
6161	1.98
6647	1.86
1974	1.86
5111	1.85
4172	1.85
5717	1.80
29781	1.79
2023	1.77
55591	1.71
55703	1.66
7316	1.64
1407	1.61
11338	1.53
54815	1.52
5610	1.45
25836	1.43
6224	1.40
55173	1.33
10209	1.32
26009	1.31
2197	1.29
10198	1.29
5982	1.29
6176	1.29
6175	1.26
5469	1.21
23521	1.19
10383	1.15
23028	1.13
3015	1.12
5885	1.11
9611	1.06
10771	1.05
51121	1.05
50943	1.05
6206	1.02
8243	1.02
8208	0.99
51514	0.95
7543	0.94
1164	0.92
10721	0.91
6232	0.91
5682	0.88
4171	0.83
6908	0.83
960	0.81
23135	0.79
23204	0.75
6231	0.73
54623	0.70
3720	0.68
5693	0.66
3065	0.65
1938	0.59
5315	0.57
5927	0.53
3298	0.53
7311	0.52
1750	0.50
10463	0.49
3757	0.47
4800	0.44
115098	0.42
8277	0.37
5052	0.37
7546	0.35
10376	0.32
639	0.31
58508	0.30
7403	0.29
4605	0.25
51230	0.24
5250	0.23
2597	0.21
8554	0.19
3670	0.19
5080	0.15
3224	0.13
6234	0.12
9519	0.09
6591	0.09
1017	0.08
5452	0.07
57492	0.04
5093	0.03
7314	0.01
4998	-0.00
81570	-0.05
7167	-0.07
5888	-0.09
23649	-0.10
864	-0.10
54799	-0.18
6284	-0.19
972	-0.20
8538	-0.20
55355	-0.21
10765	-0.23
2115	-0.24
5441	-0.26
51360	-0.34
51513	-0.36
80853	-0.37
54443	-0.38
51099	-0.39
9168	-0.42
5094	-0.46
60	-0.53
1387	-0.56
6241	-0.58
23633	-0.62
1072	-0.62
8242	-0.64
738	-0.68
50484	-0.72
22807	-0.88
8284	-0.92
7005	-1.12
79142	-1.22
1112	-1.52
9563	-1.85
2305	-2.12
9918	-2.22
