7175	10.29
25836	8.49
5927	7.43
58517	6.93
9584	6.12
10765	5.45
6651	5.38
58508	5.20
9611	4.74
905	4.74
159	4.73
9774	4.50
8554	4.42
7403	4.29
10153	4.29
23451	4.27
54799	4.02
51602	3.78
1387	3.57
1655	3.56
51230	3.47
3181	3.40
3301	3.33
80853	2.81
1654	2.81
65980	2.76
7543	2.75
7316	2.69
54623	2.52
23135	2.49
79142	2.43
5981	2.42
5885	2.38
4800	2.36
3320	2.25
10771	2.17
3720	2.11
5610	2.01
55591	1.94
7756	1.90
6428	1.87
5757	1.83
6232	1.82
11338	1.73
3190	1.70
8242	1.46
26009	1.29
5431	1.26
9519	1.16
864	1.11
639	1.07
57492	1.06
51513	1.04
7536	1.04
4999	0.99
5685	0.97
9168	0.86
7314	0.84
10198	0.80
10209	0.76
6284	0.72
3326	0.70
10127	0.69
6194	0.59
5700	0.59
6427	0.58
2115	0.55
26986	0.53
5469	0.52
7546	0.51
5093	0.50
10463	0.50
3298	0.48
5717	0.48
3309	0.46
8284	0.45
1974	0.44
6224	0.41
1112	0.38
6129	0.37
6122	0.37
50943	0.37
8243	0.36
972	0.34
5080	0.31
1407	0.27
3150	0.25
51514	0.24
6206	0.20
50484	0.20
1072	0.18
3065	0.18
23633	0.17
960	0.15
10576	0.14
7005	0.11
5452	0.11
6647	0.11
5094	0.09
738	0.08
4176	0.03
22807	0.01
6176	0.01
4736	-0.00
1750	-0.01
672	-0.01
4869	-0.02
23204	-0.03
4605	-0.04
5315	-0.04
7311	-0.08
2597	-0.08
2197	-0.08
5111	-0.13
9563	-0.13
54815	-0.14
10383	-0.16
5725	-0.17
4904	-0.18
23521	-0.19
8277	-0.23
1915	-0.27
23028	-0.28
6136	-0.31
7167	-0.36
3312	-0.36
1938	-0.36
4234	-0.39
51099	-0.40
3015	-0.43
6908	-0.47
8538	-0.49
4171	-0.49
60	-0.50
3670	-0.53
54443	-0.54
6234	-0.55
5982	-0.59
8607	-0.60
29781	-0.67
51154	-0.69
4172	-0.70
6161	-0.73
5250	-0.77
2023	-0.81
1164	-0.83
3757	-0.87
6591	-0.89
6231	-0.93
9918	-0.94
3224	-0.94
10721	-1.00
5693	-1.03
6175	-1.04
51121	-1.08
5441	-1.09
55355	-1.11
5052	-1.11
1017	-1.14
4998	-1.20
5888	-1.26
10376	-1.36
115098	-1.37
6241	-1.37
5682	-1.42
10061	-1.46
23649	-1.47
8208	-1.47
3615	-1.48
81570	-1.54
55173	-1.55
5036	-1.56
2305	-1.79
55703	-1.79
204	-1.88
51360	-2.29
