6175	7.63
5094	6.35
1915	6.24
6122	6.20
2597	6.06
1938	5.91
4736	5.72
3615	5.67
23521	5.26
6194	5.07
10209	4.96
5682	4.49
6129	4.45
5693	4.42
6176	4.41
6206	4.38
6136	4.23
10576	4.22
6234	4.03
3015	3.92
10376	3.85
7311	3.83
26986	3.82
6224	3.80
6427	3.78
6161	3.71
3190	3.55
6428	3.41
6231	3.41
3326	3.31
4904	3.28
1974	3.08
738	3.07
7167	2.97
4869	2.96
2023	2.93
5052	2.84
1072	2.71
5431	2.66
55591	2.61
2197	2.57
7316	2.54
6232	2.50
5315	2.48
5700	2.47
3312	2.46
23028	2.42
7756	2.39
3065	2.35
6647	2.15
5717	2.05
3150	1.93
55703	1.81
5685	1.77
5036	1.72
1655	1.70
6284	1.62
60	1.54
55173	1.54
5441	1.49
51099	1.49
10383	1.44
5093	1.39
7536	1.37
5885	1.36
51121	1.36
8208	1.34
5982	1.31
9168	1.27
23633	1.24
9918	1.23
3181	1.23
5111	1.21
5725	1.19
4998	1.17
23204	1.12
4176	1.11
159	0.99
7314	0.93
1017	0.93
10061	0.91
5888	0.90
1407	0.89
9774	0.89
5927	0.80
54623	0.79
10463	0.71
3309	0.67
58517	0.62
10765	0.61
6241	0.60
5757	0.60
204	0.54
10198	0.52
1654	0.49
1164	0.48
7543	0.46
2305	0.46
6591	0.45
50484	0.36
3298	0.35
1112	0.31
51602	0.23
4171	0.21
51514	0.19
8277	0.19
3320	0.17
6651	0.15
29781	0.13
3224	0.12
7175	0.08
81570	0.04
960	0.04
51230	0.04
3301	0.03
23451	0.02
5981	0.01
9519	-0.05
51360	-0.06
9584	-0.09
10153	-0.09
4172	-0.09
8554	-0.10
8538	-0.12
972	-0.13
7546	-0.14
55355	-0.16
9563	-0.18
54443	-0.19
65980	-0.20
4605	-0.28
7005	-0.30
51154	-0.32
3670	-0.34
79142	-0.39
51513	-0.40
6908	-0.43
54799	-0.47
3757	-0.51
8607	-0.57
10127	-0.60
8242	-0.61
639	-0.62
864	-0.63
8284	-0.71
8243	-0.75
25836	-0.77
51742	-0.77
4234	-0.79
905	-0.80
5469	-0.81
9611	-0.81
10721	-0.85
58508	-0.87
5610	-0.95
115098	-0.95
5080	-0.96
2115	-1.00
23649	-1.07
11338	-1.10
1750	-1.11
7403	-1.17
22807	-1.26
3720	-1.26
50943	-1.28
26009	-1.32
5452	-1.34
23135	-1.37
1387	-1.38
4800	-1.43
10771	-1.49
54815	-1.53
80853	-1.54
57492	-1.99
4999	-2.03
672	-2.45
