2023	14.53
2597	14.39
7167	11.93
1072	6.04
60	4.83
10376	4.17
3326	4.09
10383	3.86
5052	3.81
5685	3.76
4904	3.31
5036	3.20
9168	3.19
204	3.19
3190	3.15
3181	3.05
7316	2.86
3312	2.82
5717	2.68
4172	2.67
9918	2.56
5441	2.49
5250	2.48
3065	2.40
3320	2.23
6284	2.15
960	2.13
10061	2.13
5700	2.12
5693	2.06
54623	2.06
10576	1.98
11338	1.96
81570	1.96
79142	1.88
5757	1.87
4171	1.87
8208	1.85
23028	1.78
8243	1.77
6647	1.72
5431	1.68
8607	1.61
5682	1.60
23649	1.57
5093	1.56
7756	1.54
23633	1.54
4176	1.49
7314	1.42
8242	1.42
4998	1.38
55591	1.38
8554	1.35
6176	1.35
54443	1.32
972	1.31
5725	1.27
115098	1.25
3615	1.22
6427	1.20
6241	1.17
5982	1.11
5111	1.07
1938	1.05
1017	1.05
5885	1.03
3309	1.01
6175	0.98
3015	0.95
5094	0.91
6231	0.91
23204	0.88
5610	0.86
10765	0.85
9774	0.84
51154	0.83
5452	0.82
55355	0.79
3150	0.73
7546	0.72
2115	0.64
159	0.63
51602	0.57
9611	0.56
1654	0.54
2305	0.53
26986	0.51
10463	0.49
6428	0.42
7536	0.40
51121	0.37
4999	0.35
51514	0.35
6651	0.34
23451	0.34
50943	0.32
50484	0.32
5080	0.31
29781	0.30
9563	0.28
864	0.27
7175	0.22
5888	0.21
7311	0.20
1655	0.19
3301	0.18
51230	0.11
55173	0.09
4869	0.09
10198	0.05
1915	0.04
10721	0.02
58517	0.02
4605	0.01
3720	-0.00
4234	-0.03
51742	-0.04
1750	-0.07
639	-0.08
54815	-0.09
23135	-0.10
1164	-0.10
51513	-0.14
5927	-0.14
8538	-0.16
6122	-0.16
26009	-0.19
2197	-0.24
7543	-0.25
3224	-0.28
22807	-0.29
10153	-0.33
6194	-0.33
23521	-0.33
6206	-0.36
6224	-0.38
51360	-0.40
65980	-0.43
7005	-0.49
6161	-0.49
58508	-0.51
5469	-0.51
10209	-0.52
55703	-0.52
6136	-0.53
672	-0.54
6591	-0.54
4736	-0.55
8284	-0.55
3670	-0.57
738	-0.62
905	-0.66
3298	-0.66
6129	-0.67
1974	-0.72
10127	-0.74
57492	-0.77
9584	-0.79
4800	-0.79
80853	-0.90
10771	-1.02
6908	-1.02
8277	-1.05
25836	-1.06
1387	-1.09
54799	-1.11
6232	-1.16
5981	-1.19
7403	-1.35
6234	-1.51
1407	-1.66
3757	-1.76
1112	-1.85
51099	-1.94
9519	-2.67
