3190	5.49
10463	4.76
10576	4.57
23451	4.54
23028	4.40
9774	4.24
1655	4.23
5700	4.12
23633	4.10
5927	4.02
7175	3.80
3065	3.68
5885	3.50
1654	3.40
3015	3.34
10153	3.07
55173	3.05
3181	2.99
5981	2.97
25836	2.95
5682	2.93
3298	2.92
55703	2.90
3312	2.88
3320	2.83
10765	2.76
50484	2.74
5250	2.66
5717	2.64
51602	2.60
10061	2.59
5052	2.59
7756	2.45
4999	2.37
6427	2.31
3301	2.28
159	2.27
6651	2.27
5685	2.19
5693	2.17
23204	2.10
3326	2.08
79142	2.00
58517	1.92
8554	1.89
5469	1.83
9918	1.83
2023	1.81
51230	1.71
5315	1.68
1072	1.67
1915	1.57
5036	1.57
1974	1.51
8242	1.39
11338	1.30
8243	1.29
55591	1.27
51742	1.26
7316	1.24
6647	1.21
4869	1.19
6428	1.18
4800	1.11
3615	1.10
54799	1.09
4176	1.09
4172	1.07
1938	1.07
6129	0.92
7543	0.91
1407	0.88
9584	0.87
7311	0.85
2597	0.83
10127	0.78
6231	0.75
4736	0.74
2197	0.71
7314	0.69
5725	0.68
8607	0.67
54443	0.66
905	0.65
6908	0.64
26986	0.63
3720	0.62
26009	0.61
3670	0.61
7403	0.59
9519	0.58
5111	0.58
1017	0.56
51121	0.53
54623	0.53
2115	0.52
51154	0.45
51099	0.44
10771	0.43
9611	0.42
6175	0.37
8277	0.35
60	0.32
54815	0.32
23521	0.32
8538	0.31
29781	0.30
6194	0.26
7167	0.25
58508	0.25
6232	0.25
10198	0.23
4904	0.21
9168	0.20
80853	0.20
3309	0.15
4171	0.11
6161	0.11
5441	0.10
3757	0.10
6122	0.05
204	0.04
6206	-0.03
4998	-0.03
5094	-0.03
1112	-0.06
6224	-0.07
5982	-0.08
10376	-0.10
738	-0.10
5080	-0.11
6176	-0.14
8208	-0.22
7536	-0.22
5610	-0.25
7005	-0.26
23649	-0.26
65980	-0.28
51360	-0.28
6591	-0.30
10383	-0.30
81570	-0.31
8284	-0.37
3150	-0.38
6284	-0.39
972	-0.49
5757	-0.52
7546	-0.54
51514	-0.55
3224	-0.58
115098	-0.59
639	-0.70
864	-0.71
9563	-0.79
960	-0.80
6241	-0.80
6136	-0.81
1164	-0.85
10721	-0.92
1750	-0.94
6234	-0.97
22807	-0.99
2305	-0.99
51513	-1.00
55355	-1.04
50943	-1.09
5452	-1.19
23135	-1.24
1387	-1.33
672	-1.38
5093	-1.43
10209	-1.46
4605	-1.55
57492	-1.64
5888	-1.97
4234	-2.01
