6234	5.63
6231	5.18
2197	5.02
1072	4.87
115098	4.85
9168	4.26
7311	3.99
6647	3.91
6176	3.66
7314	3.64
10383	3.63
51121	3.51
10376	3.04
5693	2.80
6284	2.76
5052	2.66
5315	2.49
5682	2.33
2597	2.22
7167	2.07
3320	2.04
6224	2.03
4904	2.01
1164	1.98
60	1.91
3312	1.79
1654	1.77
6175	1.70
5757	1.61
2023	1.57
54623	1.52
6161	1.51
5250	1.49
51099	1.44
3015	1.44
11338	1.44
5036	1.39
6232	1.37
3301	1.37
23521	1.36
10061	1.34
6206	1.31
51154	1.15
3181	1.14
6427	1.09
6136	1.09
1655	1.06
6651	1.02
5111	1.02
9584	1.01
55703	0.91
6194	0.89
4736	0.89
5685	0.85
3150	0.80
22807	0.78
58517	0.76
7546	0.72
5725	0.66
79142	0.66
5700	0.64
4234	0.62
10463	0.59
6129	0.59
960	0.58
54443	0.56
4869	0.56
23633	0.56
3065	0.55
738	0.51
54815	0.49
6241	0.45
8607	0.44
2115	0.42
9774	0.40
55355	0.39
6122	0.34
10576	0.31
23451	0.30
3615	0.29
23204	0.27
55591	0.26
55173	0.25
7756	0.23
7543	0.20
204	0.18
5717	0.13
10721	0.13
5431	0.10
6428	0.05
5452	0.04
3224	0.03
8554	0.03
6591	0.01
8277	-0.01
3190	-0.01
864	-0.04
51514	-0.05
4605	-0.05
81570	-0.06
29781	-0.08
65980	-0.09
8208	-0.10
2305	-0.11
7536	-0.12
3670	-0.14
10771	-0.15
8243	-0.15
50484	-0.20
972	-0.21
10198	-0.25
10153	-0.26
51602	-0.26
50943	-0.30
5080	-0.31
3326	-0.32
26009	-0.34
7175	-0.34
58508	-0.34
5093	-0.37
4800	-0.38
6908	-0.40
57492	-0.40
1017	-0.44
5888	-0.45
905	-0.46
1938	-0.46
4998	-0.47
5982	-0.48
9519	-0.48
51360	-0.51
9611	-0.56
4172	-0.59
10209	-0.64
4176	-0.64
3309	-0.65
23649	-0.66
1750	-0.67
7005	-0.67
26986	-0.69
9918	-0.78
5927	-0.78
639	-0.79
9563	-0.81
4171	-0.81
8284	-0.82
5610	-0.83
5469	-0.84
3757	-0.85
1407	-0.85
51513	-0.86
25836	-0.86
672	-0.92
3298	-0.98
3720	-0.98
5885	-1.01
7316	-1.01
1112	-1.02
8538	-1.03
51742	-1.09
159	-1.09
5981	-1.15
23028	-1.33
1915	-1.34
8242	-1.42
7403	-1.53
5094	-1.53
1974	-1.57
10765	-1.67
1387	-1.72
23135	-1.80
10127	-1.81
4999	-2.04
51230	-2.10
54799	-2.46
80853	-2.74
