55355	11.67
6241	8.53
2305	8.44
10721	8.30
51514	7.44
672	5.48
1164	5.44
4605	4.95
9918	4.87
23204	4.10
4998	3.97
5888	3.96
10383	3.06
10198	2.80
10376	2.58
8208	2.42
5885	2.27
4176	2.14
5111	1.79
2597	1.66
3015	1.52
3320	1.52
3181	1.51
60	1.33
5315	1.32
1017	1.23
51360	1.20
3312	1.13
23649	1.06
6284	0.99
5080	0.97
10463	0.96
7175	0.93
159	0.91
2023	0.91
81570	0.89
4171	0.79
6647	0.77
5982	0.74
1072	0.73
5052	0.73
8243	0.71
3298	0.71
3309	0.68
5431	0.66
5757	0.64
4172	0.60
3301	0.60
5441	0.56
55591	0.54
5700	0.50
9168	0.49
22807	0.48
5981	0.48
4904	0.47
1407	0.43
51230	0.40
1974	0.38
51099	0.36
54623	0.34
2115	0.33
3150	0.31
26986	0.31
23451	0.29
7005	0.27
26009	0.25
55703	0.22
6129	0.22
50484	0.21
6194	0.21
10576	0.21
55173	0.21
905	0.20
51121	0.19
3326	0.19
9563	0.17
10061	0.14
6224	0.13
8538	0.12
58517	0.12
1750	0.10
4869	0.09
4736	0.06
4800	0.06
5469	0.06
7316	0.05
960	0.05
23633	0.04
3615	0.02
25836	0.02
8554	-0.02
6136	-0.03
7546	-0.04
5036	-0.06
9774	-0.07
29781	-0.09
5717	-0.10
6591	-0.14
5682	-0.14
7167	-0.15
4999	-0.16
80853	-0.16
5685	-0.17
9584	-0.17
1654	-0.18
6232	-0.18
5250	-0.19
6206	-0.21
5693	-0.21
65980	-0.22
6231	-0.22
7314	-0.23
10771	-0.24
3065	-0.24
23521	-0.26
6122	-0.27
6427	-0.28
7756	-0.29
51513	-0.30
7543	-0.30
8284	-0.35
7403	-0.37
972	-0.37
51602	-0.38
23028	-0.39
738	-0.40
6175	-0.40
10153	-0.41
115098	-0.41
3670	-0.41
50943	-0.44
5094	-0.45
3224	-0.45
11338	-0.47
3757	-0.47
639	-0.48
5610	-0.48
7311	-0.51
6908	-0.52
3720	-0.53
51742	-0.54
1112	-0.56
6234	-0.57
5725	-0.63
3190	-0.63
58508	-0.63
1938	-0.66
1915	-0.69
4234	-0.70
204	-0.75
8277	-0.77
10209	-0.78
6176	-0.78
51154	-0.80
6428	-0.87
6161	-0.88
5927	-0.89
2197	-0.89
5093	-0.90
6651	-0.90
8607	-0.91
57492	-0.92
864	-0.96
10765	-1.00
9519	-1.07
5452	-1.10
9611	-1.12
7536	-1.17
1655	-1.20
79142	-1.38
1387	-1.43
10127	-1.58
8242	-1.63
54815	-1.67
54799	-1.95
23135	-2.04
