864	3.44
972	2.89
960	2.56
50943	2.40
639	2.28
1112	2.10
23135	1.89
6908	1.45
58517	1.20
5757	1.11
7536	1.10
9611	1.10
26986	1.09
6651	1.03
57492	0.95
5315	0.82
1387	0.81
5469	0.79
3720	0.78
51230	0.72
4904	0.70
65980	0.69
60	0.63
51513	0.61
54815	0.58
9168	0.55
54799	0.55
11338	0.54
3181	0.53
5717	0.52
58508	0.51
3065	0.47
5093	0.42
7311	0.41
5685	0.35
3326	0.29
79142	0.29
81570	0.27
55591	0.27
8243	0.27
6176	0.25
5981	0.22
54623	0.19
1750	0.17
7546	0.17
22807	0.17
5036	0.16
1072	0.15
5052	0.12
1655	0.12
51742	0.11
3301	0.09
25836	0.08
2197	0.07
51602	0.07
23028	0.06
8284	0.06
5610	0.04
5441	0.04
3757	0.03
8277	0.03
23649	0.03
10209	0.02
159	0.01
10153	-0.01
10061	-0.02
23633	-0.02
23521	-0.04
2115	-0.04
6129	-0.05
8607	-0.08
3312	-0.08
738	-0.09
3320	-0.10
6161	-0.12
4800	-0.13
1164	-0.14
204	-0.15
51360	-0.16
55173	-0.17
8242	-0.18
6234	-0.19
51154	-0.22
9584	-0.22
4736	-0.23
6194	-0.24
5700	-0.24
7314	-0.24
6224	-0.25
9519	-0.26
5111	-0.27
115098	-0.28
3150	-0.28
5725	-0.30
4605	-0.30
7167	-0.31
6206	-0.31
8554	-0.32
3309	-0.32
4176	-0.33
7175	-0.33
3298	-0.35
23451	-0.35
5682	-0.35
672	-0.35
5080	-0.37
6428	-0.37
1915	-0.38
10721	-0.38
80853	-0.40
6232	-0.41
1974	-0.42
55355	-0.43
4999	-0.43
5927	-0.46
6647	-0.46
7005	-0.47
2597	-0.48
6241	-0.51
6122	-0.53
10765	-0.53
5094	-0.53
6136	-0.55
9563	-0.56
5693	-0.57
26009	-0.58
6427	-0.59
1938	-0.59
2305	-0.60
3190	-0.60
10576	-0.60
9918	-0.61
905	-0.62
4172	-0.64
3670	-0.65
7756	-0.68
55703	-0.78
8538	-0.78
9774	-0.78
4869	-0.81
6231	-0.82
10771	-0.86
7543	-0.87
1654	-0.88
7403	-0.88
10127	-0.91
6591	-0.92
51121	-0.92
5885	-0.95
6175	-0.95
51514	-0.95
10383	-0.99
5888	-0.99
29781	-1.00
2023	-1.03
4234	-1.07
3224	-1.07
5982	-1.07
54443	-1.10
50484	-1.10
10376	-1.11
10463	-1.12
6284	-1.13
7316	-1.18
5431	-1.19
3015	-1.29
5250	-1.34
4998	-1.36
3615	-1.36
4171	-1.39
10198	-1.42
51099	-1.55
8208	-1.57
23204	-1.57
1017	-1.63
1407	-1.79
