11338	5.93
10383	4.38
79142	4.35
3181	4.15
3301	4.03
8243	3.66
5700	3.53
7536	3.37
5717	3.32
9774	3.02
3190	3.02
3326	2.88
7316	2.74
7175	2.73
4800	2.72
5093	2.69
4176	2.64
1654	2.62
65980	2.56
51742	2.52
7314	2.51
6651	2.49
3320	2.48
58517	2.47
4172	2.45
1655	2.44
29781	2.44
6647	2.40
5725	2.38
23649	2.36
115098	2.29
5885	2.27
8242	2.27
9918	2.25
10771	2.24
5982	2.13
1387	2.10
3312	2.06
5315	2.06
9584	2.03
10061	2.01
9611	1.91
5927	1.90
3309	1.89
23028	1.81
6428	1.74
7543	1.73
5685	1.71
8554	1.67
23135	1.64
10376	1.62
54815	1.59
5441	1.52
8607	1.49
5111	1.45
5036	1.44
5757	1.44
1407	1.43
6427	1.43
5469	1.40
1017	1.38
3065	1.34
5693	1.27
25836	1.26
1072	1.22
81570	1.21
3615	1.20
672	1.20
6241	1.16
8208	1.14
51230	1.08
10209	1.06
2305	1.01
55703	1.00
4234	0.99
3015	0.96
4171	0.91
10153	0.84
5981	0.83
2023	0.80
5250	0.79
4605	0.79
6908	0.76
23633	0.76
51099	0.75
4999	0.75
10576	0.71
10765	0.71
51602	0.70
4998	0.66
4904	0.60
7005	0.59
57492	0.55
60	0.53
5431	0.53
8538	0.50
3224	0.49
6284	0.48
5610	0.45
51154	0.44
960	0.39
54443	0.34
23451	0.32
2115	0.26
2597	0.24
204	0.22
7167	0.22
55355	0.21
5452	0.19
1164	0.18
1938	0.17
10127	0.13
7311	0.13
58508	0.12
5094	0.12
8284	0.08
972	0.05
6231	0.03
23521	0.03
5888	0.03
7756	0.01
3298	-0.01
2197	-0.01
1750	-0.06
4869	-0.09
6194	-0.13
10198	-0.14
23204	-0.15
159	-0.16
639	-0.17
3670	-0.21
51121	-0.21
6161	-0.24
55591	-0.26
3150	-0.31
738	-0.32
55173	-0.32
5080	-0.34
26986	-0.35
5052	-0.40
7403	-0.43
864	-0.45
1974	-0.48
6232	-0.48
22807	-0.55
8277	-0.56
6122	-0.57
3757	-0.58
51513	-0.59
50943	-0.69
5682	-0.69
6224	-0.71
9168	-0.72
6591	-0.75
6206	-0.77
3720	-0.80
6176	-0.92
9519	-1.03
10721	-1.03
905	-1.07
1915	-1.08
50484	-1.10
6136	-1.11
7546	-1.31
51514	-1.32
10463	-1.37
1112	-1.40
9563	-1.40
26009	-1.62
4736	-1.62
6234	-1.65
54799	-2.00
80853	-2.00
6129	-2.03
51360	-2.69
6175	-2.74
