5717	6.04
6651	4.98
1387	4.51
9611	4.24
7756	4.00
25836	3.80
5927	3.78
10209	3.69
672	3.48
23633	3.42
58508	3.27
6908	3.17
7536	3.04
4800	2.99
8243	2.98
8554	2.77
1112	2.50
3190	2.47
51230	2.37
23135	2.34
5725	2.22
54815	2.18
7175	2.13
9774	2.11
5036	2.03
80853	2.00
11338	1.95
5431	1.83
5094	1.82
5981	1.80
10061	1.78
51360	1.74
51514	1.66
23028	1.57
10127	1.56
1407	1.56
5885	1.54
7403	1.51
57492	1.50
1654	1.48
54799	1.46
10765	1.41
54623	1.40
3320	1.29
3309	1.23
864	1.23
51602	1.21
6428	1.18
7543	1.15
1655	1.14
23204	1.13
8277	1.11
5610	1.09
9918	1.07
5093	1.02
4172	1.01
79142	1.01
26986	0.97
10153	0.97
10576	0.96
81570	0.96
639	0.94
3615	0.92
23451	0.89
5685	0.87
29781	0.85
3312	0.82
4234	0.79
5452	0.79
9519	0.75
3326	0.75
115098	0.70
65980	0.68
51154	0.67
55173	0.67
8242	0.67
8208	0.66
10198	0.65
26009	0.62
3301	0.57
3720	0.57
6427	0.54
51742	0.52
23521	0.43
3298	0.42
6232	0.41
1017	0.40
5757	0.40
6129	0.37
50943	0.36
2305	0.35
7546	0.35
5111	0.30
6234	0.30
905	0.29
55591	0.28
55703	0.25
3181	0.24
6122	0.22
4605	0.22
6231	0.21
1938	0.17
8607	0.14
4176	0.13
6161	0.12
5682	0.10
6224	0.10
3065	0.10
972	0.09
51513	0.09
5888	0.06
54443	0.06
4904	0.05
1750	0.03
2115	0.03
7005	0.02
58517	0.02
5080	0.01
5982	0.01
9584	0.01
7316	0.00
4736	0.00
10721	-0.01
1072	-0.02
159	-0.04
6136	-0.08
6176	-0.09
23649	-0.09
4999	-0.10
7311	-0.11
6175	-0.11
3224	-0.12
22807	-0.13
6194	-0.14
1164	-0.15
2023	-0.15
960	-0.16
51099	-0.17
50484	-0.20
8284	-0.22
51121	-0.23
60	-0.26
4171	-0.26
2197	-0.27
6206	-0.34
5052	-0.36
5693	-0.38
4998	-0.40
204	-0.42
1915	-0.45
4869	-0.45
55355	-0.49
5315	-0.51
3757	-0.53
3015	-0.56
1974	-0.57
7314	-0.58
8538	-0.58
9563	-0.63
10376	-0.63
3150	-0.70
3670	-0.70
2597	-0.72
10463	-0.72
6591	-0.78
5250	-0.81
738	-0.82
5441	-0.84
10383	-0.84
6241	-0.86
10771	-0.89
5700	-0.91
7167	-1.09
9168	-1.20
6647	-1.30
6284	-1.94
