3720	4.82
23451	4.77
10765	4.32
51742	4.02
7403	3.84
25836	3.51
5927	3.20
1387	2.98
80853	2.98
26009	2.82
905	2.48
4999	2.45
1112	2.34
57492	2.30
58508	2.24
1654	2.19
23028	1.99
51230	1.96
4176	1.89
9584	1.88
738	1.81
9774	1.77
1655	1.67
159	1.61
26986	1.60
6175	1.57
5469	1.46
23521	1.45
9611	1.42
10463	1.40
10127	1.37
6122	1.27
3181	1.24
23135	1.24
10198	1.20
8242	1.19
6232	1.16
5094	1.13
6206	1.12
5431	1.09
6224	1.09
10771	1.07
1938	1.05
6908	1.02
6129	1.00
1915	0.97
6161	0.96
7311	0.92
6194	0.91
6427	0.89
10153	0.87
7175	0.83
8554	0.83
3190	0.80
1974	0.79
3065	0.77
9918	0.77
4736	0.76
7756	0.75
4171	0.68
4800	0.68
7543	0.67
6176	0.64
6136	0.64
79142	0.64
22807	0.63
5693	0.57
3298	0.56
5452	0.55
9519	0.55
6428	0.52
5982	0.52
5610	0.46
4172	0.46
6234	0.43
10209	0.42
672	0.39
55591	0.39
7546	0.38
8607	0.38
6651	0.35
4869	0.26
960	0.24
55703	0.22
5885	0.20
10576	0.18
50484	0.17
65980	0.15
7536	0.14
51360	0.10
5981	0.08
8284	0.07
7005	0.07
3150	0.02
51154	0.01
2197	-0.01
2115	-0.01
4234	-0.02
50943	-0.02
11338	-0.05
5757	-0.05
3015	-0.06
5888	-0.06
3615	-0.07
51513	-0.08
4998	-0.18
5093	-0.18
51602	-0.18
4904	-0.18
5725	-0.19
51514	-0.21
4605	-0.21
5052	-0.23
1750	-0.24
2023	-0.28
1407	-0.29
7314	-0.29
10721	-0.30
8277	-0.31
972	-0.37
864	-0.39
6284	-0.41
54815	-0.42
2597	-0.46
51099	-0.46
3670	-0.46
5250	-0.47
3757	-0.52
9563	-0.56
5685	-0.58
9168	-0.61
5682	-0.66
23204	-0.67
5111	-0.67
5717	-0.68
8243	-0.75
7167	-0.76
1164	-0.79
5080	-0.82
6241	-0.82
6231	-0.83
6647	-0.87
2305	-0.91
23633	-0.92
3326	-0.94
7316	-0.94
55173	-0.94
204	-1.00
639	-1.01
1017	-1.01
8208	-1.02
51121	-1.07
8538	-1.08
5315	-1.11
58517	-1.11
81570	-1.22
55355	-1.27
115098	-1.28
5036	-1.34
3301	-1.34
1072	-1.38
6591	-1.42
3309	-1.43
5700	-1.55
23649	-1.56
10061	-1.76
3224	-1.80
29781	-1.87
10376	-1.93
54443	-1.95
54623	-2.00
60	-2.24
5441	-2.46
3320	-2.49
3312	-3.30
10383	-3.33
