7536	5.87
5725	5.56
11338	4.87
115098	4.64
5093	4.39
1387	3.52
5036	3.48
4904	3.26
5717	3.02
23633	3.01
3720	3.00
1072	2.91
3190	2.82
26986	2.82
60	2.80
10061	2.77
1407	2.73
58508	2.72
5094	2.69
23135	2.69
79142	2.58
7311	2.50
58517	2.45
1938	2.44
4800	2.19
5469	2.18
51154	2.02
57492	2.01
7005	1.99
6651	1.97
6908	1.78
3326	1.78
65980	1.76
8607	1.70
864	1.62
5757	1.61
1112	1.60
10383	1.60
54623	1.59
51602	1.52
6427	1.50
8243	1.49
8242	1.42
3181	1.37
3320	1.36
9584	1.32
9519	1.29
7546	1.29
2305	1.22
81570	1.21
672	1.20
9611	1.17
8208	1.17
5981	1.16
10153	1.14
4234	1.10
10576	1.10
9774	1.09
5610	1.08
23028	1.02
25836	1.02
51099	0.98
51230	0.97
5927	0.96
10765	0.91
7756	0.90
6234	0.88
4605	0.88
10127	0.88
1017	0.85
159	0.82
3150	0.82
4176	0.74
5700	0.71
6428	0.66
3301	0.66
7175	0.66
960	0.66
5452	0.58
6231	0.58
5885	0.56
6647	0.55
1655	0.55
5982	0.53
1654	0.51
3309	0.50
5441	0.49
738	0.47
4172	0.47
51121	0.45
6161	0.44
80853	0.43
2197	0.42
6206	0.41
4869	0.37
8277	0.36
8538	0.35
972	0.35
3312	0.33
10209	0.32
5431	0.32
55703	0.30
6176	0.30
2115	0.28
3065	0.23
5080	0.21
3015	0.20
10376	0.18
6224	0.18
51514	0.17
4999	0.10
639	0.10
4171	0.09
55173	0.07
3757	0.06
204	0.05
7314	0.05
50943	0.04
6136	0.00
7403	-0.04
2023	-0.07
7543	-0.08
5315	-0.09
9918	-0.09
6194	-0.13
51742	-0.14
3224	-0.15
29781	-0.17
4998	-0.20
1164	-0.24
51513	-0.26
22807	-0.36
4736	-0.39
54799	-0.42
9563	-0.46
6591	-0.47
6122	-0.47
23451	-0.48
10771	-0.50
6241	-0.50
1750	-0.52
3298	-0.54
26009	-0.55
3615	-0.59
8284	-0.64
3670	-0.70
5888	-0.70
6232	-0.73
8554	-0.76
23204	-0.79
23649	-0.82
6175	-0.83
5111	-0.84
10721	-0.86
6129	-0.89
5052	-0.90
2597	-0.95
905	-0.96
23521	-0.98
55355	-1.01
9168	-1.03
5682	-1.04
5685	-1.08
10463	-1.13
1915	-1.23
10198	-1.25
50484	-1.32
7316	-1.40
5693	-1.44
7167	-1.49
1974	-1.49
5250	-1.53
54443	-1.67
55591	-1.68
6284	-1.85
51360	-2.78
