5700	4.00
5717	3.45
5685	3.25
23633	3.17
5431	3.05
5682	3.03
51121	2.70
10463	2.69
3326	2.56
10576	2.44
5693	2.27
9519	2.24
6908	2.11
6428	2.07
5885	1.94
55591	1.91
204	1.88
55703	1.84
51154	1.69
6647	1.65
8607	1.63
5610	1.56
5250	1.54
51360	1.53
4800	1.53
4736	1.49
10061	1.43
3190	1.43
7756	1.42
10153	1.42
50484	1.40
4172	1.37
51602	1.33
7005	1.21
3720	1.17
4999	1.13
159	1.12
1974	1.03
1915	1.03
51230	0.97
3065	0.97
115098	0.93
5036	0.85
10209	0.85
6284	0.83
5052	0.83
4869	0.78
60	0.75
26009	0.73
6591	0.73
23204	0.71
4904	0.68
3320	0.68
5469	0.67
3150	0.64
51513	0.56
3015	0.54
5981	0.54
6206	0.52
3298	0.50
6136	0.45
81570	0.44
2197	0.44
9611	0.42
65980	0.41
7316	0.39
51099	0.35
6129	0.32
6194	0.32
3309	0.30
5111	0.28
1407	0.27
5441	0.25
8538	0.25
2023	0.25
10198	0.24
1750	0.24
5982	0.22
2597	0.22
54443	0.21
3615	0.20
6175	0.19
8277	0.10
5315	0.09
54815	0.07
9774	0.05
7314	0.03
1655	0.01
6651	-0.02
3224	-0.02
3312	-0.05
6176	-0.05
3181	-0.06
23028	-0.07
6231	-0.08
7311	-0.09
26986	-0.14
2115	-0.15
5093	-0.16
5452	-0.17
1938	-0.19
3670	-0.27
10771	-0.28
639	-0.28
972	-0.29
79142	-0.31
54623	-0.32
6224	-0.35
5757	-0.35
8284	-0.35
3301	-0.37
5080	-0.37
7546	-0.38
58517	-0.40
9584	-0.41
50943	-0.41
6232	-0.41
6241	-0.42
672	-0.44
9918	-0.45
9563	-0.48
7167	-0.50
55355	-0.50
4234	-0.54
8208	-0.57
10765	-0.57
1072	-0.59
960	-0.60
29781	-0.61
23649	-0.65
51514	-0.66
9168	-0.67
8243	-0.67
7543	-0.68
23521	-0.69
1017	-0.69
80853	-0.70
6161	-0.73
5927	-0.74
1112	-0.80
864	-0.81
6427	-0.84
10376	-0.86
7175	-0.86
1387	-0.90
11338	-0.91
22807	-0.91
7536	-0.92
3757	-0.93
5725	-0.93
25836	-0.94
54799	-0.94
6122	-1.03
1164	-1.06
5888	-1.08
5094	-1.08
2305	-1.10
23451	-1.14
905	-1.19
738	-1.19
6234	-1.20
8554	-1.20
8242	-1.22
58508	-1.29
1654	-1.34
4171	-1.36
10383	-1.44
57492	-1.49
4605	-1.53
51742	-1.55
10721	-1.66
4998	-1.79
23135	-1.79
10127	-1.85
4176	-1.88
7403	-2.25
