6241	12.10
54443	11.67
2305	10.11
10721	8.89
4605	8.74
51514	7.66
4998	6.71
5888	6.46
1164	4.79
9918	4.74
23204	3.63
672	3.48
8208	3.16
4171	2.54
4176	2.36
10383	2.21
10376	2.14
10198	1.98
1017	1.78
5111	1.48
2115	1.28
2597	1.26
5080	1.24
7546	1.23
5885	1.23
5757	1.11
905	1.09
6908	1.01
4999	0.93
4172	0.92
5315	0.79
2023	0.65
8554	0.59
3150	0.55
7316	0.54
3015	0.51
23451	0.49
26986	0.49
9584	0.47
1750	0.46
6591	0.44
4904	0.44
23521	0.43
23649	0.42
5093	0.39
10127	0.39
5441	0.39
6647	0.36
10209	0.36
6122	0.35
4800	0.33
3309	0.28
3181	0.27
81570	0.26
23633	0.25
8277	0.24
7756	0.23
6176	0.21
6136	0.21
54623	0.21
1974	0.19
6194	0.18
60	0.17
3298	0.17
3312	0.14
7005	0.10
9519	0.08
1915	0.07
58517	0.07
5717	0.06
6427	0.05
6284	0.05
9168	0.04
6175	0.03
51360	0.02
4736	0.01
10765	0.01
3670	0.01
50943	-0.01
960	-0.02
5610	-0.02
3757	-0.04
22807	-0.04
10061	-0.04
6232	-0.07
1938	-0.08
7543	-0.08
26009	-0.09
3224	-0.09
204	-0.09
5693	-0.09
8243	-0.11
5725	-0.11
8538	-0.11
65980	-0.12
6224	-0.13
51230	-0.14
1072	-0.15
6428	-0.16
5250	-0.16
3720	-0.18
5700	-0.19
1407	-0.20
51602	-0.21
4869	-0.23
5982	-0.25
10771	-0.25
50484	-0.25
5682	-0.27
5981	-0.28
5036	-0.28
7167	-0.30
3065	-0.31
29781	-0.33
8607	-0.33
55591	-0.34
7314	-0.35
3190	-0.37
4234	-0.38
79142	-0.39
51513	-0.41
6231	-0.42
5452	-0.43
5052	-0.43
8284	-0.47
6206	-0.48
5469	-0.49
159	-0.49
9563	-0.49
55173	-0.50
6129	-0.51
3615	-0.52
3326	-0.54
6234	-0.60
51121	-0.60
639	-0.60
738	-0.61
5685	-0.61
51099	-0.62
55703	-0.63
7403	-0.63
6651	-0.68
5094	-0.69
9611	-0.70
1112	-0.70
80853	-0.71
10153	-0.74
864	-0.76
8242	-0.77
10463	-0.78
7175	-0.78
3320	-0.79
7311	-0.84
1655	-0.86
57492	-0.90
972	-0.93
51154	-0.94
6161	-0.96
3301	-0.97
115098	-0.97
5927	-1.00
54815	-1.01
7536	-1.04
5431	-1.04
51742	-1.11
2197	-1.14
10576	-1.24
54799	-1.27
1654	-1.28
23028	-1.41
11338	-1.42
58508	-1.46
9774	-1.52
1387	-1.56
23135	-1.67
25836	-1.75
