10576	3.28
5700	3.21
10463	2.96
5717	2.67
905	2.65
5250	2.61
7316	2.53
58517	2.49
10198	2.47
7756	2.31
3150	2.24
9168	2.20
51360	2.17
55703	2.14
23204	2.11
1974	1.98
5682	1.95
51742	1.94
55173	1.91
2597	1.89
10765	1.76
5685	1.76
1407	1.73
51602	1.71
7543	1.70
6647	1.49
1655	1.45
10376	1.43
6428	1.42
10771	1.38
5315	1.38
5693	1.36
7403	1.32
6427	1.31
6175	1.29
26009	1.28
5431	1.27
3320	1.27
51230	1.26
3298	1.23
10153	1.20
8554	1.18
5927	1.14
9611	1.11
1017	1.07
4736	1.04
50484	1.02
22807	0.91
10209	0.89
9584	0.88
5094	0.87
58508	0.84
6284	0.81
6231	0.80
7175	0.79
6176	0.73
738	0.73
5885	0.71
3326	0.70
1915	0.67
9774	0.61
5610	0.58
54443	0.54
3181	0.52
60	0.49
159	0.46
23028	0.42
3190	0.40
54799	0.39
79142	0.39
5981	0.38
23135	0.36
8242	0.36
4999	0.32
1072	0.31
6908	0.30
6136	0.29
5469	0.28
5452	0.27
50943	0.27
5441	0.26
7536	0.25
9519	0.23
5052	0.22
3224	0.20
80853	0.18
3312	0.16
6232	0.16
3309	0.13
51513	0.09
23451	0.07
6651	0.03
5036	0.02
7005	0.02
639	0.02
5757	0.00
7167	-0.02
6161	-0.03
8208	-0.04
6129	-0.08
4234	-0.10
8538	-0.10
57492	-0.11
1938	-0.12
23633	-0.16
1654	-0.19
51514	-0.22
6234	-0.22
4869	-0.22
4904	-0.24
3757	-0.25
2023	-0.26
54623	-0.26
7314	-0.26
6194	-0.26
3301	-0.31
7546	-0.33
8284	-0.34
55355	-0.34
6206	-0.35
51099	-0.37
25836	-0.37
2197	-0.41
2305	-0.42
2115	-0.42
10721	-0.50
23521	-0.51
10061	-0.52
672	-0.54
115098	-0.55
26986	-0.55
5982	-0.56
51154	-0.58
51121	-0.61
972	-0.62
3670	-0.65
6224	-0.66
65980	-0.69
4605	-0.72
5080	-0.72
3720	-0.73
6122	-0.75
3615	-0.75
3065	-0.77
10127	-0.78
7311	-0.78
9563	-0.79
5093	-0.85
1750	-0.87
204	-0.89
6241	-0.92
960	-0.96
864	-0.99
1164	-1.00
4176	-1.01
8243	-1.03
29781	-1.04
1387	-1.05
3015	-1.05
1112	-1.12
10383	-1.13
4800	-1.22
11338	-1.22
4998	-1.29
81570	-1.33
5888	-1.34
8277	-1.37
23649	-1.42
5725	-1.44
8607	-1.61
6591	-1.65
4171	-1.65
54815	-1.68
4172	-1.72
9918	-1.77
5111	-1.78
