4234	4.18
81570	3.63
26009	3.36
8607	3.16
9774	3.09
5431	2.90
10576	2.81
10771	2.80
10198	2.67
51360	2.66
10061	2.57
5036	2.38
55591	2.14
51099	2.07
3312	2.04
4999	1.97
55173	1.84
5250	1.81
5700	1.80
51602	1.66
51154	1.55
1654	1.44
8243	1.44
4869	1.40
50943	1.34
3309	1.33
5981	1.31
65980	1.24
159	1.21
6231	1.19
3181	1.15
115098	1.09
23028	1.08
1387	1.07
11338	1.04
5693	1.04
54623	1.00
79142	0.99
23649	0.95
4998	0.93
5441	0.91
7403	0.91
4171	0.90
6428	0.90
9918	0.86
5927	0.85
3720	0.83
25836	0.78
5725	0.78
51121	0.75
58517	0.73
7175	0.71
57492	0.70
10463	0.65
51514	0.64
10765	0.64
2305	0.62
672	0.62
7543	0.57
204	0.55
6241	0.54
3670	0.54
5888	0.54
3326	0.52
9611	0.50
4172	0.48
6651	0.47
3320	0.46
5717	0.46
10721	0.45
3224	0.44
10383	0.44
10376	0.44
1407	0.43
10153	0.42
3190	0.40
58508	0.39
23633	0.39
3301	0.36
4800	0.32
54815	0.30
6175	0.28
3615	0.27
5469	0.25
54443	0.22
54799	0.22
6427	0.21
6591	0.20
3065	0.18
7536	0.17
1750	0.17
60	0.15
5610	0.13
51230	0.11
8554	0.07
8284	0.05
5885	0.04
6161	0.04
3757	0.02
8538	0.01
7005	0.01
22807	-0.00
8277	-0.01
8208	-0.01
1655	-0.03
5111	-0.05
5682	-0.06
23451	-0.06
9584	-0.11
1915	-0.11
4736	-0.14
2023	-0.14
5982	-0.19
1072	-0.21
26986	-0.21
1938	-0.23
29781	-0.23
3298	-0.28
6206	-0.31
2597	-0.35
6234	-0.37
1974	-0.38
7167	-0.38
6647	-0.40
10127	-0.42
6129	-0.45
738	-0.45
9519	-0.47
7756	-0.47
2115	-0.51
5315	-0.52
7316	-0.52
4904	-0.52
7546	-0.60
55355	-0.63
5093	-0.63
4176	-0.64
5080	-0.64
5685	-0.65
5052	-0.67
5452	-0.78
6908	-0.79
8242	-0.82
639	-0.82
5094	-0.83
6194	-0.85
960	-0.86
905	-0.87
1017	-0.90
6122	-0.93
4605	-1.02
1112	-1.07
51513	-1.12
7311	-1.16
6176	-1.19
10209	-1.21
6284	-1.24
5757	-1.25
3150	-1.30
23521	-1.31
6136	-1.32
6232	-1.34
23135	-1.35
2197	-1.36
9563	-1.43
80853	-1.45
7314	-1.54
3015	-1.62
864	-1.77
51742	-1.79
9168	-1.95
50484	-1.99
6224	-2.06
972	-2.25
23204	-2.27
1164	-3.02
