51513	3.47
5685	2.82
9611	2.59
51360	2.21
3301	2.17
10153	2.06
51742	2.01
6651	1.98
5717	1.94
5927	1.93
9774	1.93
7543	1.90
4999	1.86
1387	1.85
3320	1.81
5981	1.74
1654	1.74
8243	1.71
50484	1.67
8208	1.66
3190	1.61
55173	1.56
8554	1.56
51602	1.45
5885	1.43
23451	1.39
5093	1.35
23633	1.31
1072	1.30
23649	1.29
7175	1.26
6241	1.22
3326	1.20
3181	1.16
7756	1.15
5469	1.09
54815	1.08
58508	1.07
5700	0.97
58517	0.95
7403	0.89
5315	0.86
672	0.85
5682	0.84
10721	0.83
10376	0.82
159	0.80
2305	0.78
23028	0.74
10198	0.73
4998	0.70
10771	0.69
10463	0.66
60	0.65
5036	0.62
7536	0.62
3309	0.60
6647	0.59
55591	0.58
2597	0.56
25836	0.51
7316	0.50
4904	0.50
4605	0.50
5982	0.47
54799	0.46
54623	0.45
5111	0.44
204	0.43
9584	0.42
9168	0.34
8242	0.28
864	0.26
51514	0.26
3312	0.24
1017	0.24
10765	0.23
26986	0.23
3720	0.20
3224	0.17
905	0.16
1655	0.15
51099	0.15
7167	0.14
6231	0.14
55703	0.13
8607	0.12
1112	0.08
4172	0.08
6176	0.06
2115	0.05
5452	0.04
3150	0.04
3065	0.03
639	0.02
50943	0.02
6428	0.01
26009	-0.01
55355	-0.02
5757	-0.03
5693	-0.03
5094	-0.07
7005	-0.09
81570	-0.11
9918	-0.12
57492	-0.13
51230	-0.16
9519	-0.17
1974	-0.18
6136	-0.20
6427	-0.22
960	-0.22
10383	-0.22
10209	-0.23
9563	-0.24
6591	-0.24
5431	-0.25
7546	-0.26
5725	-0.27
4171	-0.27
4869	-0.29
2023	-0.30
5888	-0.31
3015	-0.32
11338	-0.32
4800	-0.33
115098	-0.34
1750	-0.36
3757	-0.37
22807	-0.41
10576	-0.42
4176	-0.42
54443	-0.48
3298	-0.56
23135	-0.64
972	-0.65
51121	-0.66
4234	-0.66
8538	-0.68
7314	-0.69
51154	-0.71
6908	-0.73
3670	-0.74
80853	-0.74
6232	-0.81
8284	-0.82
5441	-0.83
5080	-0.85
5052	-0.86
6284	-0.87
5250	-0.95
6194	-1.01
3615	-1.02
8277	-1.03
2197	-1.03
23204	-1.05
1164	-1.08
1407	-1.10
79142	-1.15
29781	-1.18
6206	-1.19
6234	-1.22
10061	-1.36
65980	-1.37
6224	-1.43
6161	-1.53
1915	-1.62
7311	-1.63
1938	-1.64
4736	-1.72
23521	-1.76
6175	-1.87
10127	-1.96
6129	-2.01
738	-2.40
6122	-2.53
