5700	9.05
5685	7.78
5717	6.08
5052	5.96
3190	4.55
5250	4.49
5693	4.38
3181	4.22
3312	3.91
7756	3.75
2023	3.72
6428	3.64
3326	3.58
6647	3.58
10576	3.57
2597	3.47
3298	3.44
10376	3.39
1072	3.26
55173	3.03
5431	2.93
5725	2.74
10463	2.62
3320	2.54
5036	2.43
5441	2.33
23451	2.25
7167	2.18
8607	2.13
960	2.08
3015	2.08
3301	1.99
7314	1.97
7316	1.96
55591	1.95
4869	1.93
6241	1.84
6231	1.82
9519	1.82
6129	1.75
23649	1.71
10209	1.70
6427	1.67
3065	1.67
10383	1.63
3150	1.61
5315	1.60
9584	1.60
51360	1.58
4904	1.50
159	1.48
8242	1.48
23633	1.48
204	1.47
23028	1.45
51121	1.45
1915	1.43
5111	1.42
81570	1.35
4234	1.34
1164	1.32
7403	1.25
1655	1.20
5094	1.17
3309	1.16
6175	1.15
51513	1.10
23204	1.06
5982	0.95
5885	0.94
60	0.93
9168	0.93
9774	0.92
5093	0.90
8208	0.90
51602	0.88
5610	0.84
1974	0.83
9918	0.77
7311	0.65
1017	0.64
5757	0.62
1654	0.61
10127	0.59
2305	0.55
6908	0.52
6136	0.50
6234	0.43
6224	0.42
50943	0.41
6122	0.39
1938	0.39
7546	0.36
51099	0.33
2197	0.32
3670	0.29
26009	0.23
4736	0.23
3615	0.22
6206	0.22
4998	0.21
905	0.21
4171	0.19
6194	0.17
65980	0.14
7536	0.12
23521	0.12
5469	0.10
115098	0.10
50484	0.09
26986	0.09
8277	0.09
51514	0.06
8243	0.04
3757	0.03
972	0.02
29781	0.01
639	0.01
738	0.00
51154	-0.00
3224	-0.00
4999	-0.01
5080	-0.02
10198	-0.03
7005	-0.05
55703	-0.06
5981	-0.06
3720	-0.11
4176	-0.11
54443	-0.14
6284	-0.17
864	-0.17
7543	-0.18
6161	-0.18
5888	-0.21
6591	-0.21
58517	-0.24
11338	-0.25
55355	-0.27
8554	-0.31
1750	-0.35
10153	-0.35
5452	-0.35
2115	-0.38
6176	-0.46
8538	-0.53
4172	-0.53
22807	-0.61
54799	-0.66
54623	-0.69
10061	-0.70
8284	-0.74
25836	-0.79
4605	-0.85
1112	-0.88
23135	-0.93
6232	-0.98
54815	-1.04
1407	-1.04
57492	-1.08
10765	-1.09
4800	-1.10
9563	-1.12
6651	-1.14
80853	-1.14
10721	-1.16
672	-1.17
1387	-1.35
79142	-1.36
51742	-1.42
7175	-1.43
5927	-1.45
51230	-1.87
10771	-1.95
58508	-2.11
9611	-2.25
