5682	7.78
5700	7.47
5717	6.01
3320	5.88
3301	5.50
5052	5.37
10576	5.22
6647	4.79
3015	4.10
5693	4.06
6428	3.95
51121	3.88
5315	3.76
3312	3.58
55173	3.25
3181	3.22
3190	3.20
9168	3.17
1655	3.15
5111	3.10
7756	2.91
5036	2.87
7314	2.83
5610	2.82
7316	2.70
7167	2.64
2597	2.62
1164	2.53
10376	2.46
51602	2.46
3326	2.46
8554	2.45
6129	2.39
6231	2.38
3150	2.33
5431	2.19
3065	2.17
6427	2.12
6176	2.06
4904	1.93
9774	1.85
5757	1.84
23649	1.84
2023	1.82
5250	1.77
55591	1.76
204	1.73
10463	1.72
54623	1.71
5885	1.69
51513	1.67
23204	1.66
1072	1.64
9519	1.58
23028	1.56
10383	1.53
159	1.49
6651	1.48
79142	1.45
6224	1.41
5982	1.35
8243	1.26
10153	1.26
6136	1.26
6232	1.22
4869	1.22
60	1.21
1654	1.19
8208	1.08
6284	1.08
6175	1.04
51742	0.97
7543	0.96
58517	0.95
23451	0.95
7175	0.95
2197	0.91
6194	0.90
5469	0.87
5441	0.85
3224	0.84
7311	0.75
50484	0.73
23521	0.66
8607	0.65
5093	0.62
4999	0.61
115098	0.54
25836	0.53
9611	0.50
4736	0.47
10061	0.45
972	0.43
5927	0.42
5452	0.35
8242	0.34
3309	0.33
6206	0.32
6241	0.29
51154	0.28
6908	0.27
3670	0.27
11338	0.27
81570	0.27
4172	0.26
1750	0.23
1915	0.23
1017	0.16
5888	0.10
5094	0.07
10198	0.02
23633	0.00
672	-0.01
9584	-0.05
639	-0.05
6122	-0.06
51360	-0.10
7005	-0.13
54443	-0.17
50943	-0.20
7546	-0.25
5725	-0.27
7403	-0.31
10209	-0.31
3757	-0.32
1974	-0.33
5981	-0.34
4176	-0.34
3298	-0.34
2305	-0.36
905	-0.37
4234	-0.39
65980	-0.40
4800	-0.43
9918	-0.44
10721	-0.45
1387	-0.46
8538	-0.47
3720	-0.54
8277	-0.55
6161	-0.55
54799	-0.58
55355	-0.61
4998	-0.62
80853	-0.62
4171	-0.63
55703	-0.65
6591	-0.66
864	-0.69
26986	-0.70
10771	-0.78
4605	-0.79
10765	-0.81
2115	-0.83
9563	-0.88
3615	-0.90
23135	-0.93
5080	-1.01
51514	-1.04
29781	-1.05
54815	-1.08
7536	-1.11
1407	-1.13
22807	-1.21
51230	-1.31
1938	-1.32
6234	-1.32
51099	-1.45
8284	-1.46
738	-1.47
960	-1.49
1112	-1.63
57492	-1.68
26009	-1.75
58508	-1.90
10127	-2.12
