5052	5.81
5700	5.55
5717	5.02
5250	4.42
5682	4.38
6284	4.11
5685	4.06
6175	3.81
10576	3.78
7167	3.66
10376	3.60
51121	3.46
2597	3.37
3326	3.30
7314	3.25
3312	3.21
6647	3.17
3015	3.17
2023	3.02
10061	2.97
3301	2.97
2197	2.86
5441	2.80
8607	2.79
79142	2.75
23633	2.74
3615	2.61
51154	2.51
3320	2.45
81570	2.42
23521	2.29
55173	2.27
5431	2.17
5315	2.06
7311	2.04
6176	1.91
4736	1.88
6161	1.87
6122	1.77
1164	1.76
5036	1.76
4176	1.72
10383	1.66
3190	1.50
7756	1.43
5982	1.42
6231	1.40
55591	1.36
54623	1.27
10765	1.25
7316	1.24
51360	1.22
5093	1.22
6136	1.18
50484	1.15
6234	1.12
8242	1.11
3309	1.10
55703	1.04
1655	1.02
6194	0.99
4869	0.95
6129	0.85
51099	0.79
204	0.78
11338	0.77
1915	0.77
6206	0.76
7543	0.74
4234	0.69
1072	0.66
51602	0.66
1938	0.65
1974	0.65
3181	0.59
54799	0.57
23451	0.48
4172	0.45
9519	0.43
58517	0.41
23028	0.40
9168	0.40
5888	0.35
6427	0.35
3065	0.35
23649	0.24
1654	0.22
6232	0.21
10209	0.19
4999	0.18
9918	0.18
4800	0.15
3224	0.13
1017	0.13
4904	0.07
9774	0.03
51513	0.02
3670	0.02
5111	0.00
7005	0.00
1750	-0.02
6224	-0.02
5610	-0.03
5094	-0.05
159	-0.08
55355	-0.09
115098	-0.12
5725	-0.12
6591	-0.13
4998	-0.20
10463	-0.20
54443	-0.21
6241	-0.33
10721	-0.35
2305	-0.37
3298	-0.37
5469	-0.38
1407	-0.38
7403	-0.39
6428	-0.39
4605	-0.41
8284	-0.44
23204	-0.46
738	-0.46
4171	-0.47
60	-0.49
6908	-0.49
3757	-0.52
5927	-0.55
905	-0.56
5452	-0.57
1387	-0.58
22807	-0.62
960	-0.64
3720	-0.68
23135	-0.69
10153	-0.70
5885	-0.77
8208	-0.78
10771	-0.78
8277	-0.78
2115	-0.79
8538	-0.79
639	-0.82
25836	-0.84
6651	-0.84
3150	-0.86
51514	-0.87
26009	-0.87
10127	-0.91
8554	-0.97
7546	-0.98
8243	-0.99
51742	-1.03
57492	-1.03
1112	-1.07
5080	-1.07
5757	-1.12
50943	-1.16
80853	-1.22
51230	-1.22
9584	-1.22
7175	-1.24
29781	-1.24
10198	-1.27
58508	-1.30
972	-1.30
9563	-1.39
65980	-1.41
54815	-1.44
9611	-1.45
672	-1.55
7536	-1.68
864	-1.74
5981	-1.86
26986	-2.17
