5682	9.05
5717	7.87
5685	7.47
3320	6.87
10576	5.77
5693	5.55
6647	5.47
3326	5.12
5052	4.92
3181	4.65
58517	4.60
3301	4.27
3190	4.25
7316	4.19
5431	4.12
55173	4.00
5036	3.64
54623	3.53
7314	3.30
51121	3.30
2597	3.22
55591	3.21
5982	3.20
2023	3.13
3312	2.87
10376	2.86
8607	2.82
9774	2.81
51154	2.73
1072	2.62
3309	2.62
10153	2.60
5885	2.55
6428	2.54
3015	2.51
5250	2.47
4869	2.28
1654	2.27
51602	2.25
65980	2.25
10463	2.18
4904	2.16
23028	2.15
5315	2.12
1655	1.97
6651	1.92
10383	1.90
3298	1.83
55703	1.80
51099	1.79
7167	1.76
7756	1.75
23649	1.75
3065	1.74
23633	1.72
5111	1.69
10771	1.68
8208	1.61
23451	1.60
7175	1.48
29781	1.47
8243	1.46
6284	1.44
9584	1.42
81570	1.41
23204	1.40
79142	1.32
5927	1.31
6129	1.30
60	1.30
5093	1.27
8242	1.24
10061	1.20
204	1.16
6231	1.15
115098	1.13
4998	1.07
4171	1.00
4234	1.00
5610	0.97
3720	0.95
4176	0.89
11338	0.89
159	0.88
6241	0.81
6908	0.78
9168	0.75
54815	0.71
1017	0.66
5981	0.65
5441	0.64
9519	0.61
1112	0.59
51742	0.59
3150	0.56
10209	0.55
7543	0.54
5725	0.53
54443	0.50
4172	0.45
5757	0.43
5094	0.40
6427	0.35
8538	0.32
5888	0.28
3670	0.27
10765	0.26
672	0.23
4736	0.21
7005	0.21
1387	0.19
3224	0.16
2305	0.13
7311	0.12
960	0.10
10127	0.03
25836	0.02
9918	-0.01
2197	-0.11
1407	-0.13
7403	-0.17
50943	-0.19
55355	-0.19
51513	-0.19
51360	-0.22
1974	-0.22
4605	-0.23
5452	-0.24
6224	-0.28
6206	-0.32
972	-0.32
6194	-0.36
1750	-0.42
9611	-0.47
8554	-0.53
3615	-0.54
6136	-0.56
1915	-0.57
51514	-0.57
2115	-0.58
51230	-0.58
6232	-0.60
639	-0.60
738	-0.60
5080	-0.64
6122	-0.72
8277	-0.74
58508	-0.75
7546	-0.75
864	-0.77
3757	-0.81
50484	-0.83
7536	-0.85
10198	-0.91
5469	-0.91
1938	-0.97
905	-1.00
26009	-1.01
57492	-1.02
6591	-1.05
8284	-1.06
80853	-1.06
1164	-1.07
10721	-1.12
4999	-1.15
6175	-1.23
6176	-1.36
23135	-1.47
26986	-1.49
4800	-1.50
54799	-1.55
6161	-1.56
22807	-1.71
9563	-1.77
23521	-1.78
6234	-2.93
