7756	8.13
5700	7.87
5682	6.08
5469	6.04
5685	6.01
23633	5.44
3326	5.34
5693	5.02
3190	4.88
10576	4.64
6427	4.64
5052	4.49
5036	4.33
3320	3.97
3181	3.92
3312	3.74
3301	3.50
55173	3.45
3309	3.42
10061	3.40
11338	3.40
5725	3.39
10383	3.39
54623	3.32
6647	3.29
6651	3.29
10376	3.26
2023	3.24
1655	3.21
6428	3.20
1654	3.03
54815	3.02
6908	2.96
7536	2.94
5093	2.77
1072	2.76
5315	2.68
1407	2.68
55591	2.67
8243	2.67
5431	2.64
23028	2.53
58517	2.52
60	2.31
7316	2.23
2597	2.22
8208	2.19
23649	2.16
51154	2.16
5250	2.05
9774	2.01
8607	2.01
204	2.00
9611	2.00
5610	1.94
8242	1.94
3015	1.83
81570	1.81
51602	1.80
3065	1.78
4172	1.74
1017	1.71
4176	1.65
5982	1.58
4904	1.57
5094	1.53
7543	1.52
10209	1.51
5885	1.50
79142	1.46
5111	1.41
7314	1.39
4234	1.35
8554	1.32
4998	1.28
5927	1.28
3720	1.26
65980	1.22
115098	1.20
7167	1.16
6231	1.14
1387	1.07
7403	1.04
639	1.02
23204	0.98
960	0.98
6241	0.93
9584	0.92
672	0.92
51099	0.91
10765	0.90
4800	0.90
4171	0.85
7005	0.80
972	0.76
51360	0.70
3224	0.67
5757	0.53
5452	0.52
2305	0.51
51514	0.50
29781	0.49
51742	0.48
9519	0.46
55703	0.46
4999	0.44
51230	0.43
159	0.37
51121	0.33
9918	0.32
10153	0.30
23451	0.30
3298	0.23
4605	0.21
26986	0.19
25836	0.13
7175	0.13
5441	0.13
1750	0.11
8277	0.10
864	0.06
55355	0.06
23135	0.03
51513	-0.01
1164	-0.04
50943	-0.08
57492	-0.08
54443	-0.10
8538	-0.19
7546	-0.20
6176	-0.25
58508	-0.27
2115	-0.30
3150	-0.31
5080	-0.44
4869	-0.48
5981	-0.51
8284	-0.51
50484	-0.56
10463	-0.58
7311	-0.60
2197	-0.67
80853	-0.68
10127	-0.68
54799	-0.68
905	-0.69
5888	-0.72
3615	-0.72
3757	-0.75
1112	-0.79
10198	-0.88
10721	-0.96
6591	-0.98
3670	-1.04
9168	-1.23
10771	-1.24
1974	-1.25
22807	-1.28
6175	-1.37
1938	-1.48
6284	-1.61
4736	-1.62
6224	-1.62
6161	-1.64
738	-1.77
6136	-1.79
6194	-1.91
1915	-2.21
6129	-2.22
6232	-2.32
6206	-2.34
9563	-2.38
6122	-2.39
23521	-2.65
6234	-2.68
26009	-2.97
