11338	8.64
3190	6.89
54815	5.56
7756	5.32
6427	5.03
1938	4.61
7536	4.40
5757	4.19
4176	4.18
2023	4.17
60	4.12
1017	4.07
4172	3.97
5093	3.93
4171	3.91
26986	3.89
10376	3.72
9774	3.70
9918	3.58
3065	3.53
5717	3.39
3326	3.33
1072	3.26
1387	3.23
3181	3.23
8242	3.22
10383	3.01
5036	3.01
8243	2.93
6428	2.92
10127	2.88
115098	2.79
5682	2.74
57492	2.59
1654	2.55
5094	2.54
9584	2.48
23649	2.45
2597	2.39
3615	2.38
54623	2.38
51602	2.30
4904	2.30
6908	2.29
10576	2.26
58517	2.23
5469	2.22
6651	2.19
29781	2.19
7403	2.16
23451	2.15
1407	2.11
3015	2.06
204	2.03
6231	1.94
3312	1.93
3720	1.86
5885	1.81
738	1.80
6234	1.78
8607	1.75
3150	1.74
3309	1.72
26009	1.64
4800	1.64
10061	1.57
23633	1.56
4869	1.49
4234	1.48
7311	1.47
1915	1.46
960	1.45
6175	1.44
23028	1.43
81570	1.42
25836	1.40
10209	1.40
7316	1.34
1164	1.32
1655	1.30
5111	1.28
51154	1.28
5315	1.27
8554	1.26
5982	1.26
4998	1.26
4736	1.22
5250	1.19
23135	1.16
3320	1.16
6122	1.14
905	1.14
7005	1.11
7546	1.11
2197	1.08
972	1.08
8208	1.05
639	0.98
864	0.98
4605	0.97
6241	0.97
159	0.96
23204	0.94
4999	0.94
2305	0.89
5052	0.87
65980	0.85
23521	0.84
3298	0.80
6136	0.80
1112	0.79
55703	0.78
6176	0.72
5431	0.68
5441	0.66
7175	0.57
51514	0.55
5981	0.53
5700	0.53
6194	0.51
6161	0.50
7314	0.50
7167	0.42
5080	0.40
9519	0.39
3301	0.36
6232	0.36
6206	0.30
50943	0.30
9611	0.29
6591	0.23
8538	0.22
10771	0.08
51513	0.04
51099	0.02
7543	0.01
6224	-0.03
10153	-0.08
55355	-0.11
8284	-0.11
5693	-0.12
51742	-0.17
54799	-0.19
8277	-0.21
3224	-0.23
3670	-0.25
5610	-0.27
5685	-0.27
58508	-0.28
5452	-0.30
10198	-0.30
10765	-0.33
2115	-0.41
22807	-0.42
672	-0.47
6284	-0.49
1750	-0.50
9563	-0.60
3757	-0.62
54443	-0.63
79142	-0.72
6647	-0.74
80853	-0.76
9168	-0.80
6129	-0.81
51360	-0.82
55173	-0.93
1974	-0.94
10463	-0.96
5888	-1.12
51230	-1.14
51121	-1.21
5927	-1.26
55591	-1.44
50484	-1.52
10721	-2.31
