1387	7.70
58508	3.91
1112	3.81
25836	3.77
7536	3.43
10771	3.43
9611	3.34
7403	3.24
6651	3.10
5093	3.02
5094	2.94
6908	2.67
3720	2.63
5725	2.59
23135	2.40
8242	2.34
54799	2.30
9774	2.28
6206	2.26
738	2.23
11338	2.17
8243	2.10
23028	2.07
54815	2.01
4800	1.99
7543	1.99
26009	1.95
51230	1.86
864	1.84
972	1.84
80853	1.82
9918	1.67
22807	1.62
1938	1.61
23633	1.60
6224	1.59
26986	1.58
5469	1.50
4171	1.48
1654	1.41
3181	1.33
5927	1.29
3298	1.28
10765	1.24
9563	1.22
5757	1.21
9519	1.19
905	1.18
23451	1.12
7756	1.10
51742	1.06
51360	1.03
9584	1.00
10127	1.00
3190	0.97
5452	0.95
639	0.93
6234	0.93
8284	0.91
5885	0.90
2197	0.84
960	0.84
4172	0.82
6122	0.80
672	0.77
51154	0.76
51513	0.75
4176	0.74
7175	0.74
5080	0.74
8554	0.73
55703	0.70
1655	0.67
23521	0.64
29781	0.64
10209	0.63
7005	0.62
4234	0.61
1915	0.59
2305	0.58
54623	0.55
6194	0.55
4736	0.54
6176	0.51
8607	0.48
79142	0.45
3326	0.42
50943	0.42
4904	0.41
6428	0.40
60	0.39
7316	0.37
6232	0.33
65980	0.31
4605	0.31
6129	0.31
23649	0.27
115098	0.26
6175	0.23
7314	0.20
1750	0.19
81570	0.17
3301	0.16
4998	0.15
4999	0.13
6136	0.07
3065	0.05
51602	0.04
5981	0.04
10463	-0.02
5717	-0.08
3312	-0.09
55591	-0.11
5610	-0.13
6591	-0.15
58517	-0.16
5036	-0.18
3224	-0.19
4869	-0.19
7311	-0.19
2115	-0.20
3757	-0.20
5111	-0.21
6427	-0.24
6161	-0.25
8208	-0.26
7546	-0.26
1407	-0.28
9168	-0.29
6231	-0.33
5441	-0.40
51121	-0.41
3309	-0.41
10061	-0.43
3150	-0.46
5888	-0.47
3615	-0.49
10721	-0.51
10198	-0.53
3320	-0.56
159	-0.57
8538	-0.61
5982	-0.63
204	-0.67
3670	-0.68
10576	-0.71
6647	-0.74
51099	-0.75
5315	-0.77
6241	-0.77
1072	-0.78
1974	-0.78
3015	-0.80
1164	-0.84
55355	-0.90
2023	-0.91
54443	-0.92
2597	-1.01
1017	-1.01
5700	-1.02
5693	-1.03
10383	-1.06
5682	-1.08
8277	-1.22
10376	-1.23
6284	-1.28
10153	-1.30
23204	-1.30
51514	-1.40
50484	-1.45
55173	-1.49
7167	-1.53
5431	-1.64
5685	-1.68
5052	-1.74
5250	-1.99
