3150	7.76
4904	7.10
6428	6.76
6427	5.94
3190	5.46
58517	5.31
3181	5.10
9168	5.06
6194	5.03
10376	4.81
1915	4.78
51602	4.65
26986	4.55
5036	4.50
6122	4.40
3326	4.40
6129	4.34
5725	4.19
23521	4.19
6136	4.11
60	3.96
11338	3.92
6231	3.83
3320	3.78
2197	3.71
4736	3.70
6224	3.63
3015	3.60
4869	3.40
6234	3.33
6206	3.16
204	3.15
65980	3.06
6232	3.04
1072	2.98
4172	2.95
6175	2.92
9774	2.92
4176	2.90
5093	2.84
23028	2.73
7311	2.73
2023	2.71
7167	2.71
1017	2.70
8243	2.69
7536	2.64
3312	2.59
3065	2.55
115098	2.51
159	2.47
6161	2.45
3615	2.44
6176	2.42
1655	2.35
3301	2.35
9584	2.32
2597	2.32
1164	2.29
6651	2.23
7756	2.23
1938	2.19
4800	2.10
5094	2.10
29781	2.09
10383	2.05
23204	2.04
10576	2.02
23451	2.00
5981	1.94
5885	1.92
5111	1.92
5315	1.87
5685	1.84
6647	1.83
51742	1.83
864	1.70
51154	1.65
54815	1.61
5441	1.61
5982	1.59
972	1.56
7314	1.52
7175	1.44
54623	1.44
5052	1.38
3720	1.38
10209	1.36
4605	1.35
8607	1.34
3309	1.29
57492	1.21
1974	1.18
10153	1.17
7316	1.15
10127	1.14
6908	1.14
55355	1.11
5452	1.11
905	1.08
4234	1.07
1112	1.05
6241	1.04
9918	0.92
22807	0.91
4999	0.90
4171	0.87
9611	0.86
58508	0.84
10771	0.84
51121	0.84
960	0.83
8208	0.77
54443	0.64
5682	0.62
51230	0.61
5250	0.60
7546	0.59
8538	0.54
5717	0.53
3670	0.43
5700	0.43
5469	0.40
9519	0.33
50943	0.32
10198	0.31
1407	0.30
1654	0.29
23135	0.23
1750	0.22
3298	0.15
8277	0.12
51513	0.08
3224	0.04
8554	0.03
4998	0.01
672	0.01
55591	0.00
23649	-0.02
5610	-0.03
51514	-0.04
54799	-0.05
10061	-0.11
10463	-0.13
81570	-0.18
6284	-0.18
8284	-0.18
5888	-0.20
738	-0.21
639	-0.23
3757	-0.23
1387	-0.31
55173	-0.35
2115	-0.43
80853	-0.45
5431	-0.52
10765	-0.64
2305	-0.74
25836	-0.75
9563	-0.78
7543	-0.83
7403	-0.85
79142	-0.88
26009	-0.88
23633	-0.88
6591	-0.90
5080	-0.96
10721	-0.98
5693	-1.12
7005	-1.13
5927	-1.18
55703	-1.25
8242	-1.43
51099	-1.63
50484	-1.72
51360	-2.68
