1387	10.05
9611	9.21
25836	8.39
6651	7.07
5927	6.92
51742	5.20
80853	4.51
23135	4.06
7175	4.00
57492	3.91
8554	3.87
7403	3.85
5469	3.27
3720	2.95
1112	2.89
23633	2.86
10765	2.76
23451	2.73
54815	2.72
51230	2.66
8243	2.57
58517	2.39
54799	2.24
5093	2.13
905	2.13
5094	1.99
8242	1.94
7536	1.93
10061	1.82
9774	1.75
9584	1.64
26986	1.53
5981	1.51
4800	1.42
7543	1.40
22807	1.33
4176	1.22
3757	1.13
8284	1.08
5610	1.07
7756	1.03
7316	1.02
1654	1.01
51099	1.01
5757	0.84
55591	0.84
3320	0.82
7311	0.78
672	0.76
10198	0.75
5982	0.75
6232	0.70
3181	0.69
10721	0.66
6224	0.65
2597	0.65
3309	0.65
639	0.60
2197	0.60
51121	0.54
11338	0.52
5452	0.51
3301	0.50
6129	0.48
115098	0.48
7167	0.47
5885	0.47
4605	0.47
55703	0.39
4904	0.37
81570	0.37
60	0.37
6234	0.32
51602	0.30
1750	0.29
6175	0.28
6194	0.28
10209	0.26
5431	0.25
6176	0.18
79142	0.13
54623	0.12
9563	0.12
3224	0.11
10771	0.11
6231	0.10
5036	0.07
204	0.07
6206	0.02
4998	0.01
65980	0.01
26009	0.01
972	-0.01
1938	-0.02
3312	-0.02
4736	-0.06
23521	-0.07
1407	-0.08
6136	-0.08
10153	-0.10
6908	-0.12
7314	-0.14
10383	-0.19
6284	-0.22
1164	-0.22
3150	-0.24
3190	-0.24
1655	-0.25
5080	-0.25
5717	-0.27
5725	-0.28
3326	-0.28
3615	-0.28
5111	-0.29
4999	-0.30
6161	-0.32
6122	-0.33
3065	-0.34
5441	-0.34
50484	-0.36
8277	-0.43
5888	-0.43
50943	-0.44
8538	-0.46
960	-0.46
51154	-0.47
6591	-0.48
5315	-0.51
2305	-0.51
51514	-0.52
3670	-0.53
9168	-0.53
51360	-0.59
2115	-0.59
6241	-0.60
1072	-0.61
864	-0.62
51513	-0.63
54443	-0.63
7546	-0.65
4234	-0.67
9918	-0.70
3015	-0.72
10376	-0.73
5700	-0.75
5250	-0.87
7005	-0.88
4171	-0.89
23649	-0.91
8208	-0.91
23028	-0.92
1974	-0.92
6427	-0.92
6428	-0.94
10576	-0.96
5052	-0.98
2023	-1.02
1017	-1.07
6647	-1.11
3298	-1.15
9519	-1.15
29781	-1.19
4869	-1.19
738	-1.21
10127	-1.22
4172	-1.22
1915	-1.23
23204	-1.25
55173	-1.29
5693	-1.30
10463	-1.30
55355	-1.46
5685	-1.90
8607	-2.02
5682	-2.11
159	-2.49
