6651	7.66
3181	7.61
9584	7.39
9774	7.20
7175	7.08
6427	7.03
51742	6.93
51602	6.70
7756	6.02
1655	5.96
23451	5.72
3320	5.59
905	5.44
5757	5.31
65980	5.14
7536	5.03
6428	4.82
5700	4.60
11338	4.52
10153	4.30
9611	3.41
3190	3.39
8243	2.92
3326	2.87
3150	2.75
5981	2.75
5717	2.52
5036	2.50
55591	2.49
8554	2.47
54623	2.47
54815	2.45
4800	2.41
25836	2.41
58508	2.39
3301	2.36
1654	2.32
5885	2.27
159	2.26
4904	2.25
5725	2.23
5927	1.93
5431	1.92
6908	1.90
10771	1.87
10383	1.86
4869	1.74
26986	1.61
3312	1.57
1974	1.47
7543	1.46
3720	1.33
10576	1.30
10376	1.27
4999	1.27
5452	1.20
10765	1.19
3309	1.18
4176	1.17
51230	1.16
1072	1.16
10127	1.16
23028	1.13
79142	1.13
51154	1.11
10198	1.10
204	1.08
1407	1.07
4234	1.05
6129	1.04
6231	0.98
5685	0.95
6647	0.95
5610	0.95
60	0.94
8242	0.84
115098	0.81
23633	0.81
1387	0.79
6284	0.77
5441	0.76
23204	0.76
7403	0.76
1112	0.74
55703	0.73
3298	0.69
7316	0.68
6194	0.63
5250	0.62
3015	0.62
1915	0.56
8284	0.54
3065	0.53
2023	0.49
4172	0.49
672	0.45
50943	0.43
6161	0.42
3224	0.42
29781	0.42
5693	0.41
8208	0.38
5093	0.36
1017	0.30
51099	0.30
80853	0.30
2197	0.29
6122	0.27
3615	0.22
7167	0.19
639	0.16
7546	0.13
54443	0.12
864	0.11
960	0.11
6206	0.09
55355	0.07
9168	0.05
9519	0.05
4605	0.04
23649	0.02
5315	0.02
5982	0.02
5469	0.02
10061	-0.00
972	-0.01
3670	-0.01
22807	-0.04
4736	-0.05
23135	-0.08
7005	-0.11
5094	-0.12
6136	-0.14
1164	-0.14
7314	-0.15
57492	-0.16
10463	-0.19
51513	-0.20
6234	-0.21
1750	-0.21
6176	-0.23
5682	-0.24
2115	-0.25
7311	-0.25
6224	-0.26
5052	-0.29
10721	-0.29
8538	-0.29
2597	-0.37
5080	-0.38
26009	-0.39
5111	-0.39
8277	-0.40
55173	-0.40
10209	-0.43
8607	-0.45
51121	-0.62
51514	-0.64
81570	-0.64
4998	-0.71
6591	-0.74
6232	-0.75
6241	-0.78
23521	-0.96
3757	-0.97
50484	-1.01
1938	-1.10
54799	-1.11
4171	-1.26
2305	-1.35
5888	-1.35
9563	-1.37
738	-1.38
6175	-1.52
51360	-1.92
9918	-2.38
