3190	6.01
9918	5.27
23204	5.19
3181	4.89
26986	4.53
25836	4.41
7175	4.14
3015	3.94
3320	3.66
8243	3.66
51230	3.59
5431	3.50
5093	3.49
50484	3.47
5094	3.45
9774	3.27
5981	3.12
4176	2.90
8554	2.89
3326	2.77
6129	2.75
4904	2.68
7543	2.65
10376	2.64
23028	2.64
5700	2.55
1017	2.53
5927	2.51
7756	2.46
6428	2.43
51742	2.38
54623	2.27
54443	2.27
58517	2.27
4172	2.27
2305	2.26
1387	2.25
672	2.21
5111	2.16
23451	2.14
3301	2.13
6651	2.13
3065	2.10
9584	2.09
4800	2.09
7536	2.05
159	2.01
1072	2.00
55173	1.94
11338	1.92
5757	1.92
1974	1.88
60	1.83
5982	1.81
5725	1.81
3150	1.79
10209	1.76
9611	1.70
5685	1.69
4171	1.67
3298	1.65
10153	1.64
1112	1.55
23649	1.55
5469	1.54
6224	1.52
1654	1.51
7316	1.50
5717	1.50
1164	1.46
10198	1.46
738	1.45
29781	1.43
5610	1.43
2023	1.37
5250	1.36
3615	1.30
10463	1.26
1407	1.25
10576	1.24
55355	1.23
2597	1.23
1655	1.17
4999	1.11
51602	1.11
6427	1.06
639	1.05
10771	1.04
5315	1.03
10765	1.02
9519	0.96
5682	0.94
80853	0.94
2115	0.91
57492	0.90
5036	0.89
6647	0.89
4869	0.86
6908	0.85
7314	0.81
6194	0.74
7167	0.72
55591	0.71
23633	0.69
81570	0.68
905	0.68
115098	0.62
3757	0.60
26009	0.60
7546	0.58
8277	0.56
54815	0.56
22807	0.53
4736	0.52
8607	0.51
8242	0.51
58508	0.47
7403	0.45
51360	0.43
7005	0.38
10383	0.37
1750	0.34
3312	0.31
4605	0.29
5080	0.28
3720	0.27
5888	0.23
3224	0.22
1938	0.21
8538	0.21
6176	0.21
54799	0.20
8208	0.19
1915	0.12
6136	0.08
23521	0.06
55703	0.04
6122	-0.01
9168	-0.02
7311	-0.03
6206	-0.04
2197	-0.08
6232	-0.08
6241	-0.11
3309	-0.11
4998	-0.13
51099	-0.23
8284	-0.28
864	-0.32
3670	-0.32
10721	-0.32
972	-0.33
51513	-0.36
50943	-0.37
6591	-0.40
204	-0.42
9563	-0.44
960	-0.46
5052	-0.47
23135	-0.48
6175	-0.52
6234	-0.57
65980	-0.76
5693	-0.77
51514	-0.79
79142	-0.82
6161	-0.92
10061	-0.93
5452	-0.95
6231	-0.97
5441	-1.01
6284	-1.11
51154	-1.11
10127	-1.39
51121	-1.61
4234	-1.75
