51514	12.95
4998	11.28
4605	10.56
6241	9.62
8208	9.30
4171	8.48
672	8.15
10721	7.29
5111	6.88
5982	6.77
4172	6.67
55355	6.46
2305	6.06
4176	5.88
23649	5.81
1017	5.19
54443	3.96
29781	2.89
10376	2.38
8243	2.04
3015	1.85
1164	1.67
9918	1.39
51154	1.38
4234	1.23
8607	0.97
5250	0.90
10383	0.90
3065	0.79
65980	0.71
5080	0.70
51099	0.68
5052	0.61
5981	0.54
55703	0.54
10209	0.53
8277	0.48
3670	0.43
6428	0.42
6122	0.41
1072	0.37
5693	0.35
204	0.32
5700	0.28
6129	0.28
7005	0.26
3309	0.26
10127	0.24
5885	0.23
5315	0.21
9563	0.19
2023	0.17
6284	0.16
8554	0.12
7167	0.12
5685	0.10
3757	0.10
159	0.09
23204	0.08
51360	0.08
5469	0.06
6908	0.06
9168	0.04
2597	0.04
7316	0.03
54623	0.03
60	0.02
80853	0.02
5036	-0.00
50943	-0.00
3615	-0.04
10061	-0.04
54799	-0.06
23028	-0.07
1407	-0.07
3150	-0.08
6591	-0.08
6427	-0.08
51602	-0.09
6194	-0.11
3298	-0.12
6175	-0.12
3224	-0.12
639	-0.14
1750	-0.16
6224	-0.18
8538	-0.20
5757	-0.20
5682	-0.21
7403	-0.21
22807	-0.21
7314	-0.23
3181	-0.24
51121	-0.26
864	-0.28
5610	-0.31
51513	-0.32
6176	-0.32
2115	-0.33
8284	-0.34
6206	-0.40
115098	-0.42
58508	-0.43
9519	-0.44
5441	-0.45
4869	-0.45
57492	-0.47
6234	-0.50
6161	-0.52
10198	-0.52
738	-0.53
1112	-0.54
23521	-0.54
6231	-0.57
5093	-0.57
81570	-0.60
23135	-0.60
5927	-0.61
6136	-0.62
4736	-0.65
7756	-0.65
1387	-0.65
54815	-0.70
79142	-0.70
5094	-0.71
7536	-0.71
5717	-0.72
51230	-0.73
6232	-0.78
4904	-0.85
26986	-0.87
6647	-0.88
10771	-0.88
3190	-0.89
10576	-0.90
3312	-0.91
7546	-0.91
4999	-0.94
7175	-0.94
5452	-0.99
905	-1.05
3320	-1.06
55173	-1.08
7543	-1.10
5725	-1.12
1974	-1.12
1915	-1.12
9611	-1.13
10463	-1.15
3301	-1.15
1938	-1.17
7311	-1.17
10153	-1.23
25836	-1.25
51742	-1.26
4800	-1.27
960	-1.28
55591	-1.34
58517	-1.35
11338	-1.37
3326	-1.38
972	-1.41
23451	-1.45
3720	-1.48
1655	-1.51
8242	-1.56
23633	-1.66
10765	-1.72
26009	-1.76
9774	-1.76
50484	-1.82
2197	-1.85
6651	-1.90
5431	-1.97
1654	-1.98
9584	-2.10
