51742	7.43
58508	6.92
25836	6.91
9611	6.82
6651	6.44
10765	5.39
7175	5.03
8554	4.35
9918	4.27
51230	4.17
5431	4.02
1387	4.00
5469	3.78
7543	3.71
80853	3.45
8242	3.33
54799	3.20
23633	3.17
23451	2.97
9774	2.88
79142	2.75
7403	2.64
7756	2.61
9584	2.51
5885	2.51
7167	2.44
7316	2.33
3065	2.21
1654	2.16
4800	1.98
58517	1.93
5610	1.93
54623	1.90
8243	1.88
1655	1.85
3720	1.81
1112	1.73
5981	1.65
2597	1.62
3190	1.51
2305	1.46
10576	1.42
4176	1.41
23028	1.35
6206	1.34
7314	1.34
5700	1.31
57492	1.29
5717	1.28
5094	1.26
6224	1.22
639	1.19
3301	1.18
55591	1.14
738	1.12
10153	1.10
65980	1.07
10127	1.05
8284	1.05
672	1.05
7311	1.01
23204	1.01
9563	1.01
54815	0.96
23135	0.92
6176	0.89
5111	0.88
6428	0.86
55703	0.85
23521	0.81
905	0.81
5250	0.80
3670	0.80
3181	0.79
6122	0.77
5080	0.76
2197	0.73
6129	0.72
3224	0.71
10721	0.67
6194	0.64
11338	0.63
22807	0.59
6232	0.57
50484	0.55
7536	0.55
1072	0.55
51602	0.53
4172	0.47
10198	0.46
1407	0.43
5685	0.42
9519	0.42
1974	0.41
864	0.41
23649	0.27
1938	0.27
1915	0.26
1017	0.24
3309	0.22
2023	0.22
5982	0.21
51514	0.16
10771	0.13
3326	0.12
3320	0.12
26986	0.09
1750	0.07
4998	0.05
6175	0.05
6161	0.01
4171	-0.03
159	-0.03
4736	-0.04
10061	-0.04
9168	-0.06
51513	-0.08
960	-0.09
5036	-0.09
5315	-0.14
8277	-0.14
6234	-0.22
6427	-0.23
2115	-0.27
7005	-0.29
10209	-0.31
10463	-0.34
6231	-0.34
6647	-0.34
26009	-0.38
7546	-0.39
6284	-0.40
6136	-0.42
6908	-0.43
51099	-0.45
4999	-0.45
5452	-0.46
3015	-0.48
8607	-0.48
5693	-0.55
51121	-0.59
81570	-0.60
5888	-0.61
60	-0.61
51360	-0.63
3757	-0.65
4605	-0.66
204	-0.69
3615	-0.70
5093	-0.72
55173	-0.74
5441	-0.78
3298	-0.78
4869	-0.80
29781	-0.80
5052	-0.80
6591	-0.83
972	-0.84
8538	-0.86
3150	-0.87
54443	-0.89
8208	-0.92
6241	-0.93
3312	-0.94
55355	-1.00
10376	-1.00
1164	-1.00
5757	-1.18
10383	-1.18
5725	-1.26
51154	-1.30
4904	-1.39
50943	-1.44
5682	-1.45
4234	-1.72
115098	-1.92
