7175	5.09
672	4.20
10153	4.03
5885	3.12
5431	2.97
9774	2.94
10463	2.77
58517	2.75
4172	2.59
4998	2.47
51742	2.42
8243	2.40
25836	2.31
6651	2.21
10198	2.09
51230	2.07
9611	2.02
51602	1.99
5757	1.94
51514	1.84
5469	1.80
4904	1.78
5610	1.74
8208	1.71
4171	1.67
29781	1.67
5927	1.65
3298	1.63
4176	1.52
5111	1.51
58508	1.51
10721	1.50
1017	1.43
23028	1.43
1112	1.42
3181	1.38
26009	1.33
55703	1.31
6908	1.27
3015	1.26
6206	1.24
9918	1.22
3320	1.20
6129	1.17
9584	1.17
54815	1.16
5982	1.13
1938	1.08
8554	1.02
3150	1.01
23649	0.98
1974	0.97
1915	0.96
26986	0.96
864	0.92
4869	0.91
972	0.88
7316	0.86
54623	0.83
23633	0.78
2115	0.76
4605	0.75
3615	0.73
23451	0.69
6224	0.68
3326	0.67
5700	0.65
6161	0.57
6231	0.57
5888	0.54
1750	0.54
55173	0.54
5725	0.53
7536	0.53
8277	0.51
4999	0.50
204	0.50
1387	0.48
54443	0.48
6194	0.46
55591	0.38
4736	0.38
5094	0.36
115098	0.33
3190	0.32
5036	0.32
50943	0.32
10209	0.30
6136	0.29
10376	0.25
3309	0.23
5452	0.22
3720	0.21
65980	0.18
6234	0.16
639	0.14
6232	0.14
905	0.12
11338	0.11
54799	0.08
51121	0.08
50484	0.05
7167	0.05
57492	0.04
3065	0.03
159	0.03
3670	0.03
5250	0.01
7546	-0.00
22807	-0.05
8284	-0.06
5682	-0.06
6591	-0.07
9519	-0.09
2305	-0.10
3301	-0.11
6176	-0.11
6647	-0.14
6428	-0.17
2597	-0.18
7543	-0.23
55355	-0.28
5093	-0.30
7403	-0.30
6122	-0.30
5080	-0.31
9563	-0.31
5685	-0.34
960	-0.35
6241	-0.38
23521	-0.40
10771	-0.40
51513	-0.43
5717	-0.51
2023	-0.51
8607	-0.52
10765	-0.57
7311	-0.58
738	-0.63
7756	-0.64
6175	-0.65
8538	-0.68
80853	-0.72
10576	-0.73
51154	-0.73
51099	-0.77
7005	-0.77
2197	-0.82
10127	-0.84
6427	-0.84
81570	-0.87
3757	-0.90
10061	-0.94
6284	-0.97
1655	-0.99
60	-0.99
7314	-1.01
8242	-1.13
5441	-1.15
4234	-1.16
3312	-1.16
1654	-1.18
3224	-1.18
1407	-1.19
5315	-1.19
9168	-1.30
5052	-1.31
4800	-1.34
51360	-1.38
23204	-1.42
23135	-1.47
10383	-1.54
1164	-1.55
79142	-1.63
1072	-1.66
5693	-1.86
