4176	10.37
4172	9.67
8208	8.86
23649	8.52
4171	7.22
5888	6.77
672	6.67
1017	6.31
4998	6.27
5111	5.67
51514	5.62
29781	5.32
3015	5.24
10376	4.17
51154	4.07
8243	3.71
4605	3.46
2023	3.35
5700	3.20
5036	3.05
2597	2.84
3181	2.65
204	2.46
7167	2.40
8607	2.27
10061	2.27
6241	2.21
6428	2.16
54623	2.13
9918	2.13
3615	2.09
60	1.99
51099	1.86
10383	1.84
7316	1.82
5885	1.81
3190	1.73
5757	1.59
5717	1.58
6908	1.57
7175	1.54
10721	1.45
5693	1.42
2305	1.40
5685	1.35
5250	1.31
3065	1.31
51602	1.29
5725	1.26
4234	1.26
1072	1.17
6427	1.16
5981	1.13
51513	1.11
5315	1.11
5052	1.08
7314	1.08
5682	0.95
51230	0.82
9168	0.82
9774	0.77
58508	0.75
5094	0.75
54443	0.74
65980	0.72
23028	0.68
51121	0.64
9563	0.63
6231	0.63
6122	0.63
7756	0.62
2115	0.60
6175	0.60
7311	0.59
3150	0.57
23204	0.56
6284	0.54
54815	0.53
54799	0.52
5610	0.47
1750	0.42
10153	0.41
7403	0.38
3720	0.38
4904	0.36
4800	0.34
11338	0.33
972	0.32
7543	0.32
81570	0.32
10127	0.31
115098	0.26
3757	0.23
6194	0.23
55173	0.22
5093	0.22
5927	0.21
10576	0.20
3301	0.20
6224	0.20
1654	0.18
51360	0.13
8277	0.11
3309	0.11
80853	0.10
3326	0.06
5080	0.02
58517	0.02
10463	0.01
5469	0.01
1387	0.01
10198	-0.01
3320	-0.03
159	-0.04
1164	-0.04
2197	-0.04
6161	-0.04
8538	-0.05
3224	-0.08
8242	-0.08
5431	-0.08
7536	-0.09
4869	-0.11
6136	-0.14
960	-0.16
1407	-0.18
3298	-0.19
55703	-0.19
50484	-0.20
1112	-0.22
55355	-0.25
79142	-0.26
639	-0.27
6647	-0.30
8284	-0.31
22807	-0.34
10209	-0.38
7005	-0.41
4999	-0.44
4736	-0.47
5441	-0.48
50943	-0.50
55591	-0.56
23451	-0.57
3670	-0.57
23521	-0.58
6591	-0.58
51742	-0.59
8554	-0.60
57492	-0.63
25836	-0.69
738	-0.72
9519	-0.72
6176	-0.76
6206	-0.80
864	-0.80
6651	-0.81
905	-0.83
1655	-0.85
3312	-0.86
9611	-0.86
6232	-0.89
6129	-0.94
23633	-0.95
5452	-1.07
7546	-1.09
6234	-1.09
1938	-1.23
9584	-1.26
26009	-1.34
23135	-1.37
10771	-1.41
1915	-1.42
26986	-1.75
10765	-1.85
1974	-2.27
