1072	12.98
10376	7.88
2597	5.76
2023	5.24
3190	5.14
5093	4.99
5315	4.83
9168	4.57
7316	4.16
5725	4.12
5757	3.96
3181	3.93
10383	3.75
7536	3.37
6428	3.35
3312	3.19
7756	3.18
3326	3.13
4904	3.04
11338	3.03
6427	2.81
54815	2.80
10061	2.38
3065	2.36
5717	2.31
26986	2.27
5036	2.15
3150	2.12
6231	2.12
1655	2.11
5094	2.03
5982	1.99
115098	1.97
9774	1.97
1017	1.96
23633	1.95
1938	1.92
5441	1.91
5885	1.83
3320	1.80
7167	1.77
6651	1.76
10209	1.74
9611	1.73
3309	1.72
972	1.68
5052	1.59
23204	1.56
5250	1.54
3015	1.52
8243	1.48
6241	1.45
7311	1.44
8554	1.42
4800	1.39
8607	1.36
54443	1.33
5700	1.30
4605	1.28
5685	1.21
1654	1.18
4172	1.18
51230	1.17
9918	1.15
65980	1.10
1112	1.05
23451	0.97
7314	0.96
58517	0.94
5682	0.93
3301	0.82
55173	0.75
7175	0.75
4176	0.73
1387	0.73
29781	0.70
6122	0.70
23649	0.70
1915	0.69
5610	0.65
5452	0.63
8208	0.58
51121	0.56
54623	0.53
4171	0.51
51154	0.50
7543	0.50
50943	0.49
55591	0.49
10576	0.49
81570	0.46
25836	0.45
6234	0.44
7005	0.43
10765	0.42
2197	0.41
2305	0.41
960	0.40
57492	0.39
58508	0.37
6591	0.34
5431	0.32
6908	0.31
79142	0.22
51099	0.21
23135	0.18
7403	0.18
3720	0.18
55355	0.17
55703	0.15
9563	0.14
4736	0.13
639	0.12
3615	0.12
23521	0.11
5111	0.10
738	0.08
4234	0.08
864	0.06
23028	0.04
3757	0.04
159	0.04
6136	0.03
5888	0.02
6175	-0.00
51360	-0.00
51514	-0.05
8277	-0.05
9584	-0.08
6161	-0.10
8284	-0.11
905	-0.13
22807	-0.15
204	-0.16
4869	-0.19
9519	-0.20
6194	-0.23
5469	-0.26
51513	-0.26
6176	-0.30
10463	-0.32
6129	-0.32
2115	-0.39
8242	-0.40
6232	-0.44
7546	-0.45
6647	-0.47
10771	-0.47
5080	-0.49
5693	-0.49
6224	-0.50
51742	-0.50
51602	-0.53
80853	-0.59
5927	-0.61
3224	-0.65
1750	-0.69
8538	-0.70
672	-0.73
4998	-0.74
10721	-0.75
1407	-0.81
1164	-0.93
1974	-0.95
3670	-0.97
5981	-0.99
50484	-1.04
10127	-1.05
4999	-1.15
26009	-1.19
10198	-1.19
6206	-1.31
6284	-1.50
10153	-1.90
54799	-2.24
3298	-2.28
