23521	20.56
6194	19.03
4736	18.62
6175	16.84
1915	16.40
1938	15.45
6136	15.00
6129	14.60
6224	13.25
6206	12.79
3615	10.91
6176	10.70
6234	10.67
6161	10.65
6232	10.48
7311	9.52
26986	8.58
2197	7.87
738	7.28
5250	6.20
4869	4.61
5757	4.40
5094	4.24
2597	4.15
6231	4.05
10209	3.89
3326	3.80
4904	3.69
1974	3.24
2023	3.06
10576	2.93
9168	2.84
3065	2.54
4176	2.49
51602	2.48
3150	2.48
7316	2.41
5036	2.39
6428	2.34
3312	2.32
960	1.93
7314	1.78
5693	1.77
9584	1.70
3309	1.70
9918	1.70
23028	1.69
26009	1.44
51230	1.37
51154	1.37
6284	1.35
3015	1.34
10127	1.32
4172	1.32
3190	1.29
54799	1.27
6647	1.25
8607	1.24
204	1.20
1655	1.19
23451	1.18
4800	1.18
5725	1.14
9563	1.11
29781	1.09
7175	1.08
57492	0.80
9774	0.79
4998	0.78
5927	0.77
10153	0.73
10376	0.72
7756	0.71
60	0.70
5052	0.69
1112	0.67
6591	0.66
23204	0.64
5982	0.63
8538	0.56
4605	0.55
10463	0.55
972	0.51
25836	0.51
115098	0.51
10061	0.50
51121	0.48
80853	0.48
6427	0.43
5888	0.41
8554	0.40
5682	0.39
7536	0.38
51742	0.37
10771	0.36
1164	0.35
55355	0.35
5441	0.34
159	0.31
8277	0.29
58517	0.27
65980	0.27
3320	0.22
5469	0.22
5093	0.22
864	0.20
10765	0.17
3298	0.17
79142	0.16
11338	0.15
8242	0.12
51514	0.11
3670	0.10
3757	0.07
4234	0.06
7167	0.06
5431	0.05
4171	0.02
639	-0.00
5885	-0.01
8243	-0.04
5685	-0.06
10383	-0.08
7546	-0.10
905	-0.13
3181	-0.13
22807	-0.14
1654	-0.14
5315	-0.16
23135	-0.23
3301	-0.23
3720	-0.24
6651	-0.26
1072	-0.27
54443	-0.27
50943	-0.29
1750	-0.30
5981	-0.30
5080	-0.32
58508	-0.33
9519	-0.35
2305	-0.46
54815	-0.47
5452	-0.53
51513	-0.53
5111	-0.54
10198	-0.54
6241	-0.56
54623	-0.57
7543	-0.62
6908	-0.62
10721	-0.65
5700	-0.72
8208	-0.73
55591	-0.75
1017	-0.76
7403	-0.77
2115	-0.79
8284	-0.79
23633	-0.80
4999	-0.86
3224	-0.87
81570	-0.89
9611	-0.92
50484	-0.93
55703	-0.93
55173	-1.03
1387	-1.14
51099	-1.39
7005	-1.46
51360	-1.54
672	-1.57
1407	-1.68
23649	-1.72
5717	-2.39
5610	-2.53
