6224	17.89
6194	16.53
6122	14.60
4736	14.59
6206	13.94
23521	13.23
6175	13.08
1915	13.01
6136	12.68
6232	11.96
6161	10.24
26986	9.73
1938	9.42
6176	8.87
7311	8.80
6234	7.19
2197	6.97
3615	6.72
4869	5.68
4904	4.49
5250	4.45
6231	4.40
5757	4.34
738	4.28
3326	4.08
10576	3.94
9168	3.85
5094	3.74
10209	3.56
3150	3.56
51121	3.31
1974	3.28
5036	3.07
3312	3.07
51602	2.98
10153	2.82
5885	2.75
7314	2.73
6647	2.70
3320	2.63
5052	2.61
6428	2.52
5685	2.39
2597	2.30
3015	2.23
3190	2.03
51230	2.01
7316	2.01
5682	1.75
960	1.69
7167	1.67
3301	1.62
9519	1.61
9584	1.44
1164	1.42
26009	1.35
6284	1.35
23451	1.33
5700	1.30
23028	1.22
9774	1.18
5981	1.17
1655	1.14
7756	1.13
3065	1.11
7175	1.05
58517	1.04
51154	1.04
2023	1.02
54799	1.00
10127	1.00
7536	0.94
1750	0.93
5431	0.92
6651	0.91
5693	0.85
10463	0.80
204	0.79
5927	0.72
159	0.63
5441	0.59
25836	0.58
4176	0.55
50484	0.52
8277	0.51
3309	0.48
1112	0.48
58508	0.48
8538	0.48
65980	0.47
23204	0.46
29781	0.45
3181	0.43
5111	0.40
3670	0.40
80853	0.39
3298	0.38
51742	0.37
5469	0.37
115098	0.34
55173	0.32
7546	0.32
57492	0.31
5888	0.28
6427	0.24
9918	0.23
54443	0.22
4605	0.22
8607	0.21
10061	0.20
6591	0.18
4800	0.17
639	0.13
79142	0.06
3757	0.03
5452	-0.05
10771	-0.05
2305	-0.08
55591	-0.08
9563	-0.11
4234	-0.12
905	-0.13
1654	-0.13
864	-0.20
3224	-0.23
6241	-0.23
11338	-0.25
4998	-0.26
1387	-0.26
10376	-0.26
9611	-0.27
10765	-0.28
972	-0.30
7543	-0.31
60	-0.32
5093	-0.33
51514	-0.34
5080	-0.39
55703	-0.45
55355	-0.51
4172	-0.51
22807	-0.54
23633	-0.59
50943	-0.60
4171	-0.60
7403	-0.62
5315	-0.67
23135	-0.67
8554	-0.68
8284	-0.73
10721	-0.80
5725	-0.81
8242	-0.86
54815	-0.89
8243	-0.89
10198	-0.92
5982	-0.94
8208	-0.98
51099	-0.99
672	-1.07
10383	-1.11
1072	-1.12
2115	-1.13
3720	-1.13
4999	-1.24
51513	-1.28
81570	-1.32
7005	-1.35
1407	-1.39
1017	-1.47
6908	-1.65
5610	-2.01
54623	-2.03
5717	-2.22
51360	-2.48
23649	-2.61
