4736	20.32
6194	19.37
23521	17.36
6232	16.67
6206	15.72
6175	15.64
6224	15.58
6122	15.00
6161	14.56
6176	14.21
6129	12.68
7311	12.56
6234	12.40
1915	11.88
1938	11.16
2197	10.99
3615	10.44
26986	9.85
6231	8.03
5094	5.14
4904	5.01
738	4.81
10209	4.62
9168	4.56
4869	4.56
5250	4.23
5757	4.11
2597	3.94
1974	3.47
3150	2.72
3326	2.59
5036	2.51
51602	2.04
51121	1.97
1164	1.92
10576	1.90
6647	1.74
6284	1.73
5093	1.71
3190	1.62
960	1.58
26009	1.58
3065	1.38
10153	1.34
7536	1.30
5685	1.26
7314	1.25
3015	1.22
204	1.21
2023	1.20
5693	1.18
3312	1.16
23028	1.16
51154	1.13
5441	1.09
5052	1.05
7167	0.95
23451	0.95
9563	0.90
7756	0.83
6428	0.82
5725	0.80
9918	0.77
7316	0.73
9584	0.67
54799	0.64
4998	0.60
8538	0.60
4605	0.59
7175	0.59
6591	0.57
6427	0.56
4176	0.53
2305	0.53
5682	0.50
972	0.49
55173	0.45
1112	0.40
9774	0.39
10376	0.38
10061	0.38
1387	0.36
51230	0.34
5981	0.29
55591	0.29
10765	0.25
55355	0.21
4234	0.20
9519	0.17
10127	0.16
1017	0.16
4999	0.13
864	0.10
5885	0.08
57492	0.07
8607	0.07
80853	0.06
51513	0.04
7546	0.03
60	0.03
65980	0.01
50943	0.00
54815	0.00
8554	-0.02
3309	-0.03
54443	-0.03
6651	-0.03
51514	-0.03
3320	-0.06
5469	-0.08
58508	-0.08
1750	-0.08
1072	-0.09
639	-0.10
58517	-0.14
10721	-0.14
5982	-0.14
159	-0.15
5080	-0.16
10383	-0.18
5610	-0.20
3720	-0.23
6908	-0.23
79142	-0.23
3670	-0.23
3298	-0.25
5111	-0.27
51742	-0.31
22807	-0.34
3301	-0.36
4171	-0.39
3757	-0.40
11338	-0.42
1655	-0.42
5927	-0.42
23204	-0.44
8277	-0.44
905	-0.44
10463	-0.47
6241	-0.50
8208	-0.51
3224	-0.52
5315	-0.53
23633	-0.53
23649	-0.54
7005	-0.54
5452	-0.55
4800	-0.55
5700	-0.56
10198	-0.56
25836	-0.56
9611	-0.59
1654	-0.61
5888	-0.62
115098	-0.65
23135	-0.74
5431	-0.81
50484	-0.88
4172	-0.88
10771	-0.93
29781	-1.00
2115	-1.04
672	-1.07
8284	-1.09
54623	-1.11
7403	-1.16
8243	-1.31
1407	-1.32
55703	-1.32
8242	-1.33
81570	-1.45
3181	-1.56
5717	-1.79
51099	-1.87
7543	-1.88
51360	-2.14
