6136	14.56
4736	13.60
6194	13.46
6232	12.78
6206	12.38
6224	11.80
7311	11.49
6175	11.16
1915	11.04
23521	10.99
6234	10.93
6122	10.65
6176	10.39
2197	10.33
6129	10.24
3615	7.62
1938	7.59
6231	7.22
1974	5.25
26986	5.23
4869	4.50
10209	3.93
5250	3.71
738	3.47
9168	3.02
5094	2.94
5036	2.77
51121	2.74
10576	2.53
5757	2.45
7536	2.40
4904	2.37
10127	2.17
10153	2.05
3326	2.02
6284	1.99
51602	1.98
5693	1.87
2597	1.86
6428	1.71
7314	1.63
51154	1.58
6647	1.58
3312	1.54
3190	1.53
5441	1.51
204	1.43
6651	1.32
3150	1.22
7167	1.18
7756	1.17
10061	1.13
9584	1.06
6427	1.03
54799	0.96
9774	0.94
8554	0.92
8607	0.91
10376	0.88
26009	0.84
4234	0.78
960	0.76
1164	0.74
4176	0.72
4800	0.72
2023	0.66
5981	0.57
5093	0.56
7316	0.53
65980	0.53
3301	0.52
23451	0.51
5725	0.50
23028	0.49
11338	0.49
1407	0.48
54815	0.44
6908	0.43
58517	0.42
9519	0.38
8277	0.37
3065	0.31
3015	0.25
3298	0.25
1387	0.23
23135	0.20
1072	0.19
5052	0.18
10765	0.13
5469	0.12
5431	0.11
3670	0.10
5080	0.10
79142	0.07
50943	0.07
1654	0.06
51230	0.05
55703	0.04
1655	0.02
3757	0.01
5927	0.01
55591	-0.03
3309	-0.04
8242	-0.04
5982	-0.04
6591	-0.05
639	-0.05
1112	-0.10
60	-0.10
5452	-0.12
4605	-0.15
4998	-0.18
7546	-0.18
5682	-0.18
4172	-0.20
51099	-0.21
4171	-0.22
2305	-0.23
54623	-0.24
905	-0.24
57492	-0.25
51513	-0.26
972	-0.30
58508	-0.32
115098	-0.32
8208	-0.34
22807	-0.37
9918	-0.37
23633	-0.38
864	-0.41
7403	-0.42
1750	-0.44
9563	-0.44
3224	-0.46
1017	-0.48
5315	-0.49
5888	-0.52
29781	-0.54
10383	-0.54
3320	-0.54
5685	-0.55
7175	-0.56
80853	-0.57
51514	-0.60
10721	-0.63
159	-0.64
25836	-0.69
8284	-0.69
7543	-0.70
55173	-0.73
51742	-0.73
4999	-0.73
8538	-0.75
23204	-0.86
54443	-0.88
5885	-0.92
2115	-0.92
55355	-0.96
3720	-0.97
7005	-0.98
50484	-1.00
672	-1.00
10198	-1.01
10771	-1.05
81570	-1.15
5111	-1.20
9611	-1.23
6241	-1.27
23649	-1.29
3181	-1.45
10463	-1.51
5610	-1.53
5700	-1.56
8243	-1.60
51360	-1.63
5717	-1.64
