23521	19.19
4736	17.14
6122	16.84
6176	16.42
6136	15.64
6194	15.58
6224	13.75
6206	13.63
6129	13.08
1915	12.89
6232	12.82
1938	12.46
3615	11.62
6234	11.32
6161	11.16
7311	10.59
2197	9.38
26986	7.87
5250	7.63
6231	6.31
5094	6.18
738	6.16
2597	5.90
4904	4.54
9168	4.00
10576	3.96
5693	3.81
4869	3.66
10209	3.60
7316	3.33
5036	2.98
5757	2.92
3326	2.85
2023	2.78
3312	2.78
3015	2.73
7167	2.43
4176	2.32
5052	2.29
7314	2.18
3150	2.16
1164	2.08
6284	2.01
1974	1.99
51154	1.94
9918	1.84
10376	1.81
5441	1.70
51121	1.61
54799	1.57
26009	1.54
3065	1.52
5725	1.44
7756	1.43
9563	1.41
960	1.36
55591	1.29
51602	1.26
5682	1.15
10198	1.12
10061	1.10
5685	1.04
4172	1.03
5315	0.98
2305	0.84
6428	0.82
5093	0.80
4605	0.79
204	0.74
4234	0.66
3190	0.66
23028	0.64
1017	0.64
5982	0.60
6427	0.57
1750	0.57
10153	0.54
6647	0.51
4998	0.48
1112	0.46
29781	0.44
10127	0.43
51230	0.42
5431	0.37
9584	0.36
10765	0.34
51514	0.33
23633	0.33
58508	0.28
55703	0.28
4171	0.27
23451	0.26
972	0.26
57492	0.23
6591	0.23
11338	0.22
22807	0.21
115098	0.20
55173	0.19
3298	0.19
7546	0.18
7175	0.17
5111	0.17
23204	0.16
864	0.12
1072	0.11
8554	0.07
5927	0.05
55355	0.03
3309	0.03
3720	-0.00
60	-0.00
50943	-0.00
7536	-0.00
8607	-0.04
3757	-0.04
4800	-0.06
51099	-0.10
8277	-0.11
5469	-0.11
5888	-0.12
6241	-0.14
8538	-0.15
639	-0.17
3320	-0.20
9519	-0.20
3224	-0.22
80853	-0.24
5080	-0.26
8284	-0.30
10463	-0.31
50484	-0.31
1655	-0.33
1387	-0.34
3670	-0.38
8242	-0.39
1407	-0.39
7005	-0.39
54443	-0.40
25836	-0.46
8208	-0.47
905	-0.48
51513	-0.50
10383	-0.51
9774	-0.51
5885	-0.52
3301	-0.56
7403	-0.64
5981	-0.65
4999	-0.71
79142	-0.74
81570	-0.77
54815	-0.83
159	-0.91
10771	-0.92
23135	-0.93
10721	-0.94
5452	-0.95
51742	-1.04
51360	-1.05
6908	-1.10
65980	-1.10
1654	-1.12
672	-1.20
5700	-1.23
2115	-1.29
6651	-1.31
7543	-1.32
23649	-1.33
9611	-1.34
5717	-1.37
8243	-1.51
58517	-1.52
3181	-1.63
5610	-1.87
54623	-2.74
