6175	16.42
6206	14.61
6234	14.55
6232	14.42
6136	14.21
4736	14.09
6224	13.45
23521	13.39
2197	12.69
6194	12.45
7311	11.52
6122	10.70
6161	10.39
1915	9.38
1938	8.91
6129	8.87
6231	7.45
26986	7.26
3615	6.39
5094	5.42
10209	5.10
5250	4.41
738	4.35
5441	3.66
4904	3.62
2597	3.47
9168	2.88
6647	2.66
1974	2.52
5093	2.43
5757	2.42
3326	2.39
3015	2.36
5685	2.06
960	2.05
4869	1.96
5693	1.91
6284	1.82
5036	1.72
7314	1.71
10153	1.65
8554	1.58
7536	1.48
10576	1.43
7167	1.41
9584	1.38
5315	1.35
51602	1.29
3150	1.14
1112	1.09
1750	1.05
6651	0.98
6428	0.97
7756	0.91
26009	0.90
5927	0.89
864	0.89
1164	0.88
1387	0.84
3065	0.84
4605	0.80
51230	0.80
1654	0.79
7316	0.77
2023	0.75
3190	0.75
55591	0.73
5725	0.72
1072	0.70
3312	0.68
9918	0.65
972	0.65
54799	0.64
5052	0.63
10061	0.62
3320	0.61
57492	0.51
4176	0.51
6427	0.49
51121	0.46
8538	0.46
115098	0.43
10376	0.42
6591	0.40
2305	0.38
6908	0.31
7546	0.31
54815	0.30
639	0.28
3298	0.27
4999	0.26
5452	0.25
25836	0.25
3224	0.23
9774	0.22
55355	0.21
7175	0.21
5885	0.21
1655	0.20
5111	0.19
58508	0.18
51154	0.17
9563	0.09
5610	0.06
10765	0.05
51742	0.01
22807	-0.01
204	-0.01
55173	-0.05
80853	-0.07
5469	-0.09
3720	-0.10
5981	-0.11
5431	-0.14
4171	-0.14
50484	-0.16
29781	-0.17
4998	-0.18
8208	-0.20
3181	-0.20
6241	-0.20
1017	-0.20
8242	-0.20
58517	-0.23
7543	-0.24
3301	-0.25
5717	-0.25
23451	-0.26
9519	-0.28
51514	-0.29
60	-0.30
3757	-0.31
3309	-0.32
5888	-0.32
159	-0.34
10721	-0.35
11338	-0.36
50943	-0.37
23135	-0.38
7005	-0.41
10463	-0.42
4234	-0.43
1407	-0.45
5682	-0.46
4172	-0.47
3670	-0.48
23028	-0.50
51513	-0.50
8243	-0.50
23633	-0.59
8284	-0.60
10771	-0.60
9611	-0.62
8277	-0.64
10198	-0.67
23204	-0.70
23649	-0.71
5982	-0.76
54443	-0.78
4800	-0.86
79142	-0.87
10127	-0.91
54623	-0.92
7403	-0.94
5080	-0.96
2115	-1.14
905	-1.17
55703	-1.19
10383	-1.19
672	-1.20
51360	-1.22
8607	-1.27
5700	-1.36
65980	-1.38
51099	-1.38
81570	-1.44
