4736	20.89
6136	19.37
6122	19.03
6224	18.20
23521	18.11
6129	16.53
6206	16.17
6175	15.58
6232	14.60
1915	14.21
6161	13.46
6176	12.45
6234	10.69
1938	10.62
7311	10.61
2197	9.52
3615	9.26
26986	8.61
6231	5.86
5250	5.07
5757	5.03
4904	4.96
4869	4.88
738	4.78
9168	4.34
10209	4.24
5094	3.97
3326	3.61
1974	3.38
5036	3.38
10576	3.12
51602	3.04
3150	2.91
6428	2.71
2597	2.67
3312	2.40
3190	2.22
10153	2.19
1164	2.08
7314	1.99
51121	1.96
204	1.95
3065	1.89
3301	1.89
960	1.80
4176	1.79
6647	1.69
9584	1.69
3015	1.68
51154	1.62
7175	1.62
23028	1.57
6284	1.49
2023	1.49
7756	1.29
6427	1.25
8607	1.25
26009	1.23
23451	1.11
7536	1.08
7316	1.07
51230	1.07
1655	1.05
5693	0.99
9918	0.97
54799	0.91
5685	0.90
5441	0.89
4800	0.84
4172	0.83
3320	0.78
10061	0.77
5885	0.74
5111	0.70
5927	0.64
58517	0.63
5052	0.61
3309	0.61
51742	0.59
57492	0.55
6651	0.52
9774	0.52
5725	0.51
864	0.50
9519	0.49
159	0.49
5093	0.48
4999	0.48
5981	0.46
10127	0.44
10765	0.43
972	0.34
10771	0.33
10463	0.32
55173	0.32
25836	0.30
58508	0.28
5431	0.26
79142	0.26
4998	0.25
1750	0.24
50943	0.23
5982	0.23
65980	0.22
7167	0.22
1112	0.22
80853	0.22
54443	0.21
8538	0.21
639	0.20
9563	0.18
55355	0.18
5682	0.17
4605	0.12
8277	0.12
11338	0.11
3670	0.09
3298	0.03
2305	0.02
51514	0.01
23204	0.01
5080	0.01
3181	0.00
6591	-0.00
4234	-0.03
9611	-0.04
10376	-0.07
1654	-0.08
1387	-0.09
6908	-0.10
5888	-0.11
54815	-0.13
54623	-0.13
5469	-0.14
60	-0.23
5452	-0.24
55591	-0.26
8243	-0.27
29781	-0.28
8554	-0.29
22807	-0.29
8242	-0.30
5315	-0.33
3720	-0.34
5700	-0.36
51099	-0.38
4171	-0.38
1017	-0.42
10383	-0.43
7546	-0.44
6241	-0.45
3757	-0.46
23135	-0.51
1072	-0.59
7543	-0.60
115098	-0.65
672	-0.66
51513	-0.67
3224	-0.67
905	-0.75
8208	-0.82
10721	-0.84
55703	-0.85
8284	-0.86
5610	-1.01
7403	-1.03
23649	-1.04
10198	-1.06
7005	-1.13
50484	-1.27
23633	-1.38
2115	-1.42
1407	-1.59
81570	-1.65
5717	-1.91
51360	-2.46
