6224	17.35
6232	16.49
4736	16.43
6194	16.17
6136	15.72
6176	14.61
6129	13.94
6175	13.63
1915	13.60
7311	13.60
23521	13.58
6122	12.79
6161	12.38
6234	11.26
2197	10.45
1938	8.51
26986	7.26
3615	6.47
6231	6.09
10209	4.80
4904	4.62
738	4.38
5250	4.38
1974	3.91
4869	3.79
5094	3.65
9168	3.52
9519	3.41
5757	3.16
6647	3.14
3326	3.03
7314	2.92
3015	2.79
10576	2.76
51121	2.55
5036	2.32
57492	2.26
3150	1.90
6284	1.90
10153	1.89
6428	1.89
3298	1.73
2597	1.68
960	1.52
5093	1.45
9774	1.37
5927	1.34
3312	1.34
5441	1.31
159	1.30
5052	1.29
3065	1.26
51230	1.26
5981	1.24
26009	1.18
54799	1.12
7167	1.11
3190	1.03
1654	1.03
23028	1.02
51602	1.02
1164	1.02
51154	0.89
9584	0.89
6908	0.84
80853	0.82
7536	0.81
7316	0.80
9918	0.79
5693	0.76
5111	0.71
10061	0.69
6651	0.65
1387	0.60
55173	0.52
3670	0.47
10376	0.47
4176	0.46
54815	0.41
2023	0.36
1750	0.34
5685	0.32
29781	0.31
3301	0.31
5725	0.30
4998	0.29
1112	0.29
10765	0.27
6427	0.23
79142	0.23
4172	0.23
51513	0.22
2305	0.22
5682	0.22
51742	0.20
10127	0.18
7546	0.18
10771	0.17
204	0.16
3320	0.14
4234	0.12
58517	0.09
4605	0.08
972	0.07
7175	0.04
4800	0.04
58508	0.02
4999	0.02
25836	-0.00
5431	-0.03
5885	-0.04
7756	-0.05
10463	-0.06
3757	-0.08
11338	-0.11
6591	-0.11
65980	-0.12
7005	-0.13
1655	-0.13
8538	-0.14
3720	-0.16
639	-0.17
9563	-0.17
51514	-0.20
54443	-0.21
864	-0.21
6241	-0.23
22807	-0.25
8277	-0.26
8607	-0.27
55703	-0.31
5452	-0.31
5700	-0.32
3181	-0.32
115098	-0.33
5469	-0.34
55591	-0.35
5315	-0.36
5888	-0.40
23451	-0.40
3309	-0.44
8242	-0.44
55355	-0.48
23135	-0.50
2115	-0.52
1072	-0.52
3224	-0.52
50943	-0.60
4171	-0.61
5080	-0.67
10721	-0.73
23633	-0.73
54623	-0.77
8284	-0.77
905	-0.78
5982	-0.80
1017	-0.83
7403	-0.84
23204	-0.91
51099	-1.03
23649	-1.04
672	-1.09
9611	-1.13
8554	-1.19
5610	-1.19
8208	-1.21
1407	-1.24
7543	-1.28
60	-1.31
8243	-1.32
10198	-1.51
50484	-1.56
81570	-1.56
10383	-1.91
5717	-2.34
51360	-2.53
