6194	18.20
6129	17.89
6232	17.57
6206	17.35
6136	15.58
4736	15.17
23521	14.63
6175	13.75
6176	13.45
6122	13.25
7311	11.92
6161	11.80
6234	11.27
2197	10.47
1915	9.70
26986	8.75
1938	8.71
6231	7.16
3615	6.10
9168	5.79
738	4.61
4904	4.41
5094	4.35
4869	4.14
5250	3.80
10209	3.73
5757	3.63
3150	3.49
6647	3.32
3326	3.06
3015	2.84
7314	2.73
51121	2.62
5036	2.34
2597	2.31
1974	2.29
10576	2.25
1164	2.03
5441	2.03
3312	1.86
960	1.78
10153	1.77
6284	1.77
57492	1.59
6428	1.58
9584	1.56
5885	1.52
6651	1.49
5052	1.42
5685	1.41
7316	1.41
51602	1.40
5111	1.28
5927	1.22
3065	1.19
4176	1.15
51154	1.14
65980	1.09
54799	1.09
7536	0.95
4800	0.90
23028	0.89
9918	0.89
1112	0.83
3320	0.80
972	0.77
7175	0.72
25836	0.70
51230	0.69
5093	0.69
1387	0.68
5981	0.68
204	0.68
58508	0.65
4605	0.63
7756	0.62
2305	0.62
1655	0.56
23451	0.55
29781	0.55
3301	0.53
9563	0.52
3190	0.48
3298	0.46
10127	0.43
5682	0.42
639	0.42
51742	0.41
6427	0.41
4172	0.37
2023	0.35
50484	0.30
8277	0.30
80853	0.28
9519	0.23
26009	0.22
8538	0.21
5982	0.20
7546	0.18
54815	0.18
4998	0.17
7167	0.17
6591	0.16
4234	0.15
54443	0.13
1750	0.13
23204	0.11
5469	0.10
864	0.03
5693	-0.02
5725	-0.03
6908	-0.05
10765	-0.07
8208	-0.07
5431	-0.07
1654	-0.08
10061	-0.11
51513	-0.12
11338	-0.13
55355	-0.13
8554	-0.14
79142	-0.18
5888	-0.18
10721	-0.20
5080	-0.22
1072	-0.23
4171	-0.23
10771	-0.24
5452	-0.25
6241	-0.25
58517	-0.26
5700	-0.28
51514	-0.30
7403	-0.30
159	-0.34
50943	-0.34
55173	-0.35
5315	-0.38
23649	-0.38
8607	-0.39
3670	-0.40
23135	-0.40
10463	-0.41
9774	-0.44
3181	-0.46
3224	-0.46
7005	-0.48
115098	-0.50
60	-0.50
9611	-0.51
22807	-0.54
8242	-0.55
3757	-0.59
905	-0.63
10376	-0.64
3309	-0.66
55591	-0.66
54623	-0.71
1017	-0.74
51099	-0.81
3720	-0.82
4999	-0.83
10198	-0.84
2115	-0.89
23633	-0.94
8243	-0.95
672	-0.96
8284	-0.98
7543	-1.19
10383	-1.26
1407	-1.41
5610	-1.43
81570	-1.54
5717	-1.62
55703	-2.06
51360	-3.11
