2197	9.47
6234	8.65
7311	8.43
6232	8.18
6136	8.03
6176	7.45
6161	7.22
6224	7.16
4736	6.98
23521	6.79
6175	6.31
6206	6.09
6194	5.86
5036	5.43
5441	5.18
6129	4.40
6122	4.05
5757	3.83
2597	3.78
51121	3.73
1072	3.59
4869	3.45
5250	3.41
4904	3.40
1915	3.38
9168	3.15
10376	3.08
3615	3.01
5094	2.84
10576	2.81
6647	2.80
3312	2.80
26986	2.78
1938	2.76
5685	2.38
115098	2.34
7756	2.29
7167	2.18
6651	2.13
3015	2.13
60	2.12
5052	2.10
7314	2.05
4234	1.97
9774	1.96
5725	1.94
6908	1.85
3326	1.85
5682	1.82
10061	1.73
5093	1.66
204	1.66
7536	1.62
6428	1.57
23451	1.53
10209	1.52
3150	1.50
1164	1.46
8554	1.46
6427	1.40
5693	1.40
1654	1.36
2305	1.28
6284	1.22
55703	1.19
51154	1.17
5700	1.15
5717	1.14
1017	1.07
4998	0.98
58517	0.98
8607	0.96
3224	0.93
10153	0.91
5315	0.91
3320	0.90
738	0.89
55591	0.80
3065	0.80
1974	0.76
5431	0.75
51602	0.73
3301	0.70
11338	0.68
4605	0.65
5982	0.63
960	0.63
2115	0.62
54815	0.58
9918	0.58
5981	0.57
3190	0.56
6241	0.52
6591	0.49
1387	0.49
2023	0.47
51099	0.41
7316	0.35
23633	0.25
79142	0.21
5469	0.21
26009	0.19
10383	0.16
50943	0.15
5610	0.14
9584	0.11
8538	0.10
58508	0.10
7546	0.09
23028	0.08
10198	0.08
23204	0.05
54623	0.03
4800	0.02
972	0.01
3298	-0.01
639	-0.02
1112	-0.03
55173	-0.08
8208	-0.09
25836	-0.10
7005	-0.14
9519	-0.17
50484	-0.20
54443	-0.22
51514	-0.27
7403	-0.28
9611	-0.29
23649	-0.30
22807	-0.31
65980	-0.33
7175	-0.33
4176	-0.33
57492	-0.33
864	-0.34
5927	-0.34
3670	-0.34
3757	-0.36
51513	-0.37
55355	-0.42
4999	-0.44
5111	-0.45
10771	-0.56
5888	-0.57
8243	-0.58
8277	-0.58
4172	-0.62
10127	-0.66
3309	-0.66
1407	-0.68
10463	-0.68
1750	-0.70
3720	-0.70
10765	-0.71
7543	-0.72
3181	-0.72
5080	-0.74
8242	-0.76
23135	-0.76
5452	-0.82
54799	-0.83
1655	-0.85
159	-0.85
80853	-0.86
8284	-0.88
905	-0.89
51742	-0.93
5885	-0.97
51360	-1.02
51230	-1.02
4171	-1.02
10721	-1.26
81570	-1.30
672	-1.35
9563	-1.75
29781	-1.82
