6224	17.57
4736	16.70
6136	16.67
6206	16.49
23521	14.68
6194	14.60
6176	14.42
6175	12.82
6161	12.78
6234	12.71
7311	12.67
2197	12.00
6129	11.96
6122	10.48
1915	9.59
6231	8.18
1938	7.47
26986	5.51
3615	5.28
10209	4.64
9168	4.62
738	4.38
5094	3.94
6284	3.36
4904	3.07
5757	3.04
51121	2.88
4869	2.82
1974	2.66
10153	2.55
5250	2.50
6651	2.27
2597	2.16
5093	2.07
6647	2.00
7175	1.85
51742	1.82
3015	1.74
1387	1.70
10576	1.56
3150	1.48
3065	1.37
5441	1.37
23451	1.35
3312	1.32
1164	1.31
7536	1.26
7316	1.25
5685	1.22
7314	1.21
1112	1.20
3326	1.18
26009	1.17
54799	1.16
10765	1.14
9584	1.10
80853	0.94
51602	0.91
9563	0.90
6428	0.85
51230	0.82
8554	0.82
25836	0.80
10061	0.79
2305	0.76
960	0.74
3301	0.73
7756	0.72
58508	0.70
23028	0.66
4605	0.65
5036	0.63
4800	0.61
972	0.58
5927	0.57
159	0.56
10127	0.56
1654	0.55
6427	0.52
3320	0.46
7546	0.43
5469	0.41
5052	0.40
51514	0.39
8538	0.36
5725	0.36
57492	0.33
79142	0.32
1655	0.31
6591	0.29
639	0.26
3298	0.25
5431	0.25
65980	0.25
8277	0.25
7167	0.24
9918	0.22
5693	0.21
51154	0.21
7005	0.19
4234	0.17
55591	0.16
1750	0.14
5981	0.14
9519	0.13
6908	0.12
864	0.12
5111	0.05
3190	0.04
1017	0.01
10771	-0.00
23135	-0.01
55355	-0.07
4998	-0.07
5885	-0.08
51513	-0.09
7403	-0.11
4176	-0.12
3720	-0.14
54443	-0.18
11338	-0.21
22807	-0.22
204	-0.23
3670	-0.26
4999	-0.26
23633	-0.29
9611	-0.34
3224	-0.38
8242	-0.38
50943	-0.40
5452	-0.41
4172	-0.41
55173	-0.41
4171	-0.44
60	-0.44
9774	-0.45
1407	-0.46
6241	-0.47
29781	-0.48
54623	-0.48
3757	-0.50
10376	-0.58
5700	-0.60
23649	-0.61
50484	-0.67
905	-0.70
2023	-0.71
54815	-0.73
58517	-0.75
1072	-0.77
5888	-0.78
8284	-0.80
5610	-0.81
10198	-0.82
2115	-0.84
8607	-0.86
5982	-0.89
7543	-0.89
3309	-0.89
23204	-0.91
8208	-0.94
5682	-0.98
10463	-1.02
5080	-1.05
5315	-1.16
10721	-1.25
672	-1.28
55703	-1.34
8243	-1.53
115098	-1.56
51099	-1.59
3181	-1.73
81570	-1.89
5717	-2.32
51360	-2.72
10383	-2.86
