6176	14.55
7311	13.88
6232	12.71
23521	12.50
6136	12.40
2197	12.30
4736	11.37
6175	11.32
6224	11.27
6206	11.26
6161	10.93
6194	10.69
6122	10.67
6231	8.65
1938	8.22
1915	7.21
6129	7.19
3615	5.73
5441	5.63
26986	5.37
738	4.79
9168	4.26
5250	4.03
10209	4.02
5757	3.33
4869	3.22
5094	3.18
115098	2.88
2597	2.64
4904	2.18
1974	2.02
5725	1.78
3150	1.60
7536	1.50
1164	1.46
6591	1.44
6284	1.37
9584	1.34
4800	1.24
51121	1.19
960	1.18
5693	1.12
26009	1.00
3326	0.97
23451	0.97
3015	0.93
57492	0.93
54815	0.88
6651	0.88
864	0.82
3298	0.81
5093	0.79
6647	0.79
3065	0.78
7756	0.78
1072	0.75
7314	0.75
4234	0.74
11338	0.68
80853	0.63
23135	0.60
8554	0.60
3312	0.58
8538	0.56
5052	0.45
60	0.44
9563	0.44
5682	0.43
54799	0.43
1112	0.38
58508	0.32
7546	0.32
5469	0.30
10376	0.29
8277	0.29
2023	0.29
1387	0.27
7167	0.26
9918	0.25
972	0.23
1750	0.18
6427	0.16
10061	0.16
5981	0.16
51602	0.12
51154	0.12
51230	0.12
6428	0.11
4605	0.10
10153	0.05
51514	0.04
51513	0.04
50943	-0.00
639	-0.01
905	-0.04
5036	-0.13
1654	-0.15
5452	-0.19
9519	-0.20
3224	-0.20
58517	-0.21
5927	-0.22
55591	-0.22
6908	-0.22
23204	-0.23
23028	-0.28
5080	-0.30
7403	-0.31
159	-0.31
7316	-0.31
4176	-0.33
55703	-0.37
3757	-0.37
2305	-0.38
22807	-0.39
65980	-0.40
4998	-0.41
204	-0.46
5888	-0.50
25836	-0.51
51360	-0.51
10765	-0.52
1017	-0.53
3670	-0.54
3720	-0.54
9774	-0.55
51742	-0.55
7175	-0.55
5885	-0.57
54443	-0.57
55355	-0.60
3309	-0.61
8284	-0.63
50484	-0.63
10127	-0.65
3190	-0.65
10198	-0.69
9611	-0.72
10721	-0.72
2115	-0.78
8242	-0.81
1407	-0.81
4999	-0.82
79142	-0.83
23633	-0.88
4172	-0.90
10463	-0.90
3301	-0.92
10576	-0.95
29781	-0.96
5431	-0.97
6241	-1.04
7543	-1.08
5982	-1.09
10383	-1.14
8607	-1.15
7005	-1.16
8208	-1.19
55173	-1.20
5610	-1.22
3320	-1.23
51099	-1.27
4171	-1.28
5685	-1.32
5111	-1.35
81570	-1.36
1655	-1.39
672	-1.39
5315	-1.51
10771	-1.53
8243	-1.64
54623	-1.65
23649	-1.78
3181	-2.10
5717	-2.68
5700	-2.93
