51514	12.12
55355	12.10
4605	11.80
2305	9.93
5888	9.62
54443	8.53
4998	8.32
10721	7.33
5111	6.10
4171	5.98
8208	5.50
4176	4.78
672	4.72
1017	3.84
10376	3.46
23649	3.39
4172	3.34
9918	3.10
10383	2.53
3015	2.52
2597	2.34
5982	2.21
8243	2.00
1164	1.93
5682	1.84
3181	1.68
29781	1.66
60	1.45
1072	1.34
2023	1.33
5610	1.22
5093	1.20
51099	1.19
5052	1.19
5315	1.17
54623	1.16
3312	1.15
3065	1.14
4234	1.12
5757	1.04
5725	0.97
6427	0.97
5717	0.93
10198	0.89
3309	0.88
4869	0.87
6647	0.85
1655	0.84
5700	0.81
26986	0.69
9168	0.69
5250	0.60
3150	0.59
7167	0.58
55703	0.54
8607	0.52
6231	0.52
50943	0.51
1654	0.50
5441	0.45
4800	0.44
10209	0.44
7756	0.42
2115	0.41
6428	0.40
3190	0.39
11338	0.39
51360	0.39
4904	0.33
51154	0.30
5685	0.29
639	0.26
204	0.26
960	0.25
10576	0.24
1938	0.23
51513	0.22
5094	0.22
10463	0.19
5036	0.17
23204	0.16
10061	0.15
22807	0.13
8538	0.13
3224	0.11
3615	0.10
65980	0.08
51121	0.04
9774	0.03
7543	0.01
7316	-0.00
3320	-0.07
7536	-0.07
4999	-0.07
5885	-0.11
8284	-0.11
8242	-0.13
3757	-0.13
1915	-0.14
6175	-0.14
10127	-0.17
23633	-0.19
6176	-0.20
1407	-0.21
10771	-0.21
8277	-0.22
6206	-0.23
6129	-0.23
6591	-0.23
23521	-0.23
5080	-0.25
6224	-0.25
81570	-0.27
9563	-0.29
7403	-0.29
5693	-0.33
23028	-0.36
1974	-0.36
23451	-0.37
5981	-0.38
1750	-0.38
9584	-0.40
3301	-0.40
55173	-0.42
4736	-0.43
6194	-0.45
7546	-0.46
905	-0.46
1387	-0.46
159	-0.47
6232	-0.47
6136	-0.50
54815	-0.50
5452	-0.51
3670	-0.51
7005	-0.55
6122	-0.56
3326	-0.56
23135	-0.57
80853	-0.57
51602	-0.58
3298	-0.58
58508	-0.60
6284	-0.67
79142	-0.71
864	-0.74
57492	-0.77
115098	-0.78
58517	-0.78
9519	-0.79
5431	-0.80
54799	-0.82
10153	-0.83
738	-0.84
6651	-0.85
5469	-0.86
7311	-0.88
55591	-0.92
26009	-0.93
5927	-0.93
7314	-0.95
1112	-0.97
6234	-1.04
50484	-1.05
7175	-1.09
2197	-1.20
8554	-1.21
10765	-1.22
6161	-1.27
972	-1.33
3720	-1.33
51742	-1.37
9611	-1.46
6908	-1.57
51230	-1.65
25836	-1.86
