9168	4.27
5693	4.11
6232	3.36
51121	2.80
5441	2.76
5052	2.38
7311	2.28
5315	2.15
2197	2.07
4736	2.03
6175	2.01
6161	1.99
2597	1.98
6206	1.90
6176	1.82
6224	1.77
6136	1.73
7167	1.70
23521	1.63
5250	1.62
6194	1.49
7314	1.47
5700	1.44
6647	1.43
6234	1.37
6129	1.35
6122	1.35
51154	1.33
6231	1.22
3015	1.16
7316	1.11
3224	1.09
5685	1.08
54443	0.99
4869	0.93
7175	0.88
4176	0.86
55173	0.83
55591	0.81
1164	0.77
58517	0.77
23451	0.75
51742	0.72
51099	0.71
1655	0.64
1915	0.62
6651	0.55
5982	0.54
9563	0.53
10061	0.53
3150	0.49
54623	0.48
79142	0.45
23204	0.45
10765	0.43
10376	0.43
2023	0.40
2115	0.34
10153	0.32
3065	0.32
1017	0.32
10383	0.32
10576	0.31
65980	0.29
4998	0.21
3615	0.18
4172	0.18
5888	0.16
5080	0.16
4234	0.14
6591	0.13
26009	0.12
1387	0.09
5094	0.08
8242	0.06
7005	0.06
55355	0.05
7756	0.05
7543	0.05
8208	0.04
10771	0.04
972	0.01
4171	-0.00
159	-0.01
10209	-0.02
4605	-0.03
7546	-0.04
50484	-0.10
4904	-0.14
3301	-0.14
5682	-0.17
1654	-0.18
5757	-0.18
51602	-0.19
80853	-0.19
9584	-0.20
29781	-0.20
58508	-0.22
1750	-0.25
23649	-0.25
11338	-0.26
51514	-0.29
905	-0.29
22807	-0.29
3190	-0.29
25836	-0.30
10463	-0.30
3181	-0.31
3670	-0.31
8607	-0.32
6428	-0.34
1974	-0.34
204	-0.36
3320	-0.39
5431	-0.39
5927	-0.40
54799	-0.41
738	-0.45
2305	-0.47
960	-0.49
5725	-0.49
3326	-0.50
9774	-0.51
23633	-0.53
51513	-0.53
639	-0.53
6427	-0.53
8538	-0.56
10127	-0.57
9918	-0.61
8277	-0.63
51360	-0.64
6241	-0.67
5111	-0.71
115098	-0.72
3309	-0.74
8284	-0.78
5093	-0.80
10721	-0.81
672	-0.81
3312	-0.81
1938	-0.84
5610	-0.87
10198	-0.89
9519	-0.89
51230	-0.94
50943	-0.94
5981	-0.97
1072	-0.99
8243	-1.00
9611	-1.00
4800	-1.00
3298	-1.02
5036	-1.02
26986	-1.03
4999	-1.05
7403	-1.07
5885	-1.11
3720	-1.11
5452	-1.13
1407	-1.16
23028	-1.20
23135	-1.21
55703	-1.24
57492	-1.28
864	-1.28
81570	-1.28
8554	-1.31
7536	-1.39
60	-1.50
5717	-1.61
54815	-1.85
6908	-1.91
5469	-1.94
1112	-1.99
3757	-2.13
