864	3.66
23135	2.43
5452	2.28
51513	2.09
3720	1.90
80853	1.83
50943	1.63
6591	1.56
8554	1.53
22807	1.49
8242	1.44
1387	1.43
3309	1.35
10765	1.23
5927	1.19
7005	1.15
7316	1.14
960	1.13
51742	1.07
5885	1.05
5093	1.04
5717	1.02
9611	1.02
51099	1.02
7756	1.01
9168	1.00
5725	0.98
25836	0.97
1112	0.95
5469	0.94
57492	0.93
8277	0.91
3065	0.90
7543	0.87
7403	0.86
2115	0.81
6651	0.80
4998	0.79
6908	0.76
23649	0.72
26986	0.71
905	0.70
972	0.66
5080	0.66
9584	0.61
10209	0.61
58508	0.60
23451	0.59
8538	0.56
5036	0.52
51514	0.47
1654	0.47
3670	0.45
6224	0.42
51230	0.41
4999	0.39
1017	0.39
23633	0.35
9774	0.33
7167	0.32
51602	0.31
65980	0.29
7175	0.29
23204	0.28
3150	0.28
6176	0.28
9519	0.26
6232	0.26
6241	0.26
7546	0.26
8243	0.23
4736	0.20
6194	0.20
5111	0.19
1750	0.18
4800	0.17
50484	0.16
58517	0.16
11338	0.14
5981	0.14
672	0.14
2197	0.14
6129	0.13
79142	0.13
60	0.12
1655	0.12
23521	0.11
54815	0.10
115098	0.08
6428	0.07
2305	0.07
3015	0.04
55591	0.02
5610	0.02
738	0.01
51121	0.01
5682	0.01
3301	0.01
4171	0.00
6122	-0.00
6234	-0.01
6231	-0.02
1938	-0.02
29781	-0.02
5685	-0.05
6161	-0.05
8208	-0.05
3190	-0.06
7311	-0.07
7536	-0.08
5315	-0.08
8284	-0.10
6136	-0.10
5888	-0.14
23028	-0.15
5094	-0.15
4176	-0.15
6206	-0.17
6175	-0.17
54623	-0.17
4605	-0.19
10061	-0.19
3312	-0.20
5757	-0.23
4234	-0.24
9918	-0.24
3224	-0.25
10153	-0.25
1974	-0.26
5052	-0.26
6427	-0.26
5982	-0.27
55173	-0.28
2597	-0.30
51360	-0.32
10721	-0.33
3181	-0.36
3320	-0.37
4172	-0.38
9563	-0.38
1072	-0.39
1164	-0.39
8607	-0.40
1915	-0.42
1407	-0.43
54443	-0.48
3326	-0.50
6284	-0.53
3615	-0.54
3757	-0.56
7314	-0.58
5700	-0.60
55355	-0.60
5250	-0.62
10383	-0.62
4904	-0.68
81570	-0.69
204	-0.69
4869	-0.69
5431	-0.70
10463	-0.74
2023	-0.79
5441	-0.79
5693	-0.82
55703	-0.82
3298	-0.86
10576	-0.89
51154	-0.90
10376	-0.92
10771	-0.98
10198	-0.99
54799	-1.01
10127	-1.08
26009	-1.23
159	-1.43
6647	-2.04
