6428	13.08
1655	10.32
7756	8.65
7536	7.60
58517	7.03
3190	6.81
3181	6.58
51602	6.22
5757	5.94
9774	5.79
11338	5.22
5725	5.03
3150	4.75
9584	4.74
5717	4.64
10383	4.29
10376	4.27
3015	4.11
10576	4.01
5250	3.78
5111	3.62
4176	3.52
23451	3.47
1017	3.38
3301	3.36
6651	3.33
1654	3.31
3312	3.27
3320	3.07
4904	3.04
4172	2.99
60	2.81
3326	2.80
1072	2.62
905	2.54
5093	2.53
23204	2.50
4234	2.44
1915	2.43
29781	2.42
5036	2.40
3065	2.38
1974	2.37
5431	2.31
1407	2.30
51154	2.30
65980	2.25
6908	2.24
2023	2.17
5685	2.12
5094	2.01
159	1.96
4800	1.93
1164	1.92
8208	1.91
10209	1.82
7543	1.81
204	1.78
2197	1.72
10153	1.71
23649	1.70
7167	1.70
26986	1.68
5682	1.67
8243	1.64
23028	1.61
10127	1.57
3309	1.55
6647	1.54
4171	1.53
7314	1.53
54815	1.50
54623	1.43
4736	1.41
6231	1.40
55591	1.31
2597	1.28
6194	1.25
5315	1.20
5982	1.16
10061	1.16
5052	1.13
5441	1.09
5885	1.06
6161	1.03
6241	0.97
79142	0.91
54799	0.89
4605	0.75
4999	0.74
4998	0.73
9168	0.71
51742	0.58
4869	0.58
7546	0.58
6175	0.57
6136	0.56
864	0.55
5469	0.54
6232	0.52
7403	0.52
7316	0.52
6176	0.49
6122	0.43
7311	0.41
738	0.41
6224	0.41
51514	0.40
8277	0.37
5700	0.35
5693	0.35
51121	0.34
9519	0.30
7175	0.28
960	0.27
3615	0.26
6129	0.24
6206	0.23
55703	0.21
672	0.21
50943	0.20
23633	0.18
8538	0.17
6234	0.16
10771	0.13
3720	0.12
51513	0.12
972	0.09
55355	0.05
3224	0.03
10198	0.02
8554	0.02
23521	0.01
8242	-0.03
1750	-0.04
5888	-0.08
5610	-0.22
5927	-0.23
57492	-0.24
23135	-0.24
639	-0.26
1387	-0.28
54443	-0.28
2305	-0.38
8607	-0.38
51099	-0.38
10463	-0.41
3670	-0.42
10721	-0.44
5080	-0.45
22807	-0.51
6284	-0.53
6591	-0.55
3757	-0.58
5452	-0.59
10765	-0.59
7005	-0.61
8284	-0.68
9611	-0.80
3298	-0.80
1938	-0.81
5981	-0.84
55173	-0.84
2115	-0.87
58508	-0.92
1112	-0.94
9918	-1.03
51360	-1.21
26009	-1.33
115098	-1.45
25836	-1.45
9563	-1.46
51230	-1.49
80853	-1.80
81570	-1.89
50484	-2.41
