6427	13.08
51602	8.02
1655	7.86
3181	7.76
9774	7.69
3190	7.65
5757	6.76
7756	6.68
9584	6.22
7536	5.19
3015	5.03
1915	4.92
58517	4.82
3301	4.72
3326	4.64
10576	4.55
3150	4.30
3320	4.17
5685	3.95
10376	3.84
3312	3.71
5682	3.64
159	3.52
5250	3.41
5111	3.38
60	3.35
1654	3.29
5717	3.20
10209	3.15
10383	3.13
4800	3.11
1974	3.11
10153	3.01
23204	3.01
7543	2.95
5725	2.92
4172	2.82
4176	2.81
6651	2.80
6194	2.71
11338	2.60
7316	2.55
1164	2.54
5700	2.54
6129	2.52
2023	2.52
3065	2.52
9519	2.48
4736	2.45
5885	2.43
1072	2.35
6122	2.34
905	2.31
29781	2.28
5982	2.16
23451	2.16
3309	2.15
51154	2.12
55173	2.07
5093	2.01
4234	1.93
1407	1.91
6908	1.91
6206	1.89
51742	1.87
4869	1.84
5036	1.82
7314	1.80
23028	1.76
54623	1.74
4904	1.72
6161	1.71
7167	1.71
204	1.68
2197	1.62
6224	1.58
6231	1.57
65980	1.56
6647	1.54
23521	1.52
8208	1.48
10463	1.44
55591	1.42
5094	1.36
8277	1.22
8243	1.22
5431	1.18
5469	1.18
1017	1.09
3720	1.02
79142	1.00
9168	1.00
6176	0.97
7311	0.96
8607	0.94
5052	0.91
55703	0.90
26986	0.89
5927	0.86
10061	0.86
6232	0.85
51121	0.83
6136	0.82
6175	0.82
10127	0.81
3615	0.78
54815	0.66
4999	0.65
7546	0.60
7403	0.53
54799	0.52
4171	0.49
51513	0.47
5888	0.42
5315	0.42
57492	0.40
6241	0.40
4605	0.36
10765	0.35
2597	0.31
25836	0.31
22807	0.30
2115	0.30
3298	0.29
672	0.27
1750	0.23
10771	0.21
23649	0.16
51514	0.14
6234	0.11
3670	0.08
639	0.07
738	0.07
7175	0.06
1387	0.06
972	0.05
5441	0.05
7005	0.04
23135	0.04
8554	0.04
51230	0.03
5610	0.01
960	0.01
50943	-0.02
864	-0.10
55355	-0.16
5981	-0.17
1938	-0.23
8538	-0.23
3757	-0.30
1112	-0.31
6591	-0.31
6284	-0.34
4998	-0.35
5452	-0.37
5693	-0.39
3224	-0.44
51099	-0.44
115098	-0.51
8242	-0.58
10198	-0.60
9918	-0.61
5080	-0.63
9611	-0.63
26009	-0.70
8284	-0.84
51360	-0.85
54443	-0.87
80853	-0.88
58508	-0.94
2305	-1.05
81570	-1.10
23633	-1.15
50484	-1.54
10721	-1.61
9563	-2.13
