7005	1.94
3670	1.81
26986	1.76
8554	1.64
639	1.56
6234	1.44
1750	1.39
3224	1.33
9519	1.27
4800	1.20
905	1.19
960	1.12
26009	0.96
3015	0.85
10209	0.78
3615	0.76
55173	0.73
1938	0.72
4904	0.70
7543	0.69
6122	0.66
51121	0.62
1017	0.60
7311	0.59
6136	0.57
1164	0.53
51514	0.49
6231	0.49
10198	0.48
1974	0.48
5250	0.45
55355	0.44
6908	0.42
8538	0.42
2197	0.40
6176	0.40
1387	0.39
3150	0.39
10765	0.34
60	0.34
6232	0.29
23135	0.28
7316	0.27
1915	0.25
9584	0.24
6175	0.23
5725	0.23
5111	0.23
2115	0.22
8607	0.22
55703	0.20
51099	0.19
4736	0.19
115098	0.18
6129	0.18
9168	0.17
3720	0.17
23521	0.17
7403	0.17
6224	0.16
6284	0.13
3190	0.10
51602	0.09
4869	0.08
10376	0.07
3298	0.07
5094	0.02
5441	0.01
4999	0.01
6194	-0.00
23451	-0.02
50484	-0.04
6161	-0.05
864	-0.05
5981	-0.07
5888	-0.08
80853	-0.09
23028	-0.11
6206	-0.11
65980	-0.12
5693	-0.13
54443	-0.14
4234	-0.14
57492	-0.15
5080	-0.16
3065	-0.16
7546	-0.17
51360	-0.19
79142	-0.19
8208	-0.20
2597	-0.21
5682	-0.21
6241	-0.23
4998	-0.24
5610	-0.24
1112	-0.24
25836	-0.27
7314	-0.29
50943	-0.29
9563	-0.30
5431	-0.30
204	-0.31
6428	-0.31
5036	-0.32
51154	-0.32
4605	-0.33
10721	-0.33
7756	-0.37
5885	-0.40
2305	-0.40
9774	-0.41
672	-0.44
9918	-0.44
7536	-0.47
54815	-0.47
10383	-0.47
58508	-0.48
23204	-0.49
29781	-0.52
8284	-0.52
2023	-0.54
5315	-0.54
3309	-0.54
6427	-0.55
7167	-0.57
5982	-0.58
1072	-0.58
11338	-0.60
1655	-0.63
1407	-0.65
5685	-0.66
23649	-0.66
159	-0.67
81570	-0.67
8277	-0.68
10061	-0.69
51230	-0.72
3326	-0.72
10127	-0.73
4172	-0.74
58517	-0.74
9611	-0.74
54623	-0.75
972	-0.77
5093	-0.77
5469	-0.78
5927	-0.83
3312	-0.85
3757	-0.85
23633	-0.86
6651	-0.87
51513	-0.88
10771	-0.89
51742	-0.89
5757	-0.90
10463	-0.90
5452	-0.92
8242	-0.93
4171	-0.93
1654	-0.94
5717	-0.98
4176	-1.00
3301	-1.01
10576	-1.02
5700	-1.05
3320	-1.05
10153	-1.09
6647	-1.09
738	-1.12
22807	-1.14
3181	-1.20
5052	-1.38
54799	-1.42
7175	-1.48
55591	-1.65
8243	-1.92
