58517	5.14
11338	3.83
4234	3.55
10127	3.34
9584	3.24
5757	3.06
51154	3.01
51602	2.80
51742	2.76
6651	2.76
7536	2.67
3181	2.67
54623	2.56
8607	2.49
25836	2.37
29781	2.29
5700	2.25
6427	2.25
1655	2.19
7175	2.18
4800	2.13
10771	2.05
5036	1.89
23028	1.89
9611	1.87
4176	1.82
51230	1.80
54815	1.76
159	1.74
10153	1.74
8243	1.64
6428	1.56
905	1.55
9774	1.52
3720	1.50
3326	1.43
10061	1.42
4172	1.35
6908	1.32
3150	1.27
55703	1.24
5717	1.22
23649	1.19
60	1.10
6224	1.09
115098	1.07
5927	1.07
4171	1.03
7756	1.03
3320	1.01
23451	1.00
23633	0.99
10198	0.95
1654	0.89
5725	0.85
4999	0.84
10383	0.81
9168	0.81
81570	0.75
3065	0.73
5982	0.72
204	0.72
5888	0.71
4904	0.70
5452	0.69
26986	0.69
3190	0.69
5469	0.68
79142	0.63
8242	0.62
50943	0.60
4869	0.56
8208	0.54
6161	0.53
26009	0.50
6129	0.47
51121	0.41
55173	0.41
3309	0.34
1974	0.33
3298	0.32
57492	0.31
6284	0.29
639	0.29
6122	0.27
8538	0.26
3312	0.26
738	0.25
6232	0.25
6194	0.22
8277	0.21
9918	0.20
5981	0.18
1387	0.15
54799	0.15
5682	0.14
1938	0.14
4605	0.13
960	0.13
9563	0.12
2305	0.11
10765	0.10
6241	0.08
3224	0.07
864	0.06
58508	0.01
8284	0.01
6136	0.01
7546	-0.02
10576	-0.04
5441	-0.09
6647	-0.10
1407	-0.11
80853	-0.11
6591	-0.12
55355	-0.12
6206	-0.12
3301	-0.19
5250	-0.20
54443	-0.22
10463	-0.24
7311	-0.24
22807	-0.24
23135	-0.24
5080	-0.25
1750	-0.27
672	-0.27
3670	-0.27
5431	-0.28
2023	-0.31
6231	-0.33
1072	-0.33
1017	-0.38
2115	-0.39
6234	-0.40
5685	-0.40
7316	-0.41
5111	-0.42
5315	-0.43
7314	-0.46
5094	-0.48
7167	-0.49
972	-0.52
4998	-0.55
51099	-0.56
10376	-0.61
3615	-0.65
55591	-0.69
7403	-0.70
10721	-0.74
5885	-0.76
3757	-0.76
4736	-0.76
2597	-0.81
7543	-0.84
1112	-0.86
5052	-0.92
23521	-0.98
2197	-1.02
51513	-1.03
23204	-1.06
6175	-1.10
5093	-1.11
1915	-1.12
7005	-1.14
51514	-1.17
10209	-1.21
1164	-1.27
8554	-1.37
5610	-1.37
6176	-1.38
9519	-1.40
5693	-1.41
3015	-1.91
51360	-2.01
50484	-3.11
