5052	8.15
7314	6.78
3320	6.31
3326	6.08
5700	5.47
5685	4.79
3301	4.14
3312	4.08
10576	4.05
5441	3.91
3181	3.70
5682	3.58
51121	3.58
3150	3.51
6651	3.46
2197	3.45
6224	3.32
5717	3.29
7311	3.17
5693	3.17
6206	3.14
10376	3.10
3015	3.01
8208	2.81
6231	2.80
1974	2.73
6129	2.70
23204	2.68
6176	2.66
5111	2.65
4904	2.60
1164	2.55
54623	2.40
5036	2.36
7316	2.28
5250	2.15
4736	2.07
10383	2.05
8243	2.05
6232	2.00
8607	1.89
9168	1.89
51602	1.86
5757	1.83
115098	1.76
6136	1.74
5315	1.72
3190	1.71
6194	1.69
2597	1.65
55173	1.65
6161	1.58
6428	1.54
6427	1.54
55591	1.49
1072	1.45
204	1.44
6284	1.43
1655	1.42
7167	1.40
10771	1.38
1915	1.37
10153	1.31
6122	1.25
1654	1.21
10209	1.21
5431	1.21
23521	1.19
4869	1.15
3298	1.12
3065	1.04
2023	1.03
10463	1.01
159	0.99
9584	0.96
58517	0.95
9774	0.94
9519	0.93
5885	0.89
6241	0.85
6234	0.79
54443	0.77
23633	0.74
10721	0.74
1407	0.64
10061	0.64
5093	0.63
50943	0.63
29781	0.62
23028	0.59
5610	0.59
7543	0.58
51154	0.56
54815	0.55
5094	0.55
6175	0.51
7175	0.47
55355	0.36
8538	0.34
960	0.26
3309	0.24
10198	0.20
972	0.18
1938	0.14
51360	0.14
4172	0.14
23451	0.12
3615	0.11
8242	0.11
51742	0.11
51513	0.09
4605	0.07
2305	0.01
4998	0.01
65980	-0.10
864	-0.13
7536	-0.14
3224	-0.14
5981	-0.14
7546	-0.16
9918	-0.19
51230	-0.22
672	-0.23
26986	-0.23
5982	-0.30
4171	-0.32
3757	-0.33
5927	-0.34
81570	-0.34
2115	-0.34
4176	-0.35
5080	-0.36
55703	-0.40
10127	-0.41
738	-0.43
51099	-0.46
5452	-0.46
60	-0.47
11338	-0.58
50484	-0.59
23649	-0.59
51514	-0.62
1750	-0.62
8277	-0.68
8284	-0.68
4999	-0.70
57492	-0.74
5725	-0.74
1387	-0.84
4234	-0.84
22807	-0.86
54799	-0.87
5888	-0.88
79142	-0.91
1017	-0.91
6908	-0.97
3670	-1.00
1112	-1.02
6591	-1.09
25836	-1.10
58508	-1.11
7005	-1.15
7756	-1.17
9611	-1.17
26009	-1.22
5469	-1.30
4800	-1.36
10765	-1.42
7403	-1.46
905	-1.49
8554	-1.81
639	-2.04
9563	-2.10
80853	-2.11
23135	-2.14
3720	-2.33
