9611	9.73
58517	7.66
58508	7.07
5927	6.44
9774	6.31
25836	6.11
1655	6.00
1654	5.90
1387	5.87
9584	5.82
23451	5.40
51742	5.38
7536	5.12
7175	5.07
5469	4.98
7756	4.85
23633	4.49
3320	4.01
3190	3.81
8243	3.64
3181	3.62
51602	3.52
6647	3.46
51230	3.35
6427	3.33
5093	3.32
8554	3.31
5717	3.29
10153	3.10
57492	3.10
7543	3.06
7316	2.85
6428	2.80
65980	2.76
3150	2.71
5094	2.70
905	2.68
54623	2.49
3326	2.42
4800	2.42
10765	2.41
3301	2.41
6232	2.27
5431	2.27
5757	2.23
5981	2.21
5725	2.19
3309	2.18
11338	2.18
6231	2.13
5885	2.13
26986	2.11
7403	2.07
5610	1.98
54815	1.97
8242	1.94
5700	1.92
1112	1.79
10209	1.77
60	1.76
2197	1.75
7311	1.72
3312	1.64
10383	1.49
6224	1.49
5685	1.48
23135	1.40
6161	1.32
5036	1.31
972	1.14
10576	1.07
8208	1.04
5452	1.03
7314	1.02
5441	1.02
6176	0.98
1072	0.92
6129	0.91
6234	0.88
639	0.80
8284	0.77
3015	0.77
10127	0.75
81570	0.75
23028	0.73
1407	0.72
3720	0.69
4736	0.67
6908	0.67
1974	0.66
6206	0.65
10376	0.59
9168	0.58
6284	0.55
672	0.54
6194	0.52
10061	0.51
51121	0.48
55703	0.47
4904	0.44
51154	0.40
4172	0.39
10771	0.38
54799	0.35
5111	0.35
5315	0.34
80853	0.33
79142	0.32
4999	0.32
4234	0.30
10198	0.29
22807	0.28
7546	0.27
3065	0.23
2597	0.22
3224	0.20
51099	0.17
2023	0.15
5250	0.15
9563	0.08
29781	0.07
55591	0.03
7005	0.01
1938	0.00
7167	-0.00
55173	-0.02
1750	-0.03
6136	-0.03
4869	-0.04
1915	-0.04
9918	-0.04
2115	-0.07
23649	-0.11
864	-0.11
5080	-0.17
23204	-0.19
3298	-0.22
204	-0.23
6122	-0.26
115098	-0.27
50943	-0.33
960	-0.34
8538	-0.39
159	-0.41
4171	-0.45
26009	-0.45
51360	-0.51
9519	-0.52
23521	-0.56
10721	-0.58
5052	-0.59
4176	-0.59
8277	-0.64
50484	-0.65
55355	-0.68
3670	-0.70
1017	-0.72
4998	-0.77
5982	-0.81
51513	-0.81
51514	-0.82
2305	-0.82
5693	-0.84
6241	-0.85
6591	-0.87
54443	-0.90
738	-0.92
3757	-0.94
3615	-0.95
1164	-0.95
10463	-1.03
4605	-1.05
5682	-1.14
6175	-1.31
8607	-1.43
5888	-1.90
