10721	9.22
51514	9.15
5888	8.15
4172	7.64
8208	7.23
4998	6.68
5982	6.67
4176	6.54
5111	6.44
4171	6.42
23649	5.89
8243	5.69
54443	5.48
4605	5.36
6241	4.72
1017	4.43
5981	4.20
9918	3.84
55355	3.48
5469	3.48
2305	3.44
10198	3.39
7175	3.38
3320	2.50
29781	2.31
5885	2.21
3015	2.18
10376	2.14
51602	2.08
8607	1.82
10153	1.81
3181	1.73
51230	1.64
10383	1.47
5036	1.47
51360	1.30
25836	1.28
54815	1.20
54623	1.20
51154	1.14
9611	1.07
5927	1.05
4999	0.97
11338	0.94
5717	0.92
5610	0.85
51099	0.82
9774	0.81
3301	0.81
1164	0.81
57492	0.77
58508	0.76
4234	0.73
5080	0.69
55703	0.62
10061	0.56
6651	0.54
3326	0.49
3309	0.48
4800	0.46
2115	0.46
3615	0.46
58517	0.45
1387	0.44
10209	0.43
7543	0.42
54799	0.39
7536	0.37
22807	0.35
10576	0.33
6908	0.31
8554	0.28
6428	0.27
5700	0.23
3190	0.23
6427	0.21
9584	0.20
23135	0.17
639	0.14
3312	0.13
7316	0.13
3670	0.11
50484	0.10
1654	0.10
9563	0.10
8277	0.09
7546	0.08
3224	0.07
204	0.06
23028	0.04
23204	0.03
115098	0.01
5757	0.01
5685	-0.01
51742	-0.01
7403	-0.02
159	-0.04
7167	-0.05
8284	-0.06
23633	-0.10
3150	-0.10
1750	-0.11
10463	-0.13
8538	-0.14
3065	-0.17
2597	-0.21
51513	-0.22
6647	-0.23
1112	-0.23
5094	-0.24
65980	-0.27
5452	-0.35
80853	-0.38
50943	-0.38
9519	-0.40
7314	-0.41
55173	-0.44
6591	-0.44
10771	-0.44
5725	-0.47
5093	-0.48
81570	-0.52
4869	-0.52
7756	-0.53
5315	-0.54
1655	-0.54
55591	-0.54
3757	-0.54
864	-0.61
4904	-0.63
3720	-0.65
2023	-0.65
6194	-0.66
972	-0.69
1407	-0.70
51121	-0.71
60	-0.73
7005	-0.77
26986	-0.77
6284	-0.81
5052	-0.88
7311	-0.88
5441	-0.92
79142	-0.92
960	-0.93
6224	-0.96
6161	-1.00
23451	-1.01
6136	-1.07
6129	-1.07
3298	-1.08
6206	-1.09
10127	-1.13
5682	-1.17
6176	-1.20
6175	-1.20
8242	-1.21
6232	-1.28
10765	-1.29
26009	-1.29
1938	-1.34
6231	-1.35
5431	-1.38
6234	-1.39
2197	-1.41
23521	-1.43
1974	-1.47
4736	-1.54
5693	-1.55
905	-1.56
6122	-1.57
1072	-1.71
738	-1.75
1915	-2.14
9168	-2.24
5250	-2.45
