3298	4.98
9519	4.69
7536	3.77
7756	3.49
905	3.38
4999	3.17
5469	3.17
5717	2.96
8554	2.76
57492	2.67
5036	2.36
23028	2.30
5725	2.29
6427	2.24
23649	2.12
55173	2.11
51154	1.94
6428	1.91
58517	1.90
10127	1.88
6231	1.85
54815	1.78
5094	1.78
1407	1.77
9774	1.64
204	1.59
5982	1.57
4800	1.55
7005	1.54
23633	1.53
5093	1.53
1017	1.52
3065	1.52
5452	1.45
10061	1.37
4904	1.37
65980	1.32
9584	1.27
5981	1.27
972	1.19
4172	1.16
8208	1.15
5757	1.14
79142	1.13
4176	1.09
7311	1.05
1750	1.02
54799	1.02
55355	1.01
3150	1.00
9918	0.96
1655	0.96
10209	0.95
864	0.90
10153	0.87
3720	0.87
8607	0.85
5885	0.85
6206	0.84
1387	0.84
51602	0.83
26986	0.82
7403	0.82
3670	0.78
5700	0.78
639	0.76
54623	0.76
23135	0.74
23451	0.73
51121	0.73
1072	0.69
2197	0.67
6651	0.67
5431	0.64
4736	0.56
51230	0.56
4998	0.52
5682	0.52
7546	0.47
6161	0.43
3326	0.43
1112	0.42
6591	0.42
23204	0.41
7175	0.40
50943	0.39
80853	0.39
1164	0.37
10765	0.35
5080	0.32
51099	0.31
6176	0.31
672	0.31
60	0.31
26009	0.31
55591	0.30
4234	0.28
5685	0.27
3190	0.24
3224	0.22
29781	0.17
3181	0.17
2115	0.17
11338	0.16
6232	0.12
8242	0.11
159	0.09
10576	0.09
5888	0.06
8243	0.05
3615	0.00
51514	-0.00
5111	-0.01
115098	-0.04
6224	-0.05
8277	-0.06
7543	-0.07
8538	-0.08
3757	-0.09
50484	-0.09
960	-0.09
6194	-0.10
9168	-0.12
3301	-0.12
58508	-0.12
10198	-0.18
8284	-0.20
10376	-0.20
4605	-0.22
6234	-0.22
6136	-0.23
9611	-0.25
2023	-0.33
1915	-0.33
3015	-0.39
2305	-0.39
5441	-0.40
51360	-0.40
1974	-0.41
5927	-0.43
5250	-0.43
4171	-0.46
51742	-0.47
5693	-0.49
54443	-0.52
51513	-0.54
1654	-0.58
6122	-0.62
3320	-0.65
3312	-0.68
23521	-0.69
5610	-0.73
2597	-0.79
55703	-0.79
22807	-0.80
7314	-0.85
6647	-0.97
10771	-0.97
4869	-1.01
5315	-1.02
10383	-1.05
6175	-1.10
7167	-1.14
81570	-1.14
25836	-1.18
10463	-1.19
738	-1.27
3309	-1.28
1938	-1.29
10721	-1.45
7316	-1.48
6241	-1.57
6129	-1.65
6284	-1.91
9563	-1.98
5052	-2.15
