1017	3.02
23135	2.53
54815	1.99
10765	1.95
6591	1.94
22807	1.93
1407	1.54
6908	1.54
4172	1.49
8242	1.39
3720	1.35
79142	1.24
3224	1.22
55173	1.21
639	1.15
5725	1.11
51513	0.99
1112	0.97
23633	0.95
25836	0.93
8208	0.88
2305	0.87
3298	0.87
5093	0.86
4736	0.84
5717	0.80
4800	0.74
10771	0.73
7536	0.67
3757	0.66
57492	0.62
54623	0.59
7403	0.59
9563	0.53
9584	0.49
3326	0.46
60	0.43
8554	0.41
5885	0.38
8284	0.35
1387	0.33
54443	0.27
11338	0.27
80853	0.27
5888	0.26
1750	0.25
10061	0.25
1072	0.23
5700	0.21
115098	0.20
51121	0.19
6232	0.19
5036	0.19
3065	0.18
3150	0.14
4999	0.13
51742	0.11
55355	0.10
54799	0.07
5080	0.07
6284	0.06
9918	0.04
6428	0.04
23451	0.04
1164	0.04
51099	0.03
55591	0.02
8538	0.02
5469	0.02
905	0.02
6651	0.01
55703	0.01
5693	0.00
4605	-0.02
7546	-0.04
5682	-0.05
7175	-0.08
5610	-0.09
7756	-0.11
23649	-0.11
58517	-0.11
5685	-0.13
6206	-0.13
6231	-0.14
3190	-0.18
10576	-0.21
4234	-0.23
5431	-0.26
50484	-0.27
5094	-0.29
5927	-0.29
5250	-0.30
1654	-0.32
10127	-0.34
23028	-0.34
9611	-0.35
3670	-0.35
26986	-0.36
5111	-0.37
4176	-0.38
7314	-0.38
6175	-0.39
51514	-0.40
3015	-0.40
6176	-0.41
5982	-0.41
7316	-0.42
3181	-0.43
51230	-0.47
5452	-0.47
50943	-0.47
3615	-0.47
6224	-0.48
10209	-0.48
5315	-0.49
7543	-0.49
2115	-0.52
6136	-0.54
26009	-0.55
6241	-0.55
4171	-0.58
4998	-0.58
51154	-0.61
6427	-0.61
29781	-0.61
1938	-0.63
51360	-0.64
159	-0.64
8243	-0.66
5441	-0.67
2197	-0.67
972	-0.67
9519	-0.69
1974	-0.70
672	-0.77
5981	-0.77
5052	-0.77
4869	-0.77
204	-0.78
7311	-0.79
10383	-0.79
1655	-0.81
738	-0.82
2597	-0.84
4904	-0.84
9168	-0.86
9774	-0.87
1915	-0.87
23521	-0.87
58508	-0.88
3301	-0.88
3309	-0.90
10463	-0.94
8607	-0.97
3320	-0.97
6161	-0.98
81570	-1.05
960	-1.06
10376	-1.07
3312	-1.10
51602	-1.12
5757	-1.13
6194	-1.13
65980	-1.14
6647	-1.15
7167	-1.15
6234	-1.16
864	-1.21
10721	-1.23
10153	-1.29
2023	-1.32
6129	-1.35
8277	-1.39
6122	-1.46
23204	-1.85
10198	-2.32
