2597	17.51
2023	14.12
5315	11.93
204	6.00
10376	5.14
10383	4.28
3015	3.83
5693	3.66
1072	3.57
7316	3.35
5052	3.33
3190	3.21
5250	2.97
9918	2.91
9168	2.83
5757	2.71
7314	2.65
5685	2.64
3326	2.64
5927	2.44
1017	2.43
6175	2.43
3615	2.41
5036	2.40
5982	2.40
3320	2.24
5682	2.18
6231	2.18
3312	2.11
10576	2.10
5441	2.07
7756	2.03
79142	2.02
1164	1.93
3065	1.93
4904	1.85
60	1.77
5700	1.76
3181	1.75
2197	1.73
6428	1.71
6284	1.70
6427	1.70
3301	1.69
6129	1.67
81570	1.57
6176	1.41
6647	1.40
8242	1.31
7311	1.30
5094	1.26
29781	1.25
4176	1.21
5093	1.20
3150	1.20
4171	1.20
1915	1.19
6161	1.18
5717	1.16
51121	1.15
10463	1.13
9774	1.13
10061	1.13
11338	1.12
6206	1.11
23204	1.07
51154	1.00
23028	0.97
10765	0.96
6136	0.95
10209	0.94
5111	0.88
115098	0.87
7546	0.80
4172	0.80
4998	0.80
1750	0.76
5885	0.72
8607	0.67
23633	0.63
51230	0.62
1938	0.61
3670	0.58
6241	0.58
8538	0.54
8208	0.48
4736	0.48
58508	0.47
8243	0.45
5725	0.42
2305	0.40
1974	0.40
1654	0.38
23521	0.36
23649	0.35
4869	0.33
639	0.32
3309	0.32
6234	0.26
5431	0.25
864	0.24
972	0.24
6232	0.24
6194	0.22
54623	0.22
4234	0.20
58517	0.19
9611	0.18
9563	0.18
6224	0.17
3757	0.16
5610	0.14
80853	0.12
5888	0.12
8277	0.07
6122	0.06
5981	0.05
50484	0.01
960	-0.00
6651	-0.00
55591	-0.02
672	-0.05
51602	-0.07
23451	-0.11
26986	-0.13
3720	-0.13
8284	-0.13
3224	-0.13
54443	-0.15
10153	-0.15
738	-0.16
10127	-0.16
4605	-0.17
7175	-0.17
23135	-0.24
55355	-0.30
5452	-0.31
51514	-0.31
51742	-0.36
905	-0.38
55703	-0.38
50943	-0.39
10721	-0.41
2115	-0.44
51513	-0.46
4999	-0.47
9519	-0.47
65980	-0.49
8554	-0.49
55173	-0.50
10198	-0.50
3298	-0.52
6591	-0.57
159	-0.57
51099	-0.58
7536	-0.58
7543	-0.59
1655	-0.61
5080	-0.64
9584	-0.69
25836	-0.70
54799	-0.76
22807	-0.80
26009	-0.82
1112	-0.87
51360	-0.93
5469	-1.09
7403	-1.10
6908	-1.14
7005	-1.15
1407	-1.30
54815	-1.49
4800	-1.50
57492	-1.53
1387	-1.54
10771	-1.70
