51742	10.29
25836	8.26
58517	7.08
9774	6.47
10153	6.17
23451	5.43
9611	5.24
5981	5.09
6651	5.07
5927	5.03
8243	4.73
51602	4.52
5885	4.14
3181	4.05
58508	4.00
5431	3.80
10765	3.54
672	3.38
10198	3.35
4172	3.15
51230	3.10
9584	3.07
3320	2.98
54623	2.73
10771	2.65
159	2.52
23028	2.33
1655	2.29
8554	2.25
3190	2.23
65980	2.18
5469	2.13
4176	2.00
9918	1.86
6232	1.85
11338	1.79
3615	1.78
3065	1.66
3326	1.65
6194	1.62
1387	1.59
26009	1.54
5982	1.54
7316	1.53
4800	1.48
5700	1.48
4869	1.48
5757	1.44
5036	1.42
8607	1.42
4999	1.38
905	1.34
3720	1.33
26986	1.28
5610	1.26
3150	1.25
1654	1.21
4904	1.12
50943	1.11
9563	1.11
5111	1.10
4736	1.10
23521	1.09
6122	1.08
80853	1.06
6129	1.05
1112	1.03
4171	0.99
7536	0.96
5685	0.95
54443	0.93
6284	0.88
10576	0.85
3301	0.83
54799	0.83
10463	0.82
7543	0.82
10721	0.80
51514	0.79
55591	0.79
29781	0.76
5094	0.76
1938	0.75
60	0.75
5093	0.74
57492	0.74
6224	0.72
23633	0.72
55703	0.71
8208	0.67
2023	0.66
54815	0.66
7756	0.63
1017	0.62
6136	0.59
5725	0.57
8284	0.54
10061	0.53
3015	0.52
2597	0.50
3309	0.48
6647	0.47
10383	0.46
7311	0.45
1750	0.41
22807	0.40
6908	0.40
7546	0.34
1072	0.33
3298	0.29
639	0.29
9168	0.29
8242	0.28
6427	0.28
5315	0.22
4998	0.22
6176	0.21
8538	0.20
2115	0.18
5080	0.18
7403	0.17
6175	0.17
115098	0.16
5717	0.13
972	0.12
51513	0.11
5250	0.08
6428	0.06
23649	0.05
6206	0.04
738	0.03
3312	-0.01
23135	-0.07
79142	-0.07
7005	-0.08
3670	-0.09
3224	-0.10
864	-0.10
7314	-0.16
7167	-0.17
8277	-0.19
10376	-0.19
51099	-0.22
204	-0.33
5452	-0.33
6231	-0.33
51154	-0.34
5441	-0.34
960	-0.36
4605	-0.36
1407	-0.37
23204	-0.38
1915	-0.46
2197	-0.51
6234	-0.55
6161	-0.56
3757	-0.57
51121	-0.64
1974	-0.75
5052	-0.78
55355	-0.78
50484	-0.80
4234	-0.80
10127	-0.82
55173	-0.86
5888	-0.94
6241	-1.09
10209	-1.12
5693	-1.24
81570	-1.24
2305	-1.26
5682	-1.43
9519	-1.44
6591	-1.48
1164	-1.51
51360	-1.62
