2197	13.94
6234	13.88
6206	13.60
6232	12.67
6136	12.56
23521	12.49
4736	12.01
6224	11.92
6176	11.52
6161	11.49
6194	10.61
6175	10.59
6122	9.52
6129	8.80
6231	8.43
1938	8.07
1915	7.44
26986	6.59
4904	5.89
5094	5.87
7314	5.77
3615	5.46
9168	5.16
10209	4.94
2597	4.77
738	4.77
5441	3.99
5250	3.83
5036	3.44
6647	3.17
115098	2.87
3326	2.74
5757	2.73
4869	2.71
5093	2.60
54815	2.50
6284	2.28
7316	2.28
9519	2.12
5693	2.04
10576	2.01
10061	2.00
51154	1.95
3015	1.91
3312	1.90
2023	1.77
51121	1.74
6651	1.72
5052	1.59
3065	1.55
3190	1.53
5725	1.47
1974	1.46
60	1.44
23633	1.41
1654	1.33
960	1.30
7167	1.30
51230	1.29
9584	1.26
7756	1.25
11338	1.12
4800	1.10
10376	1.08
6908	1.05
3150	1.05
5927	1.01
1387	1.01
10153	1.00
3301	0.99
23204	0.98
1072	0.98
23028	0.98
8554	0.97
6428	0.96
26009	0.92
54799	0.92
23451	0.88
5431	0.85
58508	0.78
79142	0.77
5685	0.75
9774	0.73
972	0.71
5682	0.65
1112	0.62
1164	0.62
6591	0.59
5982	0.59
7536	0.58
80853	0.57
4176	0.55
4998	0.53
51602	0.52
4605	0.48
7175	0.45
5452	0.41
6427	0.41
3720	0.40
1655	0.37
3320	0.27
9918	0.27
5315	0.20
29781	0.18
3757	0.16
3298	0.15
51099	0.15
10765	0.15
8538	0.14
54623	0.13
10127	0.12
5700	0.12
81570	0.07
3670	0.05
1750	0.05
4234	0.02
7546	0.01
864	0.00
5885	-0.03
25836	-0.06
639	-0.07
51742	-0.08
51514	-0.08
55173	-0.09
5469	-0.11
8277	-0.13
3224	-0.19
57492	-0.19
65980	-0.24
58517	-0.25
10383	-0.27
5080	-0.28
204	-0.30
50484	-0.43
10721	-0.43
2115	-0.43
4999	-0.44
2305	-0.45
8208	-0.47
159	-0.47
54443	-0.51
22807	-0.51
7543	-0.54
5981	-0.58
5717	-0.60
9611	-0.61
7403	-0.65
1407	-0.73
4172	-0.74
10198	-0.76
5111	-0.77
55591	-0.78
10771	-0.78
7005	-0.79
50943	-0.79
1017	-0.80
905	-0.80
23135	-0.81
55355	-0.84
51513	-0.85
8607	-0.85
6241	-0.88
672	-0.88
23649	-0.88
8242	-0.88
8284	-1.04
3309	-1.05
4171	-1.05
55703	-1.16
5888	-1.17
10463	-1.18
9563	-1.37
8243	-1.56
5610	-1.63
3181	-1.86
51360	-2.32
