6647	6.78
3301	6.54
3320	6.09
3326	5.78
7311	5.77
3312	5.61
23204	4.71
7316	4.21
5052	4.00
4904	3.88
10383	3.69
5441	3.64
10376	3.60
10576	3.53
1164	3.39
5700	3.30
5693	3.25
3190	3.23
9168	3.04
6206	2.92
5685	2.83
2197	2.81
6224	2.73
6129	2.73
7167	2.65
1655	2.52
54623	2.51
9519	2.50
3015	2.41
10209	2.38
79142	2.31
23633	2.31
23521	2.22
5036	2.19
6175	2.18
51121	2.06
6231	2.05
5094	2.00
6194	1.99
1072	1.98
5682	1.97
5093	1.96
1654	1.86
6428	1.80
9611	1.78
6122	1.78
6176	1.71
3181	1.66
6161	1.63
5111	1.60
2597	1.58
1974	1.54
6427	1.53
5757	1.52
11338	1.51
1915	1.50
7756	1.50
6284	1.47
4736	1.47
7543	1.45
5315	1.42
9584	1.42
5717	1.39
23451	1.36
4176	1.35
5927	1.34
1938	1.27
115098	1.26
6136	1.25
3309	1.23
6232	1.21
8242	1.16
972	1.13
5982	1.08
9774	1.05
738	1.05
6651	1.02
2023	0.99
60	0.96
29781	0.95
5250	0.93
51099	0.89
3065	0.87
10061	0.85
51742	0.84
3150	0.83
5885	0.81
1387	0.79
6234	0.75
23135	0.75
4172	0.72
5431	0.69
3615	0.62
204	0.62
81570	0.61
4800	0.59
2115	0.57
1407	0.54
8243	0.53
5725	0.50
7536	0.49
905	0.46
10198	0.45
23028	0.43
864	0.38
8607	0.36
4869	0.35
9918	0.32
7546	0.32
3298	0.29
3670	0.27
3757	0.24
4171	0.21
57492	0.20
7403	0.20
8538	0.08
54815	0.05
55173	0.03
51602	0.01
25836	0.00
4234	-0.02
10765	-0.03
51154	-0.07
58508	-0.14
58517	-0.15
7175	-0.16
5080	-0.20
5888	-0.23
54443	-0.23
5452	-0.24
1112	-0.25
55591	-0.26
1017	-0.28
6591	-0.29
54799	-0.29
80853	-0.31
51513	-0.32
10153	-0.34
55355	-0.35
51514	-0.36
7005	-0.38
50484	-0.40
672	-0.41
159	-0.42
960	-0.43
23649	-0.44
10721	-0.45
65980	-0.46
22807	-0.47
8284	-0.50
3720	-0.51
9563	-0.51
8208	-0.54
8554	-0.54
26986	-0.56
1750	-0.56
5469	-0.58
2305	-0.58
639	-0.58
8277	-0.58
10463	-0.61
10127	-0.61
50943	-0.66
10771	-0.67
5610	-0.69
6908	-0.85
4605	-0.89
6241	-0.95
3224	-0.95
5981	-1.01
26009	-1.04
4998	-1.08
4999	-1.12
51230	-1.19
55703	-1.54
51360	-1.63
