10209	6.58
2597	6.29
3312	6.18
3326	5.58
3320	4.88
3309	4.47
1655	4.45
10376	4.25
3301	4.21
7314	4.21
5700	4.19
60	4.16
2023	3.58
9168	3.49
7167	3.35
6175	3.33
10383	3.20
3190	3.06
1915	3.06
5315	2.86
6651	2.85
54623	2.74
23451	2.70
5685	2.70
51742	2.69
7756	2.66
1938	2.62
10576	2.61
1654	2.57
6428	2.55
5250	2.54
55591	2.53
8554	2.51
5094	2.50
1974	2.45
5052	2.43
6122	2.41
5927	2.33
9774	2.30
6647	2.28
7311	2.28
1072	2.24
51230	2.24
5717	2.23
10127	2.18
905	2.14
23204	2.14
7403	2.12
23521	2.05
6129	2.01
5682	1.96
9584	1.89
23633	1.85
8242	1.83
5982	1.82
3015	1.73
29781	1.66
51602	1.64
25836	1.63
4176	1.59
51099	1.58
5093	1.57
7175	1.53
2197	1.51
5885	1.50
10765	1.48
6224	1.41
4998	1.40
10061	1.37
5725	1.34
11338	1.29
23649	1.28
6232	1.25
5431	1.24
4904	1.24
5693	1.24
50484	1.22
5036	1.21
5757	1.15
639	1.14
4736	1.12
4171	1.11
6284	1.11
7543	1.07
6194	1.07
58508	1.02
972	1.00
3181	0.95
3065	0.90
7536	0.88
5981	0.86
51514	0.85
26986	0.84
1387	0.84
80853	0.83
81570	0.83
6206	0.80
1164	0.78
6176	0.77
4172	0.75
6136	0.73
58517	0.68
738	0.66
4800	0.64
1750	0.56
3615	0.56
55355	0.54
9918	0.54
6161	0.53
6427	0.52
5610	0.50
23135	0.45
3298	0.44
960	0.43
51513	0.41
55173	0.39
10153	0.39
57492	0.37
51154	0.36
6231	0.35
5111	0.34
9519	0.29
6591	0.27
8208	0.23
4605	0.20
672	0.13
4234	0.09
3720	0.08
1112	0.08
1407	0.07
54443	0.05
5888	0.03
204	0.03
1017	0.01
5469	0.00
8277	0.00
6241	-0.00
10771	-0.02
9611	-0.10
8538	-0.19
3670	-0.21
26009	-0.21
22807	-0.24
4869	-0.27
159	-0.28
2115	-0.28
6234	-0.31
7546	-0.32
79142	-0.34
23028	-0.35
864	-0.36
9563	-0.36
65980	-0.41
7005	-0.42
10463	-0.45
8607	-0.50
3757	-0.50
10198	-0.51
55703	-0.52
5080	-0.62
10721	-0.71
8243	-0.75
8284	-0.76
2305	-0.82
54799	-0.94
115098	-0.97
3150	-1.01
5441	-1.01
50943	-1.02
51121	-1.03
3224	-1.05
51360	-1.13
5452	-1.18
54815	-1.40
6908	-1.48
4999	-1.63
