1938	9.84
6122	7.28
4736	6.57
23521	6.48
6175	6.16
2197	6.00
1915	5.27
6136	4.81
6234	4.79
6194	4.78
7311	4.77
6224	4.61
3615	4.57
6206	4.38
6232	4.38
6176	4.35
6129	4.28
6161	3.47
5094	3.41
29781	3.39
26986	3.17
5250	3.07
81570	2.68
23028	2.25
57492	2.23
4176	2.12
7536	2.06
1112	1.87
54799	1.81
5725	1.80
4171	1.68
9563	1.60
1974	1.49
5885	1.45
26009	1.45
1072	1.34
10209	1.30
11338	1.29
9918	1.28
9774	1.23
5927	1.12
10127	1.10
8242	1.07
7314	1.05
23649	1.03
5093	1.03
10771	1.01
80853	1.00
4605	0.97
3065	0.89
2305	0.89
6231	0.89
2023	0.84
51154	0.82
2597	0.76
10576	0.73
55591	0.73
115098	0.70
25836	0.69
7316	0.66
960	0.66
10463	0.66
972	0.53
4904	0.53
5441	0.51
54815	0.47
4869	0.47
3757	0.47
51230	0.44
9584	0.44
6427	0.41
4999	0.39
3326	0.33
22807	0.33
79142	0.31
65980	0.25
10153	0.24
3670	0.23
9611	0.16
8538	0.16
8554	0.15
10765	0.11
3298	0.11
51742	0.08
60	0.08
4172	0.07
6428	0.07
10198	0.05
159	0.05
7175	0.03
864	0.02
10061	0.01
639	0.01
1387	0.01
5682	0.00
7543	-0.03
4998	-0.04
3190	-0.05
5452	-0.09
5431	-0.10
7167	-0.16
23204	-0.17
1654	-0.17
7403	-0.17
5036	-0.17
1750	-0.19
3720	-0.20
5757	-0.21
23451	-0.25
7546	-0.29
9168	-0.30
54623	-0.32
9519	-0.32
905	-0.37
54443	-0.40
6647	-0.43
55703	-0.45
6284	-0.45
5693	-0.46
10383	-0.47
23135	-0.51
3312	-0.52
5888	-0.53
51513	-0.53
7756	-0.54
8277	-0.55
5080	-0.55
10721	-0.56
4234	-0.58
8243	-0.60
5700	-0.60
55355	-0.61
5315	-0.62
23633	-0.63
5981	-0.63
4800	-0.64
8284	-0.64
1407	-0.66
51602	-0.68
5982	-0.72
1655	-0.76
2115	-0.78
5469	-0.82
7005	-0.82
3150	-0.83
6241	-0.84
8607	-0.87
6651	-0.92
3224	-0.95
51360	-1.04
51514	-1.09
6591	-1.12
3015	-1.13
50943	-1.13
55173	-1.19
50484	-1.19
58508	-1.21
8208	-1.23
6908	-1.27
10376	-1.35
58517	-1.38
5685	-1.47
3301	-1.52
1017	-1.58
5052	-1.59
204	-1.73
672	-1.75
3309	-1.75
5717	-1.77
5111	-1.83
51099	-1.90
3181	-1.91
51121	-2.18
1164	-2.23
3320	-2.33
5610	-2.40
