8242	11.44
7543	10.13
1654	7.17
25836	4.92
8243	4.86
1387	4.56
51742	4.29
905	4.26
3720	3.87
58508	3.85
54799	3.84
23451	3.71
9584	3.34
7756	3.31
57492	3.24
8554	3.07
80853	2.98
10765	2.65
5927	2.64
10127	2.22
5725	2.16
7316	2.12
6651	2.07
9774	2.03
23135	1.80
51360	1.80
51099	1.63
5469	1.51
7536	1.50
23633	1.49
3190	1.47
1112	1.47
4999	1.35
9611	1.32
26009	1.32
55591	1.32
5682	1.25
1655	1.24
4800	1.19
11338	1.15
3298	1.10
5717	1.04
9519	1.04
3309	0.92
55703	0.91
4171	0.90
5610	0.89
4176	0.88
1407	0.88
639	0.86
10209	0.85
6908	0.82
50484	0.81
58517	0.76
51513	0.69
5094	0.66
51514	0.62
5431	0.59
7005	0.59
1974	0.56
50943	0.54
8277	0.54
5093	0.53
6428	0.53
6427	0.52
960	0.48
5885	0.45
3181	0.40
22807	0.39
5982	0.38
23649	0.37
4234	0.33
3301	0.32
51602	0.29
3065	0.27
4998	0.26
7314	0.20
60	0.18
7175	0.17
6591	0.17
3757	0.16
864	0.14
972	0.10
4605	0.06
29781	0.03
1164	0.02
10721	0.02
26986	0.01
672	-0.02
54815	-0.04
4172	-0.05
51230	-0.09
5080	-0.09
8208	-0.10
6232	-0.11
9918	-0.14
738	-0.17
5700	-0.17
5888	-0.21
3670	-0.24
23521	-0.26
6231	-0.28
5111	-0.28
6241	-0.29
5981	-0.30
6224	-0.30
5685	-0.31
7546	-0.31
6234	-0.31
10153	-0.31
2197	-0.33
54443	-0.37
3312	-0.37
1938	-0.37
2305	-0.39
5693	-0.39
2115	-0.39
5052	-0.42
6161	-0.42
54623	-0.43
159	-0.44
3326	-0.45
9563	-0.47
10771	-0.48
10576	-0.50
1915	-0.50
81570	-0.55
10463	-0.57
4736	-0.58
3320	-0.59
2023	-0.60
10198	-0.61
10383	-0.61
6129	-0.62
55355	-0.63
6175	-0.64
3224	-0.64
7311	-0.65
65980	-0.70
1072	-0.74
6122	-0.77
23204	-0.78
2597	-0.83
6206	-0.84
5757	-0.85
5452	-0.88
79142	-0.88
6176	-0.94
4869	-0.94
3015	-0.95
10376	-0.96
8607	-0.96
9168	-1.01
1750	-1.02
51121	-1.02
6194	-1.03
3150	-1.04
5036	-1.06
6284	-1.07
7167	-1.10
23028	-1.13
1017	-1.13
6136	-1.16
5250	-1.17
51154	-1.20
204	-1.26
5315	-1.35
8538	-1.40
6647	-1.46
5441	-1.53
115098	-1.54
3615	-1.63
4904	-1.88
10061	-2.20
55173	-2.25
8284	-3.63
