6427	7.60
5094	6.83
5093	6.01
54815	5.87
11338	5.47
1387	5.40
10209	5.31
1655	5.28
7756	5.26
6428	5.19
6651	5.12
58517	5.03
3190	4.89
5725	4.40
9774	4.12
23135	4.09
3181	4.03
26986	3.98
9584	3.86
1072	3.84
6908	3.77
57492	3.43
54623	3.37
51602	3.37
60	3.37
4176	3.06
5469	3.04
5717	2.94
5036	2.70
65980	2.67
5757	2.64
4800	2.55
4234	2.40
6161	2.40
2197	2.31
3326	2.25
10061	2.22
8243	2.13
1654	2.13
51154	2.12
738	2.06
5885	2.05
905	1.98
10383	1.94
58508	1.93
23633	1.92
8242	1.91
3301	1.91
23451	1.86
3150	1.85
3309	1.84
4904	1.68
2305	1.67
3312	1.64
6231	1.62
23649	1.59
10576	1.55
23028	1.55
3320	1.52
6234	1.50
7403	1.50
6176	1.48
10376	1.48
1915	1.47
4736	1.45
5250	1.37
7543	1.34
50943	1.30
6136	1.30
1407	1.26
6232	1.26
9611	1.19
25836	1.19
8554	1.16
5452	1.10
6194	1.08
10153	1.05
972	1.04
51742	1.04
3065	1.04
1938	1.03
10127	0.97
7175	0.96
9563	0.95
6224	0.95
6129	0.94
960	0.93
7316	0.88
4999	0.85
3015	0.83
8208	0.83
6206	0.81
29781	0.79
3298	0.72
204	0.70
79142	0.68
7005	0.67
864	0.64
1750	0.63
5610	0.62
7311	0.58
1112	0.57
8538	0.55
5927	0.55
1974	0.53
5981	0.53
3224	0.51
7314	0.49
3615	0.46
9918	0.45
7546	0.45
5315	0.40
6122	0.38
4171	0.38
672	0.37
26009	0.36
4605	0.31
55591	0.25
4869	0.22
10765	0.20
81570	0.19
55703	0.17
54799	0.14
8607	0.14
5682	0.12
23204	0.11
2023	0.09
159	0.08
23521	0.07
10198	0.07
1017	0.05
3757	0.04
9519	0.01
6175	-0.00
2115	-0.00
3670	-0.02
4172	-0.07
6241	-0.07
639	-0.08
5982	-0.09
10771	-0.11
5441	-0.12
6647	-0.14
8277	-0.14
51360	-0.18
5431	-0.22
115098	-0.24
1164	-0.25
8284	-0.27
2597	-0.41
51230	-0.45
6591	-0.47
5080	-0.48
80853	-0.49
7167	-0.58
51099	-0.61
51513	-0.64
4998	-0.65
3720	-0.67
5888	-0.71
5111	-0.76
51121	-0.81
5700	-0.85
51514	-0.89
55173	-0.92
9168	-0.97
22807	-0.99
55355	-1.04
5685	-1.11
54443	-1.17
6284	-1.39
5693	-1.68
10721	-1.88
5052	-1.90
50484	-2.13
10463	-2.18
