7403	10.13
1654	9.81
8242	8.96
8243	6.76
9774	4.34
9584	4.03
905	3.90
51360	3.80
5927	3.71
1655	3.42
25836	3.40
1387	3.37
6651	3.06
6428	2.95
51742	2.75
5885	2.65
10771	2.25
7756	2.10
57492	1.99
8554	1.93
5610	1.90
23451	1.82
6427	1.81
3190	1.75
4800	1.74
54623	1.73
55591	1.70
26009	1.65
3301	1.56
5717	1.52
58517	1.46
7314	1.45
3181	1.42
58508	1.40
7536	1.34
9611	1.32
10127	1.29
23633	1.27
11338	1.21
5469	1.15
7316	1.07
4176	1.04
10721	1.00
1974	0.99
50484	0.98
5685	0.96
51602	0.94
1112	0.94
10765	0.93
5431	0.91
10153	0.88
639	0.87
7175	0.82
5093	0.75
5693	0.74
23204	0.69
6591	0.69
79142	0.68
54799	0.67
22807	0.67
51230	0.65
51099	0.65
5094	0.64
9563	0.63
6647	0.58
55703	0.57
80853	0.57
5700	0.54
3224	0.52
60	0.50
3720	0.48
8208	0.47
5250	0.46
4171	0.44
672	0.42
23135	0.41
10198	0.41
2305	0.39
81570	0.35
1407	0.34
8277	0.33
5982	0.32
10061	0.31
4234	0.29
4999	0.25
3309	0.23
159	0.23
5441	0.20
3298	0.16
10209	0.11
5080	0.11
29781	0.08
2023	0.05
6284	0.05
3320	0.05
960	0.04
5725	0.01
2197	0.01
6241	0.01
3065	-0.00
3757	-0.02
738	-0.03
3015	-0.06
6908	-0.07
9918	-0.07
55355	-0.08
54815	-0.08
9519	-0.09
10383	-0.12
51514	-0.17
5682	-0.18
864	-0.19
1915	-0.20
4172	-0.21
23649	-0.21
5981	-0.23
51154	-0.24
6176	-0.24
5315	-0.25
54443	-0.30
6129	-0.31
7546	-0.36
1750	-0.36
5111	-0.37
4605	-0.40
3150	-0.40
51513	-0.40
9168	-0.42
3326	-0.44
4869	-0.44
7005	-0.49
23521	-0.51
10376	-0.51
7311	-0.54
23028	-0.56
7167	-0.59
1072	-0.60
6194	-0.60
6122	-0.62
50943	-0.63
3312	-0.67
55173	-0.68
972	-0.69
5052	-0.70
6161	-0.70
3670	-0.71
6231	-0.72
1164	-0.78
4998	-0.83
5757	-0.83
65980	-0.84
204	-0.86
2597	-0.87
5452	-0.87
6232	-0.89
10463	-0.96
10576	-0.99
1938	-1.02
4904	-1.02
51121	-1.06
8538	-1.07
6234	-1.08
2115	-1.09
5888	-1.10
1017	-1.11
5036	-1.13
4736	-1.15
6224	-1.19
6206	-1.28
26986	-1.31
6175	-1.32
8607	-1.62
115098	-1.73
3615	-1.83
6136	-1.88
8284	-4.52
