5080	5.52
3224	2.12
1750	1.89
8538	1.32
54815	1.29
55355	1.23
25836	1.14
79142	1.14
5725	1.11
3720	1.09
3670	1.02
3150	1.02
3298	0.97
115098	0.88
26986	0.81
7167	0.80
5093	0.79
4904	0.75
10198	0.74
2115	0.73
1407	0.73
5315	0.72
5441	0.72
4999	0.71
6428	0.60
23204	0.59
5757	0.59
3320	0.58
5885	0.58
6427	0.58
10127	0.57
8277	0.57
51742	0.51
1164	0.49
6908	0.47
4800	0.47
2597	0.47
5094	0.45
50484	0.45
7536	0.45
6232	0.43
864	0.43
7756	0.43
905	0.40
10765	0.40
54799	0.38
5052	0.38
3190	0.37
1387	0.36
5682	0.36
51602	0.35
51230	0.35
1112	0.35
5469	0.35
7175	0.34
4869	0.33
6234	0.32
7314	0.32
6129	0.32
6176	0.31
2305	0.31
80853	0.30
1915	0.28
6651	0.27
639	0.26
8208	0.24
26009	0.22
960	0.20
9584	0.19
9918	0.18
8554	0.18
8607	0.18
23451	0.18
6224	0.18
6175	0.18
6206	0.18
5452	0.17
1938	0.15
58517	0.13
3326	0.12
2023	0.11
5036	0.10
9611	0.09
6231	0.09
672	0.08
1974	0.07
4736	0.04
4234	0.04
8284	0.04
6136	0.03
7311	0.01
5981	-0.00
9774	-0.01
1017	-0.01
65980	-0.02
10721	-0.03
23135	-0.03
159	-0.03
7005	-0.04
6284	-0.04
54443	-0.04
3312	-0.05
10209	-0.06
2197	-0.10
6122	-0.10
51514	-0.11
10463	-0.13
10061	-0.13
5250	-0.14
4998	-0.15
6647	-0.16
6591	-0.17
3181	-0.17
6161	-0.18
10576	-0.18
4605	-0.19
51121	-0.19
50943	-0.19
11338	-0.20
5717	-0.20
3065	-0.21
3615	-0.21
9519	-0.22
23521	-0.24
10383	-0.24
5685	-0.25
5610	-0.26
57492	-0.26
23633	-0.27
51099	-0.28
738	-0.29
3015	-0.30
7403	-0.31
7316	-0.32
55591	-0.33
7543	-0.36
55173	-0.38
5927	-0.39
10153	-0.40
4172	-0.40
1655	-0.42
6194	-0.44
60	-0.45
6241	-0.46
29781	-0.48
8242	-0.49
3757	-0.53
972	-0.54
5431	-0.54
4171	-0.56
51513	-0.58
1654	-0.59
1072	-0.59
55703	-0.60
10376	-0.60
3301	-0.63
8243	-0.64
58508	-0.65
23028	-0.68
4176	-0.73
5700	-0.75
3309	-0.76
22807	-0.82
10771	-0.87
204	-0.89
5888	-0.91
81570	-0.96
23649	-0.98
5693	-0.98
9168	-1.08
5982	-1.09
9563	-1.16
5111	-1.17
54623	-1.31
51154	-1.34
51360	-2.09
