6427	8.65
5717	8.13
3190	7.63
1655	7.31
6428	6.68
9774	6.16
23451	6.10
58517	6.02
8554	5.70
905	5.67
5725	5.32
7536	5.26
9584	5.13
6651	4.85
3181	4.42
5469	4.00
11338	3.88
51602	3.83
5682	3.75
3312	3.54
2597	3.51
6908	3.49
10576	3.35
23204	3.34
7403	3.31
60	3.18
5094	3.08
4800	3.04
5685	2.91
3326	2.78
2023	2.77
7316	2.66
5927	2.61
23633	2.58
5093	2.48
5885	2.46
5431	2.45
5036	2.42
5250	2.39
1072	2.37
3301	2.36
55591	2.31
3065	2.31
6231	2.29
5757	2.23
1654	2.23
10209	2.17
10376	2.12
9519	2.11
7543	2.10
7167	2.03
1017	1.99
25836	1.96
51742	1.90
10383	1.87
3015	1.83
204	1.78
5700	1.75
1387	1.72
10765	1.71
4736	1.70
4176	1.69
3150	1.65
10061	1.63
26986	1.59
5315	1.54
3320	1.54
7314	1.50
9611	1.49
6175	1.43
5693	1.43
55173	1.42
1407	1.40
10153	1.36
1915	1.32
4999	1.30
6194	1.29
1164	1.26
51099	1.25
7311	1.25
2197	1.20
4172	1.18
6161	1.17
159	1.16
5610	1.15
10127	1.14
6129	1.13
57492	1.10
23649	1.05
4234	1.04
58508	1.03
65980	1.03
960	1.01
639	1.01
79142	1.00
3309	0.95
23028	0.93
6176	0.91
54815	0.90
3720	0.87
8242	0.84
6136	0.83
4869	0.82
1974	0.80
6234	0.78
23521	0.77
3298	0.76
54799	0.75
6232	0.72
6122	0.71
1938	0.70
4904	0.70
7175	0.63
6224	0.62
5982	0.62
51154	0.61
5052	0.57
4998	0.48
22807	0.46
8277	0.46
7546	0.43
9168	0.42
6241	0.42
1750	0.39
5111	0.36
51514	0.29
972	0.29
1112	0.24
55355	0.23
10198	0.23
3615	0.23
5441	0.23
8208	0.23
8607	0.13
80853	0.11
6284	0.05
54623	0.01
3224	-0.03
51513	-0.04
6206	-0.05
29781	-0.10
5080	-0.11
7005	-0.11
8284	-0.13
51121	-0.15
864	-0.23
9918	-0.24
4605	-0.27
54443	-0.29
4171	-0.32
50943	-0.32
51360	-0.33
6591	-0.37
3757	-0.38
2115	-0.44
8538	-0.45
55703	-0.47
8243	-0.48
672	-0.53
738	-0.54
10463	-0.54
2305	-0.56
3670	-0.60
5981	-0.64
5888	-0.65
50484	-0.68
5452	-0.68
51230	-0.70
81570	-0.76
23135	-1.12
26009	-1.16
6647	-1.17
115098	-1.34
10721	-1.52
9563	-2.00
10771	-2.30
