54623	4.35
10765	4.22
10061	3.36
3301	3.34
11338	3.02
5093	2.94
4800	2.76
5693	2.75
5927	2.75
23135	2.61
54815	2.58
51742	2.43
7314	2.31
3312	2.30
9611	2.24
7167	2.02
5431	2.00
10127	1.91
5315	1.88
3065	1.68
3190	1.62
1072	1.58
51099	1.55
9519	1.52
1164	1.51
5717	1.46
51154	1.46
10383	1.45
5685	1.45
10576	1.42
5036	1.41
5700	1.32
1387	1.31
25836	1.25
7005	1.24
7546	1.14
6908	1.13
58517	1.13
1654	1.11
8242	1.09
3015	1.07
10771	1.04
5469	1.01
7756	1.00
6428	1.00
55703	0.99
8607	0.97
159	0.92
6427	0.91
23633	0.91
1655	0.90
3224	0.90
2023	0.89
4234	0.84
8554	0.84
2597	0.82
7311	0.77
4999	0.70
80853	0.70
7543	0.68
7536	0.68
5441	0.66
54799	0.64
3181	0.63
51121	0.63
65980	0.63
51230	0.62
6284	0.45
57492	0.45
5052	0.43
1017	0.42
3670	0.41
55591	0.39
3720	0.38
8284	0.38
23028	0.37
23521	0.33
6232	0.32
6651	0.32
738	0.31
4176	0.30
5452	0.29
6194	0.26
9168	0.25
6206	0.23
60	0.22
6231	0.21
5094	0.19
6122	0.16
639	0.13
58508	0.13
3615	0.11
6161	0.07
1750	0.07
2115	0.06
4736	0.06
6129	0.06
3326	0.05
3320	0.05
905	0.04
1938	0.03
26009	-0.07
7175	-0.07
4172	-0.11
10153	-0.17
6224	-0.18
6591	-0.19
6136	-0.23
23204	-0.24
5982	-0.26
3757	-0.26
204	-0.27
1915	-0.29
55173	-0.31
9918	-0.32
2305	-0.33
7316	-0.34
5080	-0.34
9584	-0.35
5250	-0.39
55355	-0.39
8277	-0.41
50484	-0.44
81570	-0.46
51513	-0.49
4869	-0.50
1407	-0.58
972	-0.60
10376	-0.62
5888	-0.70
2197	-0.71
6241	-0.71
9774	-0.71
5725	-0.72
8538	-0.73
3298	-0.73
6175	-0.74
115098	-0.79
1974	-0.80
5885	-0.82
864	-0.82
6234	-0.83
1112	-0.84
3309	-0.85
50943	-0.87
6176	-0.87
5757	-0.88
7403	-0.88
6647	-0.91
672	-0.92
23451	-1.03
4998	-1.05
22807	-1.05
4904	-1.08
5111	-1.10
5610	-1.15
10463	-1.16
23649	-1.18
3150	-1.18
960	-1.19
51602	-1.22
26986	-1.27
4171	-1.28
9563	-1.34
5682	-1.36
54443	-1.38
8243	-1.38
51514	-1.40
29781	-1.52
10209	-1.59
5981	-1.63
10721	-1.87
4605	-2.03
8208	-2.03
10198	-2.34
51360	-2.77
