10765	4.90
58508	4.51
23135	4.35
3720	3.71
25836	3.70
5927	3.45
905	3.00
7403	2.98
8242	2.98
54799	2.98
51742	2.81
1112	2.77
5469	2.00
10209	1.99
9611	1.86
639	1.83
57492	1.82
51230	1.70
9519	1.61
1407	1.47
1387	1.39
4800	1.36
23451	1.30
8554	1.26
9563	1.23
7175	1.06
50484	1.05
738	1.00
8284	0.99
6232	0.94
5885	0.94
23028	0.93
1974	0.86
7316	0.83
1938	0.83
4176	0.82
6206	0.82
4999	0.74
1750	0.74
79142	0.70
9584	0.69
3757	0.68
159	0.68
6234	0.63
26986	0.60
7543	0.57
7311	0.57
10463	0.53
1654	0.51
9168	0.51
6122	0.48
54815	0.43
6129	0.39
6908	0.39
3190	0.38
6651	0.33
7546	0.30
58517	0.30
23633	0.28
6224	0.28
3309	0.27
7005	0.27
2197	0.24
5093	0.24
10061	0.23
23521	0.22
6194	0.22
51513	0.21
115098	0.20
4605	0.20
5431	0.20
50943	0.18
55591	0.18
51099	0.18
1655	0.15
7167	0.12
22807	0.11
7756	0.11
5094	0.11
3181	0.10
5982	0.10
6136	0.06
5888	0.02
8243	0.00
10127	0.00
5080	-0.04
8277	-0.06
5036	-0.07
3224	-0.07
6176	-0.07
6591	-0.09
65980	-0.11
51360	-0.11
10153	-0.11
1915	-0.14
54443	-0.16
6284	-0.19
204	-0.21
4736	-0.22
5052	-0.23
6175	-0.24
972	-0.24
3065	-0.27
8538	-0.31
7314	-0.31
3298	-0.34
3670	-0.35
51602	-0.37
23204	-0.37
672	-0.38
10576	-0.38
5452	-0.40
2115	-0.40
5757	-0.45
4904	-0.46
7536	-0.49
81570	-0.49
10198	-0.52
2023	-0.57
6241	-0.57
6161	-0.57
60	-0.59
5685	-0.62
2597	-0.65
5717	-0.68
55173	-0.70
55355	-0.71
1164	-0.71
5981	-0.72
10721	-0.73
51514	-0.74
5610	-0.74
5725	-0.76
9918	-0.80
10771	-0.82
6231	-0.86
6428	-0.88
5315	-0.90
864	-0.90
4869	-0.93
51154	-1.00
3301	-1.01
4234	-1.02
9774	-1.03
5700	-1.06
3150	-1.09
3615	-1.10
3015	-1.13
11338	-1.14
2305	-1.14
5682	-1.14
960	-1.21
5693	-1.22
51121	-1.29
3320	-1.35
8607	-1.35
3326	-1.42
26009	-1.43
1072	-1.43
55703	-1.45
10383	-1.47
1017	-1.50
5250	-1.54
6427	-1.80
4998	-1.98
23649	-1.98
54623	-2.00
8208	-2.05
4171	-2.06
10376	-2.10
6647	-2.11
3312	-2.17
5111	-2.19
4172	-2.24
29781	-2.24
5441	-2.74
