55703	3.63
23649	3.55
115098	3.49
8243	2.83
738	2.68
10198	2.56
5693	2.42
9918	2.34
4171	2.32
23633	2.32
2023	2.31
29781	2.25
204	2.24
8242	2.20
3326	1.97
5315	1.96
3309	1.94
4904	1.86
5717	1.81
1938	1.77
10061	1.75
1072	1.72
8607	1.72
3320	1.72
51154	1.62
5036	1.59
3312	1.57
7167	1.57
2305	1.55
5093	1.54
23028	1.53
4234	1.49
11338	1.47
4800	1.46
5725	1.42
5700	1.41
51360	1.41
3757	1.41
5682	1.35
2197	1.25
2597	1.23
4998	1.22
10576	1.22
54623	1.21
54815	1.21
3301	1.19
4999	1.00
10383	0.99
5469	0.96
3615	0.92
54443	0.89
1654	0.85
7316	0.83
6651	0.75
65980	0.75
23135	0.73
5885	0.68
3720	0.67
51099	0.64
7314	0.61
9611	0.56
9774	0.55
960	0.53
5094	0.53
5052	0.52
60	0.46
55173	0.44
4605	0.40
58508	0.37
3181	0.35
51230	0.35
7543	0.35
5982	0.32
10127	0.29
5452	0.27
26009	0.27
5685	0.27
8284	0.27
55355	0.26
10721	0.25
4176	0.21
7536	0.19
51121	0.18
57492	0.17
1164	0.15
10209	0.11
1750	0.07
1387	0.07
26986	0.07
7311	0.07
5250	0.04
50484	0.04
10376	0.04
9584	0.01
4172	-0.00
3298	-0.04
51602	-0.05
5441	-0.06
5610	-0.11
51514	-0.15
5757	-0.18
4869	-0.19
3670	-0.21
972	-0.25
1017	-0.27
6241	-0.27
5431	-0.31
3065	-0.32
6647	-0.34
10463	-0.38
9519	-0.41
8208	-0.44
79142	-0.46
1407	-0.49
80853	-0.49
672	-0.52
10153	-0.53
3224	-0.54
8277	-0.54
50943	-0.55
7403	-0.55
1112	-0.59
10771	-0.59
5888	-0.60
5927	-0.60
1974	-0.62
58517	-0.64
10765	-0.64
6591	-0.67
639	-0.69
23204	-0.74
22807	-0.75
7756	-0.76
6175	-0.77
8538	-0.78
5111	-0.81
1915	-0.84
864	-0.85
5981	-0.87
6122	-0.89
159	-0.94
7546	-0.96
3015	-0.97
8554	-1.00
4736	-1.01
23521	-1.02
7005	-1.05
25836	-1.08
23451	-1.09
2115	-1.10
6428	-1.10
3190	-1.13
5080	-1.14
6908	-1.14
9563	-1.15
6161	-1.15
54799	-1.22
7175	-1.24
6284	-1.28
6231	-1.30
6129	-1.32
55591	-1.33
6234	-1.36
51513	-1.42
6176	-1.44
6136	-1.45
905	-1.51
51742	-1.54
6224	-1.54
6206	-1.56
6194	-1.65
9168	-1.79
6427	-1.89
6232	-1.89
1655	-2.18
3150	-2.50
