4998	10.53
51514	10.33
4171	10.09
5888	9.30
5982	8.86
4172	8.68
23649	8.15
5111	7.63
672	7.23
4176	6.35
4605	6.34
1017	6.14
6241	5.50
29781	4.58
10721	4.41
2305	3.58
8243	3.55
55355	3.16
6647	2.81
3015	2.75
10376	2.55
54443	2.42
3298	2.24
5717	2.19
3150	2.12
5036	1.91
6427	1.91
5315	1.85
5981	1.71
5610	1.66
23028	1.62
5700	1.61
51360	1.56
6428	1.48
9563	1.43
2597	1.37
10383	1.36
5250	1.34
3615	1.21
51154	1.20
54815	1.17
6908	1.15
54623	1.14
3181	1.10
5685	1.08
5725	1.05
6651	1.04
51602	0.99
9774	0.92
5682	0.90
2023	0.88
7005	0.88
7536	0.83
9918	0.79
5757	0.77
5080	0.76
1750	0.72
1407	0.69
7175	0.67
5469	0.66
864	0.61
10061	0.61
51230	0.59
60	0.58
10198	0.56
3326	0.55
51513	0.54
65980	0.54
3190	0.51
7167	0.48
7543	0.47
3065	0.44
3320	0.43
58517	0.38
8538	0.32
3224	0.32
50943	0.31
10209	0.30
7546	0.24
7316	0.23
7756	0.23
1072	0.22
8277	0.21
5885	0.19
5052	0.19
1654	0.18
204	0.14
115098	0.06
8554	0.06
6284	0.04
55703	-0.01
55591	-0.04
639	-0.05
4234	-0.06
6224	-0.07
4904	-0.09
6231	-0.09
7403	-0.10
5441	-0.10
10771	-0.10
5094	-0.11
51099	-0.13
4999	-0.18
6176	-0.20
6591	-0.20
1938	-0.22
5431	-0.22
3312	-0.25
22807	-0.26
57492	-0.26
8607	-0.28
2115	-0.29
3757	-0.32
10127	-0.33
11338	-0.33
6161	-0.34
3670	-0.35
159	-0.37
3309	-0.38
23633	-0.41
1387	-0.41
10463	-0.42
81570	-0.44
23204	-0.44
9168	-0.46
7311	-0.47
6175	-0.47
6136	-0.51
10576	-0.52
8242	-0.53
7314	-0.54
1112	-0.57
55173	-0.57
51121	-0.57
5093	-0.63
1655	-0.65
50484	-0.66
4869	-0.66
972	-0.69
4736	-0.71
9611	-0.72
6122	-0.73
26986	-0.76
5693	-0.78
6194	-0.82
8284	-0.84
58508	-0.91
5927	-0.92
10153	-0.94
6232	-0.94
6129	-0.98
23521	-0.99
54799	-1.02
4800	-1.08
2197	-1.08
960	-1.09
1974	-1.13
905	-1.16
6234	-1.19
6206	-1.21
9519	-1.22
738	-1.23
9584	-1.28
3720	-1.33
1164	-1.37
23451	-1.41
51742	-1.47
3301	-1.56
5452	-1.57
26009	-1.69
1915	-1.74
25836	-1.92
79142	-2.03
80853	-2.05
23135	-2.05
10765	-2.60
