7403	11.44
8243	9.14
7543	8.96
1654	6.85
11338	3.98
10765	3.79
10127	3.55
23135	3.55
5927	3.33
1387	3.32
5725	3.22
3720	3.16
80853	2.98
23633	2.94
25836	2.55
9584	2.46
51360	2.42
57492	2.34
23451	2.32
54623	2.27
81570	2.20
5717	1.94
58508	1.94
6651	1.94
7536	1.91
7316	1.83
4176	1.73
9918	1.69
5682	1.48
51742	1.46
639	1.44
54815	1.42
5315	1.42
2023	1.41
5431	1.39
7005	1.39
3326	1.36
3309	1.32
7167	1.31
1938	1.31
4171	1.29
5700	1.24
23649	1.24
29781	1.22
54799	1.19
7314	1.16
5693	1.11
79142	1.09
9611	1.07
738	1.07
5093	1.06
3190	1.05
4800	1.04
3181	1.03
1407	1.01
9563	0.97
5094	0.91
3301	0.87
7756	0.84
58517	0.84
4999	0.83
23028	0.81
51513	0.80
905	0.74
10061	0.70
9774	0.70
10576	0.70
5469	0.67
3757	0.66
3298	0.63
65980	0.62
1164	0.59
1655	0.58
5885	0.51
3065	0.47
1072	0.42
2305	0.41
51230	0.39
8554	0.36
960	0.36
55591	0.36
5685	0.34
4172	0.33
4234	0.33
10209	0.31
50943	0.28
5610	0.28
7175	0.28
2197	0.25
1974	0.20
51154	0.18
50484	0.17
2597	0.16
10383	0.12
6122	0.12
6908	0.11
6647	0.11
8277	0.09
6284	0.06
5052	0.01
23521	-0.01
864	-0.02
6427	-0.03
6161	-0.04
51099	-0.05
9519	-0.08
5982	-0.08
204	-0.11
6241	-0.13
3015	-0.13
972	-0.18
5452	-0.18
6176	-0.20
1915	-0.22
10153	-0.25
10463	-0.25
8607	-0.28
1017	-0.30
6194	-0.30
3224	-0.30
3615	-0.33
1112	-0.34
4869	-0.37
3320	-0.38
6232	-0.38
6175	-0.39
60	-0.40
3312	-0.41
4736	-0.43
6206	-0.44
2115	-0.49
7546	-0.49
4605	-0.51
22807	-0.51
115098	-0.51
8208	-0.53
9168	-0.54
26009	-0.55
6224	-0.55
159	-0.57
1750	-0.57
6428	-0.58
5250	-0.61
10376	-0.62
51602	-0.64
5036	-0.64
10771	-0.71
8538	-0.73
6231	-0.76
23204	-0.77
55355	-0.77
10721	-0.78
6234	-0.81
55703	-0.82
6129	-0.86
51121	-0.87
4998	-0.88
7311	-0.88
3670	-0.93
6591	-0.93
51514	-0.96
26986	-1.02
5080	-1.04
5981	-1.13
672	-1.21
55173	-1.22
10198	-1.28
3150	-1.33
6136	-1.33
4904	-1.37
5441	-1.42
5757	-1.43
5111	-1.44
5888	-1.56
54443	-1.63
8284	-2.61
