8242	9.14
4172	7.46
3181	6.85
7543	6.76
1654	6.60
672	5.69
4176	5.44
9918	5.16
23649	5.02
7403	4.86
7175	4.73
5111	4.30
11338	3.91
51360	3.75
5982	3.71
5885	3.66
54623	3.66
6651	3.64
8208	3.55
9774	3.49
9611	3.43
5036	3.41
4171	3.39
1017	3.36
5469	2.98
1387	2.97
5725	2.93
58517	2.92
3190	2.85
81570	2.83
3320	2.79
10198	2.77
10376	2.71
3326	2.71
5757	2.69
5717	2.67
3065	2.64
58508	2.57
29781	2.45
5981	2.40
4998	2.36
5093	2.35
7536	2.13
57492	2.10
6647	2.05
23028	2.04
5888	2.04
2023	2.02
51230	2.01
10771	2.00
6241	2.00
25836	1.95
51514	1.93
5927	1.88
10721	1.87
4605	1.84
204	1.81
8607	1.80
5315	1.77
4904	1.77
3015	1.77
1072	1.73
5610	1.71
115098	1.68
65980	1.64
6427	1.64
3309	1.54
54815	1.49
9563	1.49
60	1.48
5700	1.46
10383	1.44
55703	1.44
9584	1.43
23633	1.40
10061	1.37
50943	1.36
5431	1.29
3312	1.28
5685	1.26
1655	1.24
5094	1.22
6428	1.22
1112	1.17
2305	1.13
51602	1.02
10153	0.93
3615	0.91
3150	0.90
4800	0.88
3301	0.88
4999	0.86
10576	0.75
8277	0.74
972	0.73
54443	0.71
159	0.64
1407	0.61
26986	0.55
23204	0.53
7314	0.53
5052	0.48
7167	0.45
51742	0.36
864	0.33
4234	0.30
5080	0.28
5452	0.27
51154	0.26
23135	0.25
639	0.23
23451	0.21
8554	0.18
3720	0.08
6908	0.05
5682	0.04
51513	0.02
80853	0.00
6122	-0.04
960	-0.07
51099	-0.09
3224	-0.09
55355	-0.11
5441	-0.15
6194	-0.27
1164	-0.28
2115	-0.32
2597	-0.36
22807	-0.43
10463	-0.44
4869	-0.45
1938	-0.46
7756	-0.48
6176	-0.50
3298	-0.54
3670	-0.56
2197	-0.57
10127	-0.58
6231	-0.58
738	-0.60
7546	-0.64
7005	-0.66
55173	-0.67
3757	-0.72
54799	-0.75
7316	-0.75
5250	-0.75
8538	-0.76
4736	-0.82
6129	-0.89
6224	-0.95
5693	-0.99
10209	-0.99
6284	-1.00
23521	-1.01
1750	-1.02
55591	-1.03
9168	-1.05
51121	-1.08
6136	-1.31
1974	-1.31
6206	-1.32
79142	-1.38
1915	-1.47
6175	-1.51
6232	-1.53
10765	-1.56
7311	-1.56
26009	-1.60
6161	-1.60
6234	-1.64
905	-1.73
8284	-1.92
6591	-1.92
50484	-2.47
9519	-2.47
