864	2.49
1407	1.72
3757	1.58
50943	1.55
5080	1.27
1750	1.26
6428	1.22
5469	1.11
23204	1.06
3309	0.97
639	0.91
8607	0.80
8243	0.74
3298	0.72
3720	0.69
51099	0.63
23135	0.61
10209	0.59
3150	0.59
7546	0.57
5885	0.56
7403	0.54
3065	0.52
6129	0.51
5981	0.51
3190	0.49
10198	0.49
10127	0.49
5888	0.48
7756	0.46
4605	0.46
4800	0.42
5111	0.40
51602	0.37
6161	0.37
6427	0.37
54815	0.36
5431	0.35
10153	0.33
25836	0.33
7543	0.33
10383	0.32
29781	0.31
6224	0.30
6122	0.29
6234	0.29
204	0.27
1072	0.26
4176	0.26
8554	0.26
3015	0.25
6232	0.25
4172	0.24
1017	0.24
55355	0.24
10376	0.23
8208	0.21
65980	0.21
5250	0.19
4904	0.17
23521	0.16
51514	0.13
5757	0.12
6194	0.12
3312	0.12
5982	0.11
5717	0.10
4171	0.10
55173	0.10
1387	0.10
5682	0.09
8242	0.09
672	0.09
22807	0.07
7167	0.07
1112	0.06
10576	0.05
2023	0.04
5452	0.03
1164	0.03
10061	0.01
7316	0.00
5441	-0.01
55703	-0.01
1654	-0.01
23451	-0.02
9918	-0.03
9584	-0.04
60	-0.05
6908	-0.06
80853	-0.06
51154	-0.07
51360	-0.10
6175	-0.11
3320	-0.11
9168	-0.11
5036	-0.11
51513	-0.11
7311	-0.13
3670	-0.13
8538	-0.14
5927	-0.14
7536	-0.14
2197	-0.16
4736	-0.17
51230	-0.17
1655	-0.19
1915	-0.19
7175	-0.19
5725	-0.21
26986	-0.21
6241	-0.22
51742	-0.23
4234	-0.24
9519	-0.24
6206	-0.26
3181	-0.26
972	-0.26
5093	-0.27
8284	-0.27
10765	-0.27
54799	-0.31
11338	-0.32
3615	-0.34
9774	-0.38
58517	-0.40
79142	-0.41
3301	-0.42
58508	-0.43
6136	-0.44
1974	-0.44
9563	-0.45
10721	-0.46
159	-0.46
1938	-0.48
2597	-0.52
4998	-0.52
4869	-0.54
81570	-0.54
10771	-0.55
738	-0.55
5685	-0.55
54623	-0.56
23028	-0.57
7314	-0.58
6231	-0.58
51121	-0.60
115098	-0.62
6284	-0.63
5094	-0.63
6176	-0.64
9611	-0.64
6651	-0.64
6591	-0.68
6647	-0.68
905	-0.70
2305	-0.71
23649	-0.72
50484	-0.73
5700	-0.74
54443	-0.77
26009	-0.78
3326	-0.78
5693	-0.78
960	-0.79
3224	-0.88
5052	-0.92
2115	-0.93
10463	-0.94
23633	-0.97
5610	-1.03
5315	-1.05
57492	-1.22
55591	-1.37
7005	-1.39
4999	-1.40
