58508	1.08
25836	1.06
5927	1.05
80853	0.99
11338	0.96
51230	0.95
9563	0.91
57492	0.91
23633	0.83
6651	0.77
905	0.73
10765	0.70
10771	0.66
10127	0.60
4800	0.56
58517	0.54
7175	0.54
9611	0.54
1407	0.53
1017	0.51
23451	0.51
9918	0.49
51742	0.45
3181	0.43
3757	0.41
23135	0.41
115098	0.40
9584	0.39
79142	0.38
7005	0.35
10198	0.29
81570	0.27
3720	0.25
22807	0.25
51513	0.24
4176	0.23
4171	0.23
51360	0.22
1974	0.22
4172	0.21
1387	0.21
50943	0.20
4999	0.20
29781	0.13
4605	0.11
1112	0.10
54623	0.08
54799	0.07
5452	0.06
55703	0.05
7546	0.04
1655	0.03
23649	0.03
50484	0.02
5052	0.01
65980	0.01
10061	0.00
1938	-0.04
972	-0.05
5093	-0.05
2115	-0.05
5981	-0.06
672	-0.06
51099	-0.06
3065	-0.08
639	-0.10
60	-0.11
2305	-0.11
5725	-0.11
6241	-0.11
3670	-0.12
7756	-0.13
7167	-0.13
10463	-0.18
8554	-0.18
5757	-0.18
4234	-0.19
26009	-0.19
6908	-0.20
1164	-0.21
3309	-0.21
23028	-0.21
10383	-0.22
5469	-0.22
4998	-0.27
8277	-0.27
7536	-0.27
5094	-0.27
5885	-0.28
1915	-0.28
3298	-0.29
10721	-0.29
6175	-0.30
204	-0.30
5982	-0.31
3224	-0.31
3615	-0.33
2023	-0.33
55591	-0.34
5888	-0.34
54443	-0.35
55173	-0.35
4869	-0.36
5431	-0.37
5080	-0.39
3150	-0.41
10576	-0.43
5693	-0.44
8607	-0.45
55355	-0.47
7314	-0.50
5717	-0.51
6591	-0.52
1750	-0.53
3312	-0.54
3326	-0.55
5315	-0.55
960	-0.58
6176	-0.60
23521	-0.61
9774	-0.62
4904	-0.62
9519	-0.63
6234	-0.63
738	-0.64
54815	-0.64
864	-0.65
51154	-0.65
6427	-0.68
51514	-0.68
6647	-0.68
6161	-0.69
5111	-0.70
5250	-0.71
6129	-0.73
5682	-0.74
2197	-0.74
8538	-0.74
7316	-0.76
6206	-0.77
10209	-0.78
3301	-0.78
6284	-0.78
3190	-0.79
6122	-0.79
23204	-0.79
10376	-0.79
10153	-0.80
6232	-0.80
5441	-0.82
5610	-0.82
26986	-0.83
6428	-0.84
3320	-0.84
8208	-0.84
6194	-0.86
4736	-0.87
6231	-0.88
51121	-0.89
9168	-0.91
51602	-0.92
1072	-0.95
2597	-0.96
3015	-0.97
6224	-0.98
7311	-1.04
5700	-1.06
6136	-1.09
159	-1.36
5036	-1.43
5685	-1.46
8243	-1.92
8242	-2.61
7403	-3.63
1654	-3.86
7543	-4.52
