3670	3.08
1750	1.81
3150	1.38
7546	1.32
864	1.31
3224	1.30
204	1.09
50943	0.99
10383	0.91
51513	0.82
3312	0.81
5094	0.81
3757	0.68
3320	0.68
26986	0.66
3065	0.64
4736	0.61
51154	0.60
6136	0.60
4605	0.57
6234	0.56
6122	0.56
639	0.56
7536	0.55
2023	0.55
5757	0.54
10209	0.54
7167	0.54
5080	0.51
3615	0.51
54623	0.50
51121	0.48
2197	0.48
6129	0.48
2597	0.48
4234	0.47
6176	0.46
6591	0.42
22807	0.41
1938	0.38
11338	0.37
6232	0.36
54815	0.35
6647	0.34
10463	0.33
5700	0.32
8208	0.32
9918	0.31
5431	0.31
65980	0.26
55173	0.25
10771	0.23
5725	0.22
6224	0.21
5885	0.21
6194	0.21
23135	0.20
7175	0.20
29781	0.19
6427	0.17
738	0.16
7311	0.14
23521	0.14
1915	0.13
6241	0.13
10721	0.13
54443	0.12
4869	0.12
3015	0.10
6231	0.10
9774	0.10
4904	0.09
7314	0.08
4171	0.07
8607	0.06
4998	0.06
7005	0.02
159	0.02
55703	0.01
4999	0.01
10765	-0.00
2305	-0.00
960	-0.02
4172	-0.04
5982	-0.05
972	-0.06
10198	-0.07
6908	-0.08
23204	-0.08
3190	-0.09
115098	-0.10
55591	-0.10
3301	-0.11
55355	-0.11
5250	-0.12
9611	-0.12
4800	-0.12
672	-0.14
23451	-0.14
8277	-0.14
6206	-0.14
6175	-0.15
23649	-0.16
5315	-0.16
23028	-0.17
7316	-0.19
5717	-0.19
25836	-0.19
3309	-0.19
5052	-0.19
5888	-0.20
51602	-0.20
6428	-0.23
3326	-0.27
10153	-0.27
1017	-0.28
5111	-0.28
58517	-0.29
8554	-0.29
80853	-0.31
10061	-0.32
5036	-0.33
3720	-0.36
6651	-0.39
23633	-0.40
9168	-0.41
5093	-0.44
7756	-0.45
58508	-0.46
5685	-0.47
51742	-0.49
1164	-0.50
4176	-0.50
1387	-0.51
1654	-0.52
5682	-0.53
10376	-0.53
1407	-0.54
10576	-0.54
6284	-0.56
9563	-0.57
51099	-0.57
3298	-0.58
5469	-0.58
57492	-0.61
51514	-0.65
5981	-0.68
5610	-0.68
60	-0.70
1655	-0.72
79142	-0.73
8242	-0.73
50484	-0.74
8284	-0.74
6161	-0.75
8243	-0.76
81570	-0.78
5452	-0.78
1072	-0.79
5693	-0.79
2115	-0.80
9584	-0.81
26009	-0.84
5927	-0.86
9519	-0.95
3181	-1.00
5441	-1.03
7543	-1.07
54799	-1.08
51230	-1.09
905	-1.11
1974	-1.12
51360	-1.27
10127	-1.30
1112	-1.40
7403	-1.40
