7756	5.70
25836	5.53
23451	5.43
51742	4.42
5927	4.35
58508	3.87
905	3.55
9611	3.38
6651	3.31
1387	3.27
51230	3.21
7403	3.07
5885	2.89
9774	2.82
4800	2.80
5469	2.77
6908	2.76
3298	2.53
7316	2.51
58517	2.47
5685	2.45
5093	2.33
7175	2.25
1112	2.06
7543	1.93
5431	1.89
23633	1.85
22807	1.80
10765	1.79
9584	1.73
54623	1.67
23204	1.65
6591	1.64
5094	1.63
3190	1.62
6176	1.58
5610	1.56
639	1.53
10198	1.48
6231	1.46
1654	1.43
60	1.42
5315	1.35
4999	1.35
3757	1.33
5717	1.32
1974	1.31
5725	1.26
80853	1.26
1072	1.18
55591	1.18
26009	1.16
7536	1.16
9519	1.14
2597	1.12
1655	1.05
50484	1.03
3720	1.02
5981	1.02
26986	1.01
10376	1.01
7311	0.97
23649	0.94
6161	0.92
79142	0.84
1017	0.83
54799	0.83
6232	0.82
57492	0.73
3301	0.69
5080	0.65
3312	0.65
23135	0.63
23028	0.60
3670	0.60
1750	0.60
6234	0.60
55355	0.59
3065	0.53
7005	0.41
972	0.40
6122	0.40
8242	0.36
3015	0.34
10383	0.30
672	0.28
8277	0.26
864	0.23
51602	0.19
7546	0.18
8243	0.18
10209	0.17
3320	0.15
738	0.15
51099	0.14
9918	0.14
5888	0.12
5036	0.11
10153	0.08
4998	0.08
55703	0.07
23521	0.07
2115	0.07
6175	0.07
8208	0.06
6428	0.04
5441	0.03
5757	0.03
6427	0.02
3224	0.01
51514	0.00
6136	-0.02
54443	-0.02
2197	-0.03
960	-0.06
4736	-0.08
5250	-0.10
6224	-0.14
11338	-0.17
8284	-0.18
1407	-0.18
1915	-0.19
3181	-0.20
1164	-0.22
2023	-0.22
1938	-0.23
6194	-0.29
4171	-0.29
8538	-0.29
5682	-0.31
5452	-0.32
51360	-0.35
3326	-0.39
10721	-0.45
50943	-0.45
4172	-0.47
7167	-0.49
10127	-0.51
5700	-0.53
7314	-0.54
5982	-0.60
10576	-0.65
4904	-0.68
6129	-0.68
5111	-0.69
204	-0.70
4176	-0.76
159	-0.76
10771	-0.76
54815	-0.76
2305	-0.77
51513	-0.85
4605	-0.85
3150	-0.95
3615	-0.96
4869	-0.97
5693	-0.97
51121	-0.99
81570	-1.00
29781	-1.02
115098	-1.02
5052	-1.09
9168	-1.14
3309	-1.14
6206	-1.19
55173	-1.20
6241	-1.21
10463	-1.25
6284	-1.31
65980	-1.37
10061	-1.43
9563	-1.44
4234	-1.81
6647	-1.81
51154	-1.89
8607	-2.16
