5036	6.02
51154	5.12
10576	4.99
4172	4.42
3326	4.12
10061	4.09
9918	4.01
23028	3.97
4171	3.90
3615	3.43
5052	3.22
4234	3.21
55703	3.16
204	3.11
10383	3.09
3181	3.04
2023	2.94
3065	2.84
51121	2.83
5700	2.82
5693	2.79
51602	2.54
65980	2.49
4999	2.37
4176	2.30
3190	2.27
5982	2.27
3312	2.27
11338	2.24
23649	2.24
115098	2.15
5682	2.13
5717	2.01
6647	1.89
10376	1.85
1072	1.85
672	1.82
8243	1.80
4869	1.79
5725	1.75
159	1.72
81570	1.72
54815	1.70
3320	1.64
55173	1.63
5315	1.61
5111	1.56
4904	1.53
54623	1.49
3309	1.45
7175	1.42
60	1.36
5757	1.34
6194	1.25
6122	1.24
10463	1.18
10771	1.18
3301	1.12
79142	0.97
5888	0.97
6231	0.96
10765	0.96
6428	0.94
10198	0.92
6161	0.91
6908	0.85
960	0.85
10153	0.84
3298	0.80
8277	0.80
10127	0.79
10721	0.73
7167	0.67
5431	0.67
5685	0.65
4736	0.60
2115	0.54
6241	0.52
5885	0.51
57492	0.48
5441	0.44
1017	0.40
23633	0.39
54799	0.38
972	0.37
1974	0.37
7314	0.36
51513	0.34
26009	0.34
3757	0.31
51230	0.30
50943	0.30
6591	0.22
9519	0.22
6129	0.21
51360	0.20
2597	0.19
1164	0.19
7546	0.18
1750	0.17
7536	0.14
5469	0.14
23451	0.13
7756	0.13
5610	0.12
3224	0.10
2305	0.07
6136	0.07
8538	0.06
1407	0.06
9774	-0.04
6175	-0.04
3015	-0.06
1938	-0.06
5452	-0.08
4800	-0.09
3150	-0.09
1655	-0.09
5080	-0.10
5093	-0.15
26986	-0.15
4605	-0.18
22807	-0.20
3720	-0.20
23521	-0.21
3670	-0.21
9168	-0.26
6206	-0.27
8242	-0.28
8208	-0.28
6284	-0.32
1915	-0.32
55355	-0.33
6427	-0.38
6224	-0.39
639	-0.40
51514	-0.40
8284	-0.45
58517	-0.45
23135	-0.46
864	-0.47
5927	-0.48
4998	-0.48
7316	-0.50
5981	-0.52
5250	-0.57
1387	-0.60
51742	-0.60
5094	-0.64
25836	-0.65
9584	-0.78
7311	-0.85
6232	-0.86
738	-0.87
54443	-0.91
1654	-0.93
7403	-0.96
7005	-0.97
51099	-1.06
6234	-1.15
50484	-1.22
23204	-1.26
6176	-1.27
29781	-1.35
80853	-1.35
6651	-1.43
2197	-1.44
55591	-1.61
7543	-1.62
9563	-1.62
9611	-1.68
10209	-1.81
58508	-2.02
8554	-2.16
1112	-2.53
905	-2.76
