639	3.66
50943	3.57
5452	3.44
972	2.69
8277	2.49
960	2.07
1112	1.89
1750	1.88
57492	1.84
5757	1.70
54815	1.62
26986	1.46
8538	1.31
5469	1.23
4904	1.23
23135	1.21
51513	1.20
10209	1.13
51742	1.11
9563	1.07
5725	0.98
1017	0.96
5981	0.92
6908	0.90
6176	0.89
51230	0.85
204	0.85
23633	0.83
6234	0.82
22807	0.81
2023	0.77
5093	0.72
7536	0.64
8208	0.61
1387	0.59
4998	0.58
3320	0.58
5094	0.58
1164	0.56
6427	0.55
10153	0.55
5080	0.54
6194	0.50
26009	0.49
2597	0.47
1938	0.46
7546	0.43
29781	0.43
23521	0.41
5927	0.41
7314	0.38
10198	0.36
159	0.35
8243	0.33
25836	0.32
1915	0.32
11338	0.31
3309	0.31
3065	0.30
5315	0.27
5610	0.26
3720	0.25
7167	0.24
8554	0.23
23451	0.22
3224	0.21
6122	0.20
7403	0.14
6175	0.12
6232	0.12
58517	0.11
1072	0.11
3150	0.11
6136	0.10
3670	0.09
65980	0.06
5717	0.06
60	0.06
6224	0.03
4605	0.02
738	0.02
1407	0.01
3312	0.01
3298	0.01
7311	0.00
8242	-0.02
9918	-0.03
5441	-0.04
115098	-0.04
6591	-0.05
9611	-0.06
6428	-0.10
7175	-0.10
51602	-0.10
6651	-0.11
3326	-0.12
9168	-0.13
6647	-0.13
5111	-0.13
4736	-0.13
5682	-0.17
51360	-0.18
7543	-0.19
2305	-0.19
6129	-0.20
23204	-0.21
6206	-0.21
2197	-0.22
7756	-0.23
9584	-0.24
51514	-0.27
3301	-0.28
5888	-0.28
10383	-0.29
5036	-0.30
4172	-0.31
5885	-0.32
6231	-0.34
4171	-0.35
7316	-0.36
23028	-0.38
54799	-0.39
6161	-0.41
4176	-0.44
3181	-0.44
54623	-0.45
8607	-0.47
3757	-0.48
1654	-0.49
10127	-0.50
2115	-0.50
9774	-0.58
10771	-0.58
3190	-0.59
10061	-0.61
672	-0.61
58508	-0.62
5250	-0.63
8284	-0.65
4234	-0.65
9519	-0.66
4800	-0.67
10721	-0.68
1974	-0.69
5685	-0.69
905	-0.71
5431	-0.71
5052	-0.72
4999	-0.74
6241	-0.74
3615	-0.75
10765	-0.75
55355	-0.76
1655	-0.76
5700	-0.77
50484	-0.80
5982	-0.80
23649	-0.80
55173	-0.81
10376	-0.82
79142	-0.82
81570	-0.85
51154	-0.89
80853	-0.90
10463	-0.93
54443	-0.96
55591	-0.99
4869	-1.10
3015	-1.15
51121	-1.18
7005	-1.21
6284	-1.28
10576	-1.53
5693	-1.74
55703	-1.77
51099	-1.81
