23451	7.21
7756	5.67
58517	5.44
9584	5.33
51742	4.74
9774	4.54
7403	4.26
1655	4.17
7543	3.90
8554	3.55
51602	3.55
6908	3.38
25836	3.23
26009	3.19
80853	3.00
4800	2.83
6651	2.68
55591	2.65
11338	2.59
6427	2.54
4999	2.51
54799	2.48
6428	2.31
1974	2.27
7316	2.14
58508	2.13
10127	2.10
10765	2.08
7536	1.98
10153	1.78
65980	1.55
23135	1.53
9519	1.48
3150	1.45
3190	1.45
50484	1.37
3181	1.36
7175	1.34
22807	1.32
3298	1.20
6591	1.19
57492	1.18
5725	1.14
1654	1.14
23204	1.13
55355	1.09
5757	1.08
3720	1.04
1387	1.00
10463	0.82
5927	0.81
1407	0.75
10198	0.75
8242	0.74
8284	0.73
639	0.70
5885	0.68
5431	0.65
1750	0.58
5093	0.51
9168	0.48
7314	0.46
10209	0.44
51514	0.44
3301	0.42
7546	0.40
1915	0.38
159	0.36
29781	0.29
5469	0.29
3320	0.27
23633	0.26
4176	0.25
5682	0.21
54443	0.20
4234	0.19
2115	0.17
5610	0.16
50943	0.16
4904	0.14
9611	0.13
10721	0.13
51230	0.13
5981	0.12
2197	0.11
10771	0.11
79142	0.04
7005	0.02
3757	-0.01
1164	-0.01
6234	-0.04
51513	-0.09
6122	-0.13
6129	-0.13
60	-0.13
3326	-0.16
972	-0.17
5080	-0.19
26986	-0.22
1072	-0.23
51360	-0.24
2597	-0.24
6161	-0.24
10376	-0.25
51154	-0.29
6284	-0.29
3309	-0.32
5685	-0.37
738	-0.37
23521	-0.38
7167	-0.38
51099	-0.39
3065	-0.40
4998	-0.42
4605	-0.43
6136	-0.44
5441	-0.46
6241	-0.46
10383	-0.47
6175	-0.48
204	-0.49
4869	-0.55
5693	-0.56
960	-0.56
3312	-0.59
4736	-0.60
5452	-0.62
6224	-0.63
5094	-0.65
5315	-0.66
3670	-0.67
5717	-0.69
8277	-0.70
6232	-0.70
864	-0.71
4171	-0.72
6194	-0.75
115098	-0.76
6206	-0.78
7311	-0.80
5250	-0.80
10061	-0.82
5982	-0.83
10576	-0.83
1112	-0.84
51121	-0.84
55703	-0.87
1938	-0.88
6231	-0.89
9563	-0.91
54815	-0.96
5700	-1.00
2023	-1.03
23028	-1.03
5888	-1.05
54623	-1.07
5052	-1.11
8538	-1.11
8208	-1.16
6176	-1.17
55173	-1.19
3224	-1.19
1017	-1.27
23649	-1.28
3015	-1.28
5111	-1.40
6647	-1.49
81570	-1.51
672	-1.56
4172	-1.68
5036	-1.72
8243	-1.73
2305	-1.75
3615	-1.93
8607	-2.76
9918	-2.89
