6224	5.79
7311	5.16
5757	5.06
6232	4.62
60	4.57
6136	4.56
6194	4.34
6284	4.27
1072	4.27
6234	4.26
5441	4.26
6175	4.00
2197	3.88
6129	3.85
23521	3.61
6206	3.52
7316	3.49
4736	3.44
51121	3.40
10376	3.26
3150	3.23
5315	3.19
5685	3.17
2597	3.17
3015	3.17
6231	3.15
7314	3.04
6161	3.02
6176	2.88
5052	2.85
6122	2.84
7167	2.83
2023	2.76
4904	2.74
1164	2.70
23204	2.37
10209	2.21
55591	2.20
51154	2.12
3312	2.04
1655	1.98
1915	1.98
6647	1.89
3301	1.83
23451	1.80
972	1.45
5094	1.41
115098	1.33
23028	1.27
5250	1.27
9584	1.22
3320	1.18
26986	1.06
3326	1.05
639	1.00
6428	1.00
960	0.97
10383	0.95
5682	0.93
3065	0.88
10576	0.87
51742	0.86
3190	0.83
5982	0.82
65980	0.81
4800	0.80
5700	0.75
6427	0.71
5111	0.70
6241	0.69
4869	0.64
6651	0.58
5452	0.55
50943	0.52
3181	0.51
80853	0.51
54443	0.49
905	0.48
7756	0.42
51513	0.42
5693	0.40
11338	0.39
9563	0.36
5610	0.34
7175	0.29
5093	0.26
9519	0.25
79142	0.25
3615	0.25
4605	0.24
4176	0.24
1938	0.23
5431	0.20
6591	0.17
3309	0.13
1017	0.10
10127	0.09
204	0.07
9611	0.07
3224	0.06
58517	0.05
5888	0.04
55355	0.04
5036	0.01
4234	-0.00
2305	-0.02
5885	-0.02
5927	-0.06
10061	-0.08
1750	-0.10
8277	-0.11
51230	-0.11
6908	-0.12
864	-0.13
10765	-0.13
10153	-0.22
1654	-0.23
29781	-0.23
8607	-0.26
10463	-0.27
22807	-0.27
51514	-0.28
57492	-0.29
738	-0.30
159	-0.31
9918	-0.31
4172	-0.31
1974	-0.33
8538	-0.41
1387	-0.42
7543	-0.42
51602	-0.42
10721	-0.45
8208	-0.46
3298	-0.46
5080	-0.47
4998	-0.49
58508	-0.53
8242	-0.54
10771	-0.59
54799	-0.61
3670	-0.61
9774	-0.66
55173	-0.67
1112	-0.71
54623	-0.72
3720	-0.75
5725	-0.80
23633	-0.85
7005	-0.86
8284	-0.91
2115	-0.95
7536	-0.97
7403	-1.01
26009	-1.01
23135	-1.03
54815	-1.03
8243	-1.05
7546	-1.08
23649	-1.11
10198	-1.11
50484	-1.13
8554	-1.14
4171	-1.14
51360	-1.18
5469	-1.20
5717	-1.23
5981	-1.30
51099	-1.38
25836	-1.42
1407	-1.44
4999	-1.44
3757	-1.64
81570	-1.79
55703	-1.95
672	-2.24
