6908	4.69
3301	3.81
6206	3.41
3298	3.33
10209	3.21
10576	2.63
3015	2.55
7314	2.50
6428	2.48
1164	2.47
1974	2.39
55173	2.24
159	2.22
23204	2.15
7311	2.12
7756	2.11
3190	2.10
5094	2.03
5682	1.82
80853	1.61
6129	1.61
1915	1.61
5685	1.58
1387	1.55
5111	1.55
79142	1.52
905	1.48
23633	1.44
4800	1.40
3670	1.35
1407	1.35
51099	1.35
4999	1.34
10153	1.30
54815	1.29
6591	1.27
3757	1.27
57492	1.19
5093	1.18
51742	1.16
8554	1.14
9774	1.11
3312	1.09
10765	1.07
7403	1.04
3150	1.02
51121	0.99
5885	0.96
6647	0.93
4904	0.89
23028	0.85
1750	0.83
5052	0.83
25836	0.79
3320	0.76
5469	0.75
2197	0.73
51230	0.72
10383	0.70
3720	0.70
9584	0.63
50484	0.62
1655	0.62
5700	0.61
2115	0.58
5431	0.58
54799	0.55
6194	0.49
5717	0.46
5693	0.43
4736	0.43
5927	0.42
5725	0.39
6161	0.38
11338	0.34
5757	0.33
6427	0.30
7316	0.29
639	0.26
9168	0.25
55591	0.23
6224	0.23
3326	0.23
8607	0.22
3224	0.22
6136	0.17
26986	0.17
5036	0.16
26009	0.14
6232	0.13
115098	0.11
51602	0.09
55355	0.08
51513	0.07
10127	0.06
10463	0.05
58517	0.05
4869	0.04
10061	0.03
7536	0.01
23135	-0.02
10376	-0.05
5250	-0.05
8242	-0.08
5981	-0.09
7543	-0.09
5610	-0.17
6231	-0.17
3065	-0.20
6234	-0.20
60	-0.20
6175	-0.20
7546	-0.22
8277	-0.24
5452	-0.26
29781	-0.27
6176	-0.28
738	-0.32
51514	-0.32
3309	-0.33
5080	-0.35
6122	-0.35
672	-0.40
51154	-0.41
81570	-0.41
1112	-0.44
5888	-0.44
55703	-0.47
1654	-0.47
7167	-0.47
23521	-0.47
5441	-0.48
9918	-0.50
1072	-0.50
6651	-0.52
8284	-0.63
23451	-0.64
4176	-0.66
864	-0.66
7005	-0.69
4605	-0.71
10198	-0.72
5982	-0.72
6241	-0.79
1938	-0.79
972	-0.84
4998	-0.87
6284	-0.89
8538	-0.95
9611	-0.99
54623	-1.03
54443	-1.07
4234	-1.08
10721	-1.09
3615	-1.10
22807	-1.12
1017	-1.14
2305	-1.15
58508	-1.15
51360	-1.21
8208	-1.22
10771	-1.34
4171	-1.37
65980	-1.40
3181	-1.41
960	-1.44
7175	-1.44
2597	-1.50
23649	-1.57
50943	-1.60
2023	-1.75
4172	-1.83
204	-2.26
8243	-2.47
5315	-2.67
9563	-3.14
