51360	2.77
1112	2.47
23135	2.10
738	1.60
2023	1.58
8243	1.49
9918	1.45
8208	1.43
6175	1.41
4171	1.38
23633	1.36
1938	1.35
80853	1.23
57492	1.22
7175	1.11
6122	1.11
864	1.07
51154	1.05
5094	1.04
5927	1.01
8242	0.97
4736	0.95
7536	0.95
23521	0.94
23649	0.91
8284	0.91
6136	0.90
6232	0.90
3615	0.87
22807	0.87
23028	0.84
972	0.74
4172	0.73
2115	0.66
1387	0.64
7543	0.63
5982	0.63
204	0.63
6284	0.53
7005	0.53
6224	0.52
10463	0.46
6234	0.44
9611	0.41
26009	0.41
9168	0.36
3065	0.35
1915	0.34
5315	0.28
51230	0.25
1017	0.24
5888	0.19
50943	0.19
6194	0.18
7167	0.18
54443	0.17
60	0.14
65980	0.12
58508	0.12
672	0.10
10771	0.09
6176	0.09
6651	0.08
3190	0.06
51513	0.02
26986	0.02
51514	0.02
4998	-0.01
2305	-0.01
159	-0.03
4176	-0.08
4800	-0.10
6129	-0.11
4605	-0.12
51742	-0.13
10765	-0.14
2597	-0.15
960	-0.16
6206	-0.17
5093	-0.18
5250	-0.18
3224	-0.22
25836	-0.24
5610	-0.24
3309	-0.27
6241	-0.29
10721	-0.29
6591	-0.30
50484	-0.31
5981	-0.31
10209	-0.35
7316	-0.36
639	-0.38
5080	-0.43
10376	-0.43
5885	-0.44
6161	-0.44
11338	-0.45
8277	-0.45
4234	-0.45
54815	-0.46
7403	-0.47
55173	-0.48
3720	-0.48
55355	-0.49
10198	-0.51
7314	-0.51
1655	-0.53
5452	-0.56
54799	-0.56
8538	-0.57
5725	-0.60
5469	-0.63
10127	-0.67
5111	-0.68
1072	-0.69
10383	-0.70
3670	-0.73
3150	-0.73
5757	-0.78
55591	-0.79
5431	-0.79
5441	-0.81
1654	-0.84
3757	-0.85
23204	-0.87
5685	-0.88
1164	-0.89
905	-0.91
1750	-0.98
3181	-1.01
10061	-1.09
4999	-1.11
10153	-1.11
5682	-1.12
115098	-1.13
23451	-1.13
81570	-1.15
7546	-1.16
3298	-1.20
29781	-1.29
79142	-1.34
7311	-1.37
58517	-1.37
5693	-1.39
4904	-1.39
54623	-1.40
55703	-1.43
8554	-1.44
9774	-1.44
6427	-1.46
2197	-1.46
5052	-1.48
1974	-1.60
3015	-1.61
8607	-1.62
51121	-1.71
1407	-1.71
6231	-1.75
5700	-1.77
4869	-1.81
51602	-1.85
6908	-1.98
7756	-2.00
6647	-2.10
6428	-2.13
5036	-2.13
9584	-2.20
51099	-2.33
5717	-2.38
3326	-2.42
9519	-3.14
3312	-3.26
3320	-3.41
3301	-3.43
10576	-3.48
