23451	9.45
58517	7.39
1655	7.10
9774	6.78
1654	6.73
3181	6.33
6428	6.22
51742	6.12
6651	5.82
905	5.33
7756	5.13
51602	5.08
6427	4.74
11338	4.62
1974	4.09
7543	4.03
3190	3.92
7536	3.86
10153	3.77
7403	3.34
65980	3.24
3301	3.20
7175	3.07
25836	3.00
51230	2.79
1387	2.68
2197	2.58
10127	2.57
10771	2.53
5927	2.51
4800	2.48
5725	2.48
8242	2.46
26009	2.38
5757	2.32
3326	2.31
3309	2.28
10209	2.28
3320	2.26
5885	2.09
54623	2.03
7316	1.89
54799	1.88
9611	1.83
3150	1.80
8554	1.73
6122	1.70
6194	1.69
58508	1.64
3720	1.63
5682	1.60
1915	1.58
6224	1.56
1407	1.56
960	1.56
10576	1.54
3312	1.44
6129	1.44
8243	1.43
5700	1.42
7314	1.42
6176	1.38
23135	1.35
3298	1.35
6234	1.34
54815	1.32
4176	1.29
6908	1.27
7311	1.26
3015	1.26
9168	1.22
23521	1.21
10198	1.18
5981	1.17
5093	1.16
6232	1.10
10765	1.10
26986	1.07
1938	1.06
6161	1.06
4904	1.05
5094	1.03
4736	1.02
5441	1.01
57492	1.00
10383	0.99
23204	0.97
6647	0.96
3065	0.95
5717	0.92
6206	0.89
55591	0.88
5431	0.87
4999	0.84
2023	0.80
1164	0.71
80853	0.69
51121	0.69
4234	0.69
6136	0.67
9519	0.63
639	0.61
7005	0.49
55355	0.47
738	0.44
5610	0.42
972	0.41
8284	0.39
159	0.36
6175	0.36
4605	0.35
10463	0.33
51099	0.31
22807	0.27
1750	0.26
5036	0.24
6591	0.24
2597	0.20
672	0.20
115098	0.20
7546	0.19
5111	0.11
6231	0.11
4869	0.09
5469	0.01
81570	0.01
10376	-0.00
204	-0.02
8277	-0.04
5685	-0.05
60	-0.08
5250	-0.09
55703	-0.11
54443	-0.17
29781	-0.18
6284	-0.20
5452	-0.22
864	-0.24
3670	-0.27
79142	-0.35
4171	-0.36
5080	-0.37
1112	-0.37
3224	-0.37
4172	-0.39
6241	-0.40
55173	-0.41
51154	-0.43
3757	-0.47
1072	-0.48
10721	-0.55
23633	-0.59
2115	-0.61
50943	-0.63
51513	-0.64
1017	-0.64
7167	-0.69
3615	-0.76
8607	-0.78
5315	-0.79
8538	-0.81
2305	-0.86
23028	-0.88
51514	-1.06
5052	-1.07
10061	-1.18
5693	-1.22
4998	-1.23
50484	-1.25
5982	-1.26
8208	-1.28
9918	-1.72
51360	-1.96
5888	-2.10
9563	-2.20
23649	-2.59
