26986	3.12
5452	2.56
1938	2.38
5315	2.13
5682	2.08
864	2.07
6176	2.05
3326	2.02
1915	2.01
6122	1.93
4234	1.87
2023	1.80
6194	1.80
6224	1.78
5036	1.77
2597	1.75
6129	1.69
2197	1.62
6136	1.58
23521	1.57
9584	1.56
6206	1.52
1654	1.50
5725	1.45
6175	1.36
7311	1.30
3615	1.20
6234	1.18
4736	1.16
3720	1.16
639	1.13
6591	1.12
4904	1.10
3312	1.07
972	1.04
10209	1.04
4869	1.03
7756	1.01
10153	1.00
5717	0.98
9168	0.97
7536	0.93
26009	0.90
51154	0.88
3309	0.86
8607	0.85
57492	0.84
5757	0.83
9918	0.83
5094	0.81
51602	0.81
3181	0.80
9774	0.76
23451	0.76
6161	0.76
6232	0.74
738	0.66
54815	0.66
10765	0.65
1072	0.65
4800	0.64
23633	0.64
6231	0.63
1387	0.60
5441	0.58
159	0.56
81570	0.53
10771	0.51
5052	0.49
7403	0.48
23135	0.43
51360	0.43
7316	0.43
60	0.40
10376	0.39
54623	0.39
1112	0.38
23649	0.37
8242	0.36
115098	0.27
1655	0.27
6427	0.27
6647	0.26
6241	0.25
54799	0.24
3320	0.24
7546	0.20
5093	0.18
2115	0.16
51099	0.16
2305	0.15
51742	0.15
65980	0.13
10383	0.12
51230	0.11
50943	0.11
58517	0.11
25836	0.10
10463	0.10
5700	0.10
1164	0.09
1974	0.08
11338	0.07
54443	0.05
5250	0.04
7543	0.04
10576	0.02
6428	0.01
7167	-0.00
204	-0.01
55355	-0.02
8538	-0.02
1750	-0.03
4998	-0.05
3301	-0.06
8554	-0.06
8243	-0.07
5927	-0.09
6908	-0.09
4176	-0.10
3190	-0.10
5080	-0.14
5469	-0.16
9563	-0.16
5982	-0.16
3298	-0.18
3065	-0.19
5610	-0.22
51513	-0.25
23028	-0.25
51121	-0.26
51514	-0.27
6651	-0.34
5981	-0.35
7175	-0.36
10127	-0.37
10061	-0.37
23204	-0.41
22807	-0.42
7314	-0.43
3224	-0.43
29781	-0.45
58508	-0.46
5885	-0.46
6284	-0.49
4999	-0.51
4172	-0.54
4171	-0.55
905	-0.56
8284	-0.58
1407	-0.60
55173	-0.60
9611	-0.62
5693	-0.64
3015	-0.67
5111	-0.71
10198	-0.73
50484	-0.74
8277	-0.79
5431	-0.80
55703	-0.86
1017	-0.92
672	-0.93
3670	-0.94
55591	-0.96
4605	-0.98
3757	-1.03
7005	-1.06
8208	-1.09
79142	-1.19
80853	-1.21
5888	-1.28
10721	-1.33
9519	-1.44
5685	-1.49
3150	-1.55
