6651	9.73
58508	9.21
5927	6.82
1387	5.73
7175	5.24
25836	5.21
51742	4.74
5469	4.24
8243	3.43
58517	3.41
8554	3.38
57492	3.34
1112	3.16
51230	3.13
23633	2.76
5610	2.59
9774	2.40
10771	2.38
10198	2.33
79142	2.24
23451	2.17
23135	2.04
5981	2.02
5717	2.00
54623	1.91
65980	1.87
80853	1.86
9584	1.83
7314	1.78
10765	1.76
60	1.73
5885	1.70
3320	1.54
3720	1.50
7756	1.49
54799	1.42
1654	1.41
7403	1.32
7543	1.32
7536	1.19
3181	1.19
5093	1.17
54815	1.17
3150	1.13
55591	1.11
5452	1.10
8242	1.07
672	1.07
51602	1.06
639	1.02
4999	1.02
9918	1.00
3190	0.99
1655	0.91
26986	0.89
2597	0.88
5757	0.86
5094	0.68
5315	0.56
81570	0.56
8284	0.54
4800	0.53
5080	0.50
5685	0.50
55703	0.50
115098	0.48
3301	0.46
2023	0.44
55173	0.42
5431	0.42
9563	0.41
23028	0.39
3224	0.36
3065	0.34
204	0.31
972	0.31
51360	0.31
5725	0.29
11338	0.28
51099	0.28
3309	0.28
1072	0.22
7167	0.18
5036	0.18
738	0.16
10721	0.15
905	0.13
7546	0.09
9168	0.07
23521	0.07
2305	0.05
4172	0.04
10209	0.03
10153	0.02
50484	0.02
22807	-0.02
6194	-0.04
864	-0.06
2115	-0.08
26009	-0.09
7316	-0.10
8538	-0.12
50943	-0.22
3615	-0.24
6908	-0.25
6129	-0.27
1407	-0.28
6231	-0.29
3312	-0.30
4904	-0.30
4176	-0.32
6232	-0.34
7005	-0.35
10061	-0.38
3670	-0.39
10383	-0.40
3015	-0.43
23204	-0.44
5700	-0.47
1750	-0.47
3326	-0.50
6224	-0.51
5441	-0.56
4736	-0.59
6136	-0.59
1938	-0.60
7311	-0.61
6176	-0.62
51121	-0.62
960	-0.62
6428	-0.63
51154	-0.63
10376	-0.64
8277	-0.64
55355	-0.70
4998	-0.71
6234	-0.72
8208	-0.72
6591	-0.74
5111	-0.78
6427	-0.80
5250	-0.81
10463	-0.81
5982	-0.86
159	-0.91
4869	-0.92
6122	-0.92
51513	-0.93
2197	-0.96
9519	-0.99
6284	-1.00
54443	-1.12
5888	-1.13
6206	-1.13
1974	-1.17
6647	-1.17
3757	-1.21
6161	-1.23
10576	-1.26
6175	-1.34
4171	-1.35
1164	-1.38
4605	-1.39
5693	-1.45
29781	-1.46
6241	-1.46
10127	-1.47
23649	-1.60
8607	-1.68
1017	-1.69
4234	-1.72
1915	-1.72
51514	-1.75
5682	-2.25
5052	-2.50
3298	-2.62
