5452	2.89
864	2.69
51513	1.98
57492	1.84
60	1.68
5757	1.56
1112	1.55
9168	1.45
3326	1.42
2023	1.37
5315	1.31
6908	1.19
6651	1.14
7314	1.13
4904	1.11
5725	1.08
960	1.04
7536	1.04
26986	1.03
7316	1.00
22807	0.89
5981	0.88
10376	0.86
1072	0.85
3312	0.79
6224	0.77
3301	0.77
5717	0.76
9563	0.74
2597	0.73
3615	0.73
8243	0.73
7311	0.71
1387	0.71
5036	0.68
639	0.66
6176	0.65
5052	0.63
204	0.61
4172	0.60
6232	0.58
3309	0.58
1938	0.57
50943	0.56
738	0.53
6122	0.51
6136	0.49
5093	0.48
3720	0.47
10153	0.47
23204	0.46
1655	0.46
3065	0.44
3190	0.43
5685	0.43
2197	0.42
9584	0.41
8554	0.40
10209	0.39
8607	0.37
4736	0.37
54815	0.35
9918	0.34
51742	0.34
6194	0.34
3320	0.33
5982	0.32
3181	0.32
9611	0.31
1915	0.30
11338	0.30
7756	0.29
1974	0.28
23521	0.27
6175	0.26
5094	0.25
23649	0.25
7167	0.24
6234	0.23
23451	0.23
23028	0.23
1164	0.22
6647	0.18
115098	0.16
7175	0.12
7403	0.10
4171	0.09
6427	0.09
10463	0.09
5469	0.09
3150	0.09
10383	0.08
6206	0.07
10198	0.06
25836	0.06
6428	0.05
54623	0.05
5682	0.02
51230	0.01
6231	0.01
6284	0.01
58508	-0.01
58517	-0.01
23135	-0.05
8284	-0.05
2115	-0.06
8538	-0.06
5250	-0.13
5111	-0.16
29781	-0.16
905	-0.17
51154	-0.18
8242	-0.18
1654	-0.18
1750	-0.18
51602	-0.20
5441	-0.21
80853	-0.24
50484	-0.25
81570	-0.25
8277	-0.26
1407	-0.27
4176	-0.28
55173	-0.29
6161	-0.30
6129	-0.30
26009	-0.31
5700	-0.32
4869	-0.33
5885	-0.33
3298	-0.37
54799	-0.37
54443	-0.37
51514	-0.39
159	-0.41
23633	-0.43
10127	-0.43
10576	-0.44
9774	-0.47
5431	-0.49
65980	-0.52
7546	-0.54
79142	-0.60
10061	-0.62
55591	-0.62
10765	-0.63
4800	-0.65
5610	-0.65
7005	-0.67
8208	-0.69
672	-0.69
7543	-0.69
3224	-0.76
6591	-0.77
3670	-0.77
5080	-0.81
5927	-0.84
9519	-0.84
3015	-0.85
51360	-0.85
51121	-0.87
1017	-0.92
55355	-0.93
4605	-0.99
4234	-1.00
3757	-1.03
10721	-1.06
2305	-1.06
4999	-1.23
10771	-1.26
5693	-1.30
4998	-1.32
6241	-1.33
5888	-1.41
51099	-1.98
55703	-2.25
