6428	7.69
23451	7.59
58517	7.20
1654	7.03
51602	6.91
9584	6.78
7175	6.47
3190	6.44
6651	6.31
7756	6.16
1655	5.97
6427	5.79
3181	5.16
905	4.54
51742	4.50
10153	4.43
11338	4.35
7543	4.34
5431	4.24
3320	4.23
25836	4.17
7536	4.12
5725	3.70
8243	3.49
3326	3.49
1387	3.37
5885	3.27
55703	3.09
54623	3.02
5981	2.94
5757	2.92
5927	2.88
3298	2.84
10771	2.82
8554	2.82
5700	2.81
3301	2.66
29781	2.62
26009	2.61
1072	2.52
9611	2.40
10576	2.37
7316	2.30
10463	2.29
57492	2.28
10376	2.24
2023	2.17
5469	2.11
5036	2.07
7403	2.03
5717	2.01
1915	2.00
4176	2.00
60	1.97
3309	1.97
3015	1.96
6231	1.96
5610	1.93
5685	1.85
4904	1.85
10383	1.84
3150	1.82
54799	1.77
23204	1.76
58508	1.75
4171	1.74
4172	1.72
159	1.67
4800	1.66
2197	1.65
2597	1.64
6908	1.64
5093	1.57
23028	1.55
10198	1.54
65980	1.52
26986	1.49
3312	1.44
51154	1.42
10127	1.38
6206	1.37
5111	1.30
4869	1.29
1938	1.29
4234	1.26
738	1.23
3065	1.20
6129	1.18
3720	1.16
7167	1.13
9519	1.11
54815	1.09
7314	1.05
23633	1.04
1974	1.04
51099	1.04
3615	0.95
6647	0.94
6161	0.94
4999	0.93
5682	0.92
8208	0.92
4736	0.89
5250	0.89
51230	0.85
5315	0.84
672	0.81
6122	0.79
5094	0.78
5982	0.77
50484	0.76
960	0.76
7311	0.73
10209	0.70
8242	0.70
1112	0.65
23649	0.65
55591	0.61
81570	0.55
4998	0.53
6194	0.52
3670	0.49
51121	0.41
5441	0.40
6136	0.39
1407	0.36
10765	0.33
639	0.33
1750	0.29
6176	0.22
23521	0.13
8538	0.10
10061	0.08
115098	0.06
55173	0.05
2115	0.04
6241	0.03
5693	0.03
7546	-0.01
8607	-0.04
54443	-0.07
50943	-0.07
3757	-0.11
22807	-0.12
3224	-0.12
4605	-0.16
204	-0.17
23135	-0.19
51514	-0.30
1017	-0.32
10721	-0.33
51513	-0.34
9918	-0.37
8277	-0.38
6591	-0.41
5052	-0.43
5080	-0.44
6224	-0.44
6232	-0.45
972	-0.47
51360	-0.47
6284	-0.51
6175	-0.51
6234	-0.55
864	-0.58
8284	-0.62
9168	-0.66
79142	-0.71
5452	-0.78
7005	-0.87
2305	-0.93
80853	-1.03
9563	-1.44
55355	-1.52
1164	-1.57
5888	-1.76
