2305	8.01
4176	5.63
5885	5.27
8243	5.16
54443	4.87
4172	4.82
55355	4.74
2597	4.56
10198	4.45
5927	4.27
1017	4.08
3065	4.05
4171	4.04
8607	4.01
23649	4.00
672	3.84
23028	3.73
5725	3.58
3615	3.37
5111	3.36
6241	3.10
23204	3.06
1164	3.05
7167	2.91
3181	2.88
10376	2.73
3015	2.72
26986	2.65
1938	2.61
5315	2.56
4998	2.56
5094	2.42
23633	2.37
2023	2.37
81570	2.34
54623	2.25
10383	2.18
5982	2.13
11338	2.05
4605	1.93
7175	1.86
4999	1.85
6175	1.84
5431	1.83
25836	1.73
6122	1.70
8242	1.69
57492	1.67
29781	1.49
9563	1.45
3326	1.44
10721	1.39
5888	1.39
10765	1.37
738	1.28
10061	1.27
23521	1.26
5093	1.26
5036	1.24
5250	1.23
5981	1.22
4800	1.19
60	1.15
3190	1.15
5469	1.07
9611	1.00
6194	0.97
6908	0.96
1072	0.96
204	0.94
4904	0.93
5757	0.92
5080	0.92
6224	0.89
4736	0.87
55703	0.86
960	0.83
1387	0.82
2115	0.80
8208	0.79
6206	0.79
6136	0.77
54799	0.77
5052	0.77
5682	0.77
1112	0.74
6176	0.65
3757	0.64
3298	0.62
51230	0.61
23451	0.58
6231	0.58
10127	0.57
7316	0.54
8284	0.49
3150	0.47
1750	0.46
7536	0.45
1915	0.44
3224	0.44
51514	0.40
3720	0.37
972	0.34
7314	0.32
5717	0.32
8538	0.31
3312	0.31
4869	0.30
7311	0.27
6234	0.25
6129	0.23
6232	0.22
65980	0.20
7546	0.18
5693	0.18
8554	0.14
26009	0.11
7005	0.04
10576	0.04
10771	0.04
159	0.03
5700	-0.01
864	-0.03
8277	-0.03
6651	-0.04
50484	-0.05
22807	-0.07
7543	-0.07
54815	-0.09
5610	-0.12
7403	-0.14
6647	-0.19
3320	-0.22
115098	-0.22
639	-0.24
7756	-0.24
3670	-0.27
9168	-0.31
79142	-0.32
1974	-0.33
9774	-0.37
6161	-0.37
3309	-0.38
51154	-0.39
5685	-0.44
6591	-0.44
55173	-0.45
50943	-0.50
9519	-0.50
1654	-0.54
10463	-0.56
51360	-0.60
5452	-0.61
6428	-0.61
6284	-0.61
58508	-0.70
10209	-0.70
1407	-0.72
5441	-0.78
80853	-0.80
51513	-0.85
51742	-0.94
4234	-0.97
6427	-1.03
51121	-1.12
23135	-1.15
1655	-1.22
51099	-1.28
2197	-1.30
10153	-1.55
3301	-1.65
9584	-1.72
55591	-1.77
51602	-2.22
58517	-2.38
905	-2.89
