20877	8.91
16551	7.99
11799	7.89
67849	7.50
19361	7.22
215387	6.97
68743	6.12
56150	6.11
14211	6.05
60530	5.92
27221	4.97
12544	4.93
66197	4.83
76044	4.46
19357	3.99
17216	3.79
66311	3.51
66634	3.29
22154	3.12
67177	3.08
22143	3.01
18971	2.85
14056	2.82
15331	2.54
66471	2.32
17688	2.23
110749	2.14
16898	1.94
18538	1.79
18969	1.46
11461	1.20
21915	1.12
19944	1.08
110816	1.02
14433	1.02
13806	0.93
20591	0.91
16870	0.86
67945	0.78
71147	0.76
66480	0.73
192170	0.67
13629	0.67
19941	0.67
20020	0.62
67942	0.62
27207	0.60
13681	0.56
114641	0.53
268449	0.53
22187	0.50
19933	0.50
108689	0.48
65961	0.43
20055	0.43
67281	0.36
26451	0.34
15387	0.33
19899	0.33
19951	0.30
20068	0.30
21379	0.27
22186	0.27
14109	0.25
20054	0.24
27176	0.23
22166	0.22
235036	0.21
21974	0.20
19173	0.19
13627	0.17
15161	0.16
12857	0.15
234388	0.14
20918	0.08
11479	0.08
18648	0.08
20174	0.06
19989	0.06
75617	0.05
228026	0.02
67204	0.02
22273	0.02
53421	0.02
56421	0.00
30926	-0.01
67089	-0.01
73830	-0.04
27398	-0.04
65019	-0.05
55989	-0.06
13669	-0.07
66942	-0.10
216987	-0.12
81500	-0.14
15519	-0.18
18148	-0.19
101592	-0.20
19942	-0.21
22289	-0.21
59029	-0.22
98956	-0.25
20091	-0.26
20021	-0.26
20655	-0.29
18813	-0.30
16468	-0.31
19179	-0.33
56321	-0.34
23996	-0.35
20682	-0.37
11950	-0.38
229949	-0.38
16341	-0.40
108679	-0.40
69692	-0.41
81489	-0.41
69527	-0.42
216850	-0.43
28071	-0.46
11949	-0.50
12181	-0.52
382985	-0.52
56436	-0.52
56403	-0.53
66242	-0.53
20104	-0.53
12567	-0.54
81898	-0.56
15510	-0.60
68991	-0.60
11566	-0.62
17877	-0.62
26440	-0.64
67212	-0.66
74255	-0.66
19166	-0.67
15481	-0.67
57320	-0.67
57743	-0.68
386649	-0.69
75398	-0.69
66235	-0.70
22631	-0.70
57296	-0.71
107508	-0.71
12469	-0.72
56505	-0.73
110095	-0.73
12461	-0.75
231329	-0.78
14679	-0.79
19175	-0.80
214899	-0.80
66537	-0.83
70465	-0.84
15278	-0.84
56351	-0.85
77591	-0.90
66229	-0.91
75605	-0.91
12465	-0.97
66164	-0.97
22335	-0.99
67027	-1.04
22218	-1.08
15528	-1.12
17714	-1.13
26445	-1.17
12301	-1.20
75624	-1.22
19014	-1.24
26443	-1.27
24015	-1.31
19167	-1.38
216156	-1.45
66409	-1.60
27397	-1.82
