77591	4.91
66942	4.48
107508	4.14
56321	3.90
13669	3.85
216987	3.56
12461	3.32
65961	3.23
75605	3.17
231329	2.99
17688	2.98
18813	2.89
110816	2.84
11566	2.81
98956	2.76
66409	2.75
108689	2.55
12469	2.51
20591	2.41
55989	2.41
74255	2.36
56505	2.34
386649	2.25
24015	2.22
69527	2.06
56403	2.05
18148	2.02
75624	1.93
56421	1.92
20174	1.82
13629	1.78
12465	1.71
21974	1.66
20020	1.64
15510	1.60
16468	1.58
81898	1.53
235036	1.48
69692	1.48
17714	1.47
12181	1.42
16341	1.41
19179	1.39
73830	1.38
53421	1.38
192170	1.37
18969	1.25
15387	1.20
215387	1.17
14679	1.11
67204	1.06
15161	0.97
20104	0.97
27221	0.96
22631	0.92
23996	0.92
11461	0.91
11479	0.88
81500	0.88
21379	0.85
71147	0.84
13806	0.80
108679	0.77
13681	0.74
57296	0.70
66471	0.70
66634	0.67
234388	0.67
14211	0.63
67027	0.59
56436	0.58
15519	0.56
13627	0.54
15481	0.54
229949	0.49
67212	0.45
19014	0.45
22187	0.43
17216	0.43
216850	0.42
66537	0.39
75398	0.36
15278	0.36
19944	0.31
19989	0.30
26445	0.29
22273	0.29
14056	0.29
66164	0.29
65019	0.26
19933	0.23
214899	0.23
59029	0.23
20055	0.22
216156	0.21
110749	0.20
26443	0.18
20091	0.14
60530	0.14
228026	0.13
66229	0.10
70465	0.09
19899	0.08
30926	0.03
26451	0.02
19951	0.02
16551	0.01
27397	0.01
67089	-0.00
27176	-0.06
67177	-0.06
19361	-0.08
11799	-0.09
19166	-0.11
18971	-0.11
28071	-0.14
18538	-0.14
68743	-0.14
14109	-0.14
19175	-0.19
100502766	-0.20
19942	-0.21
57743	-0.21
56351	-0.22
20068	-0.24
14433	-0.25
22289	-0.26
66311	-0.28
22166	-0.29
20655	-0.29
27398	-0.32
20682	-0.38
268449	-0.39
12567	-0.43
22218	-0.43
17877	-0.43
26440	-0.50
19357	-0.51
81489	-0.57
15528	-0.57
67281	-0.58
19941	-0.58
22335	-0.60
76044	-0.60
67849	-0.61
66235	-0.63
56150	-0.65
16898	-0.67
20021	-0.67
27207	-0.69
20054	-0.71
68991	-0.71
110095	-0.73
57320	-0.73
12544	-0.75
382985	-0.76
75617	-0.78
12301	-0.82
19167	-0.89
22186	-0.90
20877	-0.91
66480	-0.96
11949	-1.01
21915	-1.05
18648	-1.08
16870	-1.14
22154	-1.15
19173	-1.19
20918	-1.21
114641	-1.24
66197	-1.26
67942	-1.29
67945	-1.29
66242	-1.30
11950	-1.44
12857	-1.57
22143	-1.92
15331	-2.27
