13669	11.72
67204	9.19
15510	7.59
55989	7.15
12469	7.06
24015	6.68
66409	6.57
66942	6.21
12461	5.90
19179	5.70
12465	5.42
18148	5.30
18813	5.28
56403	5.05
231329	4.84
216987	4.64
15519	4.58
67089	4.48
13629	4.41
53421	4.38
13681	4.32
81898	4.20
77591	4.15
101592	4.14
56505	4.04
23996	3.99
57320	3.88
386649	3.60
56321	3.42
98956	3.38
15387	3.30
16341	3.26
65961	3.26
59029	3.21
22335	3.15
20174	3.03
235036	3.00
19175	3.00
56436	2.86
110816	2.83
75624	2.80
21974	2.79
15481	2.73
108679	2.71
57296	2.67
15528	2.64
192170	2.62
28071	2.59
19167	2.59
26445	2.56
74255	2.54
30926	2.50
27397	2.43
12181	2.43
17216	2.36
66471	2.35
81500	2.32
19173	2.27
21379	2.20
17688	2.13
20591	2.10
216156	2.09
27398	2.08
66229	2.05
15161	2.05
19989	1.99
13627	1.98
67027	1.97
20091	1.91
14211	1.90
75605	1.88
22273	1.86
66537	1.84
12301	1.83
66634	1.82
56351	1.81
14679	1.81
20918	1.77
26440	1.77
65019	1.73
14433	1.71
19944	1.67
66235	1.65
16468	1.61
16898	1.55
19933	1.53
70465	1.53
19166	1.46
19899	1.46
66480	1.43
20020	1.43
27176	1.40
20104	1.39
26443	1.38
214899	1.34
15278	1.33
11949	1.32
14056	1.26
22187	1.20
56421	1.16
11950	1.15
22154	1.13
268449	1.11
22631	1.10
12567	1.10
234388	1.10
20068	1.09
11566	1.05
13806	1.05
216850	1.03
19951	1.02
66164	0.99
69527	0.97
67177	0.97
73830	0.94
19942	0.93
16551	0.92
26451	0.89
20655	0.86
75617	0.84
19941	0.83
17714	0.79
18971	0.79
18648	0.79
114641	0.77
18538	0.76
67942	0.71
27207	0.68
17877	0.65
20021	0.57
27221	0.56
66242	0.53
110749	0.51
75398	0.49
19014	0.49
228026	0.48
19357	0.43
76044	0.42
67281	0.42
22186	0.40
110095	0.39
67212	0.38
20054	0.37
60530	0.31
57743	0.29
22143	0.26
68743	0.25
215387	0.25
12544	0.20
20682	0.17
67945	0.16
11461	0.10
20055	0.08
18969	0.07
229949	0.03
108689	-0.01
12857	-0.05
22166	-0.12
68991	-0.23
14109	-0.26
22218	-0.26
21915	-0.32
22289	-0.34
69692	-0.34
15331	-0.35
11479	-0.43
66311	-0.46
19361	-0.55
382985	-0.66
100502766	-0.71
16870	-0.79
71147	-0.84
20877	-0.95
11799	-1.36
67849	-1.37
66197	-1.61
56150	-1.89
81489	-2.12
