18969	4.38
27221	3.03
66634	2.81
101592	2.55
56321	2.55
192170	2.50
69527	2.43
11461	2.20
18538	2.15
69692	2.04
56505	2.02
77591	1.99
215387	1.99
12544	1.88
98956	1.85
110749	1.82
22154	1.78
74255	1.65
12567	1.64
13627	1.58
81500	1.56
20174	1.52
16341	1.49
17688	1.49
66942	1.48
15387	1.46
22631	1.45
231329	1.39
56421	1.34
66471	1.33
110816	1.33
12465	1.31
19989	1.29
21915	1.26
68743	1.25
18148	1.25
18971	1.24
17216	1.23
67027	1.20
20877	1.12
56403	1.10
56150	1.10
15331	1.09
73830	1.08
14211	1.07
67849	1.02
76044	1.00
108679	0.96
16551	0.96
12461	0.94
21974	0.93
60530	0.90
19357	0.87
59029	0.87
65961	0.85
19361	0.84
27176	0.81
22187	0.80
19014	0.80
81489	0.80
11949	0.78
15481	0.78
71147	0.78
14056	0.77
75605	0.75
216987	0.72
229949	0.70
30926	0.70
66480	0.67
268449	0.65
67177	0.62
22335	0.62
70465	0.58
20104	0.55
382985	0.51
26440	0.50
81898	0.48
100502766	0.48
18813	0.48
68991	0.47
13681	0.47
13806	0.45
20020	0.44
214899	0.43
19951	0.38
386649	0.37
55989	0.35
11566	0.33
66242	0.29
12181	0.28
20091	0.27
22143	0.27
27207	0.24
23996	0.19
66537	0.17
26445	0.16
13629	0.16
66409	0.16
11479	0.15
114641	0.14
75617	0.11
66311	0.11
228026	0.09
14109	0.09
110095	0.09
11799	0.08
22218	0.07
16870	0.06
234388	0.04
26451	0.03
20682	0.00
65019	-0.01
107508	-0.01
66164	-0.04
18648	-0.05
19942	-0.05
13669	-0.06
20054	-0.08
66229	-0.09
19899	-0.14
67089	-0.14
12469	-0.15
19944	-0.16
22186	-0.19
20068	-0.19
20591	-0.19
67281	-0.20
67945	-0.22
26443	-0.23
53421	-0.25
19179	-0.29
67942	-0.29
22289	-0.29
20055	-0.34
20021	-0.38
24015	-0.38
216156	-0.38
19933	-0.41
15519	-0.45
66197	-0.50
19941	-0.52
27397	-0.53
57296	-0.54
14679	-0.56
19166	-0.57
67212	-0.61
75398	-0.64
16898	-0.66
57743	-0.68
216850	-0.69
19175	-0.71
57320	-0.71
20918	-0.71
15161	-0.74
20655	-0.75
16468	-0.76
15510	-0.78
19167	-0.78
14433	-0.82
19173	-0.82
22273	-0.82
28071	-0.84
17877	-0.85
27398	-0.85
235036	-0.91
11950	-0.92
12857	-1.00
17714	-1.02
67204	-1.04
56351	-1.05
75624	-1.05
66235	-1.13
56436	-1.15
12301	-1.30
22166	-1.42
15528	-1.46
21379	-1.47
15278	-1.64
