20021	6.92
74255	5.64
386649	5.00
19179	4.87
20918	4.84
23996	4.77
192170	4.47
22335	4.42
66942	4.24
12469	4.22
66409	3.97
22187	3.96
56505	3.91
110816	3.90
66164	3.71
67027	3.67
70465	3.58
22218	3.47
12465	3.35
26445	3.28
22631	3.27
15387	3.27
56436	3.19
216156	3.10
75624	3.01
19166	2.98
12461	2.89
66229	2.79
107508	2.71
22143	2.69
57296	2.67
81898	2.63
67212	2.63
20174	2.56
57320	2.47
15481	2.47
19175	2.44
59029	2.42
15278	2.36
12181	2.29
231329	2.28
26443	2.24
57743	2.23
19173	2.20
98956	2.20
21379	2.17
13681	2.13
15510	2.12
234388	2.08
22273	1.95
81489	1.92
26440	1.88
66235	1.86
67089	1.79
19167	1.78
66537	1.74
27398	1.70
69527	1.70
216987	1.70
27397	1.70
30926	1.63
13806	1.58
73830	1.54
67942	1.53
15331	1.53
235036	1.48
65961	1.46
68991	1.46
11461	1.40
14679	1.37
12301	1.36
19014	1.35
11566	1.33
15519	1.32
11950	1.26
18648	1.25
22154	1.24
12567	1.20
14433	1.19
77591	1.12
56351	1.08
15161	1.06
18538	1.03
55989	1.00
66242	0.99
108689	0.96
17877	0.92
66480	0.90
16341	0.90
11949	0.87
18813	0.87
12544	0.84
28071	0.82
101592	0.77
75398	0.68
67849	0.60
17216	0.59
12857	0.59
19989	0.58
53421	0.51
18969	0.49
67204	0.45
20020	0.45
20104	0.43
15528	0.42
11479	0.41
67281	0.39
16898	0.38
215387	0.37
20091	0.36
214899	0.30
114641	0.30
81500	0.28
24015	0.24
11799	0.22
56421	0.11
27176	0.11
27207	0.10
16468	0.10
229949	0.10
22166	0.09
19361	0.07
382985	0.06
13669	0.04
21915	0.04
20877	-0.06
66634	-0.07
68743	-0.10
19941	-0.16
268449	-0.17
13629	-0.17
56321	-0.18
17714	-0.20
66471	-0.21
18148	-0.22
60530	-0.24
19944	-0.27
216850	-0.27
56150	-0.31
19942	-0.32
20591	-0.34
16870	-0.38
100502766	-0.40
20054	-0.43
19899	-0.44
20068	-0.46
75617	-0.46
67177	-0.49
19933	-0.50
69692	-0.50
13627	-0.52
75605	-0.57
20682	-0.61
26451	-0.61
56403	-0.62
19951	-0.65
14109	-0.66
22186	-0.69
27221	-0.69
66197	-0.71
19357	-0.73
22289	-0.75
20655	-0.76
67945	-0.78
66311	-0.79
20055	-0.82
110749	-0.98
228026	-0.98
18971	-1.03
16551	-1.06
76044	-1.10
65019	-1.14
17688	-1.18
14211	-1.27
21974	-1.34
14056	-1.44
110095	-1.44
71147	-1.57
