228026	4.34
18648	4.16
13806	3.66
14433	2.23
75605	1.73
66197	1.52
56421	1.49
14679	1.39
22166	1.31
20655	1.27
12544	1.19
231329	1.15
15510	1.12
71147	1.08
81500	0.99
216987	0.94
26440	0.78
13627	0.75
66634	0.70
11949	0.69
16551	0.67
19357	0.67
20174	0.63
76044	0.60
12469	0.60
65961	0.55
14211	0.54
13669	0.49
17688	0.46
70465	0.45
22154	0.44
214899	0.43
20591	0.43
68991	0.40
107508	0.39
11950	0.39
15519	0.36
12465	0.33
56150	0.30
22273	0.27
69527	0.26
74255	0.24
22143	0.24
59029	0.22
11461	0.22
66242	0.19
27221	0.17
57320	0.16
65019	0.16
77591	0.16
382985	0.15
12461	0.14
66471	0.14
18971	0.12
18148	0.12
13629	0.10
81898	0.10
68743	0.09
108689	0.09
55989	0.07
26443	0.06
20877	0.06
216850	0.05
22289	0.04
16898	0.02
16468	0.02
15387	0.01
24015	0.00
11479	-0.00
14109	-0.01
15331	-0.01
13681	-0.03
11799	-0.04
98956	-0.04
15528	-0.05
66229	-0.05
15278	-0.07
56505	-0.08
20104	-0.08
75624	-0.08
28071	-0.08
21974	-0.08
67204	-0.10
216156	-0.10
67089	-0.11
22186	-0.12
20091	-0.12
26451	-0.13
235036	-0.13
19941	-0.14
16870	-0.15
66311	-0.16
19167	-0.18
67942	-0.18
268449	-0.19
12301	-0.19
19933	-0.19
22335	-0.21
66409	-0.23
19989	-0.24
69692	-0.24
19166	-0.25
15161	-0.25
229949	-0.25
81489	-0.27
27398	-0.27
53421	-0.29
215387	-0.30
12857	-0.31
75398	-0.31
60530	-0.32
110816	-0.32
75617	-0.32
19173	-0.36
56403	-0.38
19951	-0.38
27176	-0.38
57296	-0.42
110749	-0.42
67177	-0.42
20054	-0.43
15481	-0.43
67027	-0.44
11566	-0.45
192170	-0.46
67281	-0.46
19179	-0.46
18813	-0.48
21379	-0.48
20055	-0.48
19944	-0.48
19361	-0.49
20020	-0.50
19942	-0.50
20682	-0.52
114641	-0.53
66537	-0.54
67849	-0.55
56351	-0.56
30926	-0.57
19899	-0.57
26445	-0.58
56436	-0.60
14056	-0.61
66480	-0.62
18538	-0.66
27397	-0.66
20068	-0.66
17216	-0.67
56321	-0.67
66942	-0.69
67945	-0.71
21915	-0.71
101592	-0.73
100502766	-0.73
16341	-0.75
67212	-0.75
386649	-0.84
234388	-0.85
27207	-0.85
22631	-0.89
19175	-0.97
17877	-1.00
73830	-1.05
66164	-1.05
20918	-1.06
19014	-1.08
18969	-1.17
12181	-1.18
57743	-1.19
23996	-1.23
66235	-1.24
17714	-1.24
22218	-1.41
108679	-1.44
22187	-1.46
12567	-1.90
20021	-2.12
