67177	9.38
17216	9.32
27221	7.73
67849	7.66
12544	7.41
18538	7.24
19361	6.87
60530	6.60
18969	5.98
215387	5.63
76044	5.63
20877	5.46
18971	4.85
11799	4.31
14056	4.24
12567	4.00
66634	3.87
56150	3.76
17688	3.75
66311	3.64
14211	3.14
22154	2.87
16551	2.54
18813	2.44
69692	2.34
192170	2.31
15331	2.25
100502766	2.14
21915	1.96
108689	1.82
22143	1.58
66409	1.48
55989	1.47
13681	1.46
57296	1.33
11566	1.22
18148	1.20
68743	1.09
27398	1.07
66235	1.06
66197	1.05
23996	1.03
13627	1.01
56403	1.01
19944	0.95
235036	0.94
15387	0.94
53421	0.89
56321	0.89
231329	0.86
69527	0.86
67027	0.85
19179	0.79
13629	0.77
21379	0.74
20104	0.73
56436	0.69
19357	0.67
66164	0.67
12461	0.66
66471	0.62
27176	0.58
17714	0.58
19933	0.56
81898	0.54
16870	0.54
20020	0.51
107508	0.51
228026	0.51
13806	0.50
22218	0.48
12181	0.48
22273	0.47
19175	0.47
20055	0.46
16341	0.45
16898	0.45
19951	0.45
56505	0.44
57743	0.41
14433	0.38
22335	0.38
22631	0.38
81500	0.37
13669	0.34
12469	0.34
21974	0.33
216156	0.33
19014	0.32
20091	0.31
70465	0.31
214899	0.31
65019	0.28
11949	0.28
74255	0.26
27207	0.23
65961	0.20
101592	0.20
28071	0.20
67945	0.19
114641	0.19
66942	0.15
19899	0.15
229949	0.14
19989	0.13
20174	0.13
17877	0.12
20054	0.11
59029	0.10
26445	0.10
22186	0.09
11461	0.07
57320	0.06
26443	0.06
22187	0.04
30926	0.04
15161	0.02
14109	0.01
56421	0.00
234388	-0.01
24015	-0.02
66480	-0.02
20068	-0.04
19941	-0.05
73830	-0.06
22166	-0.06
19942	-0.07
20655	-0.08
67212	-0.13
12465	-0.14
77591	-0.17
26440	-0.18
110816	-0.18
68991	-0.22
14679	-0.22
75617	-0.23
66537	-0.24
15510	-0.24
98956	-0.28
67204	-0.29
268449	-0.33
26451	-0.33
216987	-0.35
110095	-0.42
75624	-0.43
67281	-0.43
11950	-0.44
67089	-0.48
19173	-0.50
67942	-0.52
20918	-0.53
19166	-0.55
15519	-0.56
66229	-0.56
81489	-0.56
27397	-0.56
18648	-0.57
19167	-0.60
20682	-0.62
75398	-0.63
15278	-0.64
22289	-0.70
71147	-0.73
15481	-0.85
386649	-0.87
12857	-0.87
66242	-0.89
382985	-0.97
20021	-0.97
108679	-0.98
11479	-1.00
56351	-1.21
216850	-1.31
12301	-1.33
75605	-1.59
16468	-1.60
15528	-1.81
20591	-2.23
