98956	7.93
235036	7.84
70465	7.23
12181	6.85
66164	6.83
66942	6.44
216987	5.75
56505	5.59
216156	5.17
55989	5.08
24015	4.85
21379	4.75
66409	4.37
77591	4.06
56321	4.02
108679	3.90
18813	3.76
66229	3.66
13681	3.51
75624	3.31
12469	3.06
12461	3.04
28071	2.90
101592	2.84
107508	2.83
20174	2.81
15510	2.80
12465	2.74
192170	2.46
15161	2.44
17216	2.09
231329	2.05
11566	2.05
74255	2.00
18971	1.99
17688	1.97
15481	1.89
13669	1.88
23996	1.79
56403	1.65
13629	1.57
56436	1.52
386649	1.51
15528	1.51
22143	1.50
19173	1.39
20054	1.37
15278	1.36
108689	1.33
15519	1.32
20591	1.32
66235	1.25
22154	1.23
27398	1.18
12567	1.16
19179	1.13
65961	1.12
20021	1.06
66634	1.03
67281	1.03
59029	1.03
100502766	1.02
56351	1.02
53421	1.01
27397	0.93
19899	0.90
11461	0.90
18148	0.89
20020	0.88
21915	0.88
11479	0.85
27221	0.84
20104	0.83
19942	0.79
67177	0.72
81489	0.66
15387	0.65
17714	0.64
66471	0.62
19014	0.62
75617	0.60
73830	0.56
20068	0.54
68743	0.50
12301	0.48
66480	0.47
26451	0.46
16898	0.46
16341	0.42
57320	0.39
60530	0.37
66311	0.35
69527	0.32
56421	0.30
67204	0.30
14109	0.29
67212	0.26
20055	0.25
20091	0.25
67945	0.23
19951	0.22
75605	0.20
268449	0.17
114641	0.16
17877	0.15
69692	0.14
14679	0.12
19175	0.12
20682	0.11
18969	0.11
22186	0.10
30926	0.06
67849	0.05
19941	0.05
27207	0.04
228026	0.03
234388	0.03
27176	0.01
16551	-0.00
214899	-0.01
67027	-0.02
19944	-0.08
19933	-0.09
12544	-0.10
65019	-0.12
229949	-0.13
18648	-0.16
19989	-0.18
110749	-0.18
13627	-0.21
22631	-0.21
215387	-0.25
67942	-0.27
20918	-0.27
81500	-0.29
110095	-0.32
66537	-0.33
71147	-0.36
19361	-0.36
19166	-0.40
57743	-0.40
13806	-0.43
18538	-0.44
382985	-0.45
20877	-0.45
22335	-0.46
67089	-0.47
26443	-0.49
76044	-0.52
22273	-0.57
22289	-0.57
81898	-0.58
16870	-0.60
26440	-0.61
14211	-0.64
66242	-0.66
16468	-0.70
12857	-0.76
19167	-0.81
22166	-0.84
11799	-0.91
75398	-0.91
26445	-0.92
20655	-0.99
14433	-1.03
57296	-1.05
22187	-1.17
21974	-1.23
56150	-1.31
216850	-1.36
15331	-1.50
68991	-1.69
14056	-1.71
19357	-1.83
66197	-1.89
22218	-2.44
11949	-2.90
11950	-3.11
