67281	23.21
20068	21.61
75617	21.57
27207	20.08
268449	19.48
26451	19.29
20054	17.75
65019	17.57
19951	17.49
67945	17.31
19933	17.05
19941	16.97
66480	16.79
19944	16.37
20055	15.99
19942	15.95
20091	15.95
22186	15.47
14109	15.06
19989	14.16
19899	13.90
27176	11.20
13627	10.99
73830	9.98
67942	9.00
16341	8.49
20104	7.97
16898	7.31
13629	7.28
30926	7.08
12857	6.81
18148	6.78
15528	6.68
22143	5.35
66242	5.12
12465	5.00
12461	4.94
22166	4.65
14433	4.62
67204	4.47
19166	4.15
66537	4.03
13681	3.76
20918	3.73
19167	3.68
12567	3.61
57320	3.59
20655	3.44
26443	3.42
22154	3.36
11949	3.36
69692	2.76
22218	2.70
19175	2.69
18813	2.65
66164	2.51
15481	2.51
26445	2.50
66942	2.32
55989	2.27
56351	2.23
11461	2.23
15519	2.11
66235	2.02
13669	1.97
27397	1.95
22187	1.90
66311	1.89
75398	1.85
12469	1.81
57296	1.80
11950	1.80
22631	1.68
67212	1.66
19173	1.61
192170	1.53
66229	1.50
68991	1.50
66197	1.45
15331	1.31
12301	1.31
26440	1.29
15387	1.28
18538	1.19
66409	1.18
22335	1.14
28071	1.08
15278	0.98
65961	0.90
24015	0.88
11566	0.87
22289	0.78
107508	0.77
18648	0.67
81898	0.65
67089	0.64
57743	0.63
81489	0.61
19179	0.53
100502766	0.53
81500	0.53
21974	0.48
19357	0.44
228026	0.42
235036	0.38
59029	0.37
21915	0.30
108679	0.30
11479	0.29
14056	0.27
53421	0.23
75605	0.23
20682	0.21
15510	0.21
110749	0.19
231329	0.19
17877	0.18
110816	0.16
108689	0.14
18971	0.14
11799	0.05
77591	0.04
56403	0.04
16468	0.00
15161	-0.05
17714	-0.05
17688	-0.06
70465	-0.07
67177	-0.08
20020	-0.10
14211	-0.12
386649	-0.12
214899	-0.16
20174	-0.16
56150	-0.17
14679	-0.17
69527	-0.24
27398	-0.25
16870	-0.25
17216	-0.28
20021	-0.29
16551	-0.30
234388	-0.30
13806	-0.33
12181	-0.36
98956	-0.40
56505	-0.41
23996	-0.42
74255	-0.42
229949	-0.46
76044	-0.48
215387	-0.50
67027	-0.51
216156	-0.52
110095	-0.53
20591	-0.57
68743	-0.60
216850	-0.63
75624	-0.64
21379	-0.65
19014	-0.70
60530	-0.74
66634	-0.78
216987	-0.83
67849	-0.88
20877	-0.89
56321	-0.94
66471	-1.02
19361	-1.04
27221	-1.22
101592	-1.24
56421	-1.39
382985	-1.41
12544	-1.46
18969	-1.62
56436	-1.68
71147	-1.70
22273	-1.98
