22631	9.84
22154	7.68
13681	5.75
15387	5.29
26445	5.29
192170	4.76
22143	4.67
13806	4.25
23996	4.17
14433	3.95
22187	3.86
56351	3.86
66537	3.53
19944	3.51
234388	3.49
19166	3.49
22166	3.48
13627	3.45
68991	3.43
27207	3.27
53421	3.27
15481	3.25
81898	3.24
14109	3.19
15331	3.11
66480	3.07
19175	3.06
26443	3.03
59029	2.98
14679	2.97
12465	2.91
27176	2.90
57296	2.88
73830	2.85
19173	2.80
12181	2.76
12461	2.75
19167	2.68
67945	2.67
22186	2.62
15519	2.60
56403	2.60
75617	2.59
26440	2.57
20591	2.57
19899	2.54
19942	2.50
18648	2.43
22273	2.35
19989	2.34
67281	2.31
22335	2.28
18813	2.28
19179	2.25
16898	2.23
114641	2.23
20655	2.23
56436	2.21
108689	2.20
20055	2.19
57320	2.18
12469	2.16
12567	2.09
15161	2.05
20174	1.92
13629	1.92
67942	1.88
11950	1.86
20054	1.79
19933	1.78
268449	1.78
56505	1.77
26451	1.74
386649	1.73
20091	1.68
66229	1.68
18538	1.67
74255	1.67
11949	1.67
18148	1.66
66471	1.63
16468	1.61
12857	1.57
20068	1.55
18971	1.55
55989	1.55
14211	1.54
19951	1.48
17216	1.47
108679	1.40
21915	1.39
19941	1.32
16341	1.27
27397	1.24
100502766	1.20
27221	1.18
20020	1.16
216156	1.15
13669	1.14
81489	1.09
65019	1.08
66235	1.06
22218	1.04
24015	0.96
56421	0.95
11566	0.94
101592	0.91
110816	0.90
66942	0.89
20918	0.87
216850	0.87
16870	0.77
12301	0.73
67204	0.63
14056	0.62
70465	0.61
15510	0.57
65961	0.57
215387	0.54
75605	0.53
235036	0.50
68743	0.49
20682	0.49
216987	0.43
20104	0.41
98956	0.41
30926	0.41
66164	0.40
21974	0.38
16551	0.34
67212	0.27
60530	0.27
66242	0.26
20877	0.26
110095	0.22
67089	0.20
56321	0.18
18969	0.17
21379	0.15
77591	0.13
11799	0.13
107508	0.10
229949	0.07
110749	0.07
66197	0.06
19357	0.04
69692	-0.02
20021	-0.05
19014	-0.06
231329	-0.07
11479	-0.10
75624	-0.16
56150	-0.20
66311	-0.21
15528	-0.22
71147	-0.31
17877	-0.35
28071	-0.35
66409	-0.37
76044	-0.48
67849	-0.50
67177	-0.59
382985	-0.61
22289	-0.63
12544	-0.64
75398	-0.67
19361	-0.90
66634	-0.96
17688	-0.99
214899	-0.99
67027	-1.17
27398	-1.26
81500	-1.34
69527	-1.38
17714	-1.86
57743	-2.14
228026	-2.82
15278	-2.89
