75605	2.80
216850	2.73
16468	2.12
228026	1.69
75624	1.43
67942	1.22
71147	1.18
22166	1.15
14433	1.09
15161	1.00
81898	0.98
22631	0.90
101592	0.88
110816	0.85
20020	0.84
66480	0.82
56421	0.80
57743	0.80
382985	0.66
20591	0.61
18648	0.61
11949	0.59
27398	0.58
19357	0.50
22154	0.49
14109	0.48
19173	0.47
17714	0.43
20055	0.43
19166	0.42
108679	0.41
65019	0.41
67027	0.40
20021	0.38
22187	0.34
20174	0.34
21974	0.34
19942	0.30
114641	0.29
20054	0.28
20068	0.28
26451	0.27
13629	0.26
19899	0.24
68991	0.24
21379	0.22
22335	0.22
73830	0.21
16341	0.21
67281	0.21
27176	0.19
108689	0.15
12461	0.15
11950	0.13
26440	0.12
12857	0.12
67177	0.11
100502766	0.08
66235	0.06
386649	0.04
75617	0.04
110095	-0.00
22273	-0.01
268449	-0.01
66537	-0.03
19951	-0.04
20091	-0.04
66164	-0.10
11461	-0.10
19933	-0.12
22186	-0.13
22218	-0.14
26443	-0.16
22289	-0.16
16898	-0.17
13681	-0.18
19989	-0.24
18969	-0.25
75398	-0.25
67089	-0.27
57320	-0.30
16870	-0.32
19944	-0.33
28071	-0.34
66634	-0.35
13627	-0.36
15278	-0.38
19175	-0.42
215387	-0.43
67204	-0.43
107508	-0.43
214899	-0.48
17688	-0.49
77591	-0.49
74255	-0.49
19167	-0.50
66311	-0.50
59029	-0.52
19941	-0.52
55989	-0.52
19014	-0.52
67212	-0.53
27207	-0.53
27221	-0.53
56150	-0.55
17216	-0.57
20682	-0.58
14679	-0.58
17877	-0.58
13806	-0.59
57296	-0.59
20877	-0.59
67945	-0.60
12181	-0.62
22143	-0.63
229949	-0.63
23996	-0.63
69692	-0.65
15331	-0.65
66197	-0.65
231329	-0.68
18538	-0.68
11566	-0.68
26445	-0.69
19179	-0.69
70465	-0.70
60530	-0.70
216987	-0.71
65961	-0.72
18813	-0.76
15387	-0.77
13669	-0.79
98956	-0.82
56351	-0.84
56403	-0.84
66942	-0.84
69527	-0.86
56505	-0.86
18148	-0.87
67849	-0.87
19361	-0.87
20655	-0.88
56436	-0.91
234388	-0.92
21915	-0.95
27397	-0.99
12469	-0.99
81489	-0.99
216156	-0.99
235036	-0.99
110749	-1.00
11799	-1.00
15528	-1.02
56321	-1.03
16551	-1.05
15519	-1.13
20918	-1.14
20104	-1.17
66471	-1.19
24015	-1.19
81500	-1.22
15510	-1.23
14211	-1.26
66242	-1.30
12544	-1.37
192170	-1.37
66409	-1.46
76044	-1.46
14056	-1.47
68743	-1.48
12567	-1.52
12301	-1.63
15481	-1.68
53421	-1.71
18971	-1.93
12465	-2.07
66229	-2.21
30926	-2.43
