22631	5.04
12469	4.86
14679	4.62
55989	4.44
12461	4.41
22218	4.39
16341	4.24
66235	4.19
15387	4.18
24015	4.13
66409	4.02
18148	3.71
74255	3.63
28071	3.50
15519	3.47
56351	3.24
59029	3.22
12465	3.08
18538	2.91
30926	2.91
12301	2.82
101592	2.81
18813	2.80
65961	2.75
13681	2.70
15510	2.69
67089	2.65
17688	2.50
70465	2.48
20655	2.44
56505	2.43
22166	2.43
13627	2.39
56403	2.33
18648	2.31
56421	2.24
77591	2.24
66164	2.23
67204	2.20
56150	2.20
15278	2.20
19167	2.15
22335	2.14
110816	2.05
75624	1.95
13669	1.94
235036	1.88
68991	1.87
66942	1.86
20104	1.86
56321	1.65
21974	1.64
66480	1.64
231329	1.62
81898	1.56
20174	1.55
57296	1.45
15528	1.43
216156	1.43
14056	1.36
108679	1.33
19361	1.30
67177	1.30
26443	1.28
66197	1.27
21915	1.25
12181	1.25
19179	1.24
73830	1.23
19989	1.22
110749	1.22
19357	1.22
12567	1.20
20091	1.18
22273	1.17
15481	1.17
19166	1.17
216987	1.16
11950	1.14
26451	1.13
69527	1.12
13629	1.12
26440	1.10
98956	1.07
81489	1.07
107508	1.05
65019	1.03
68743	1.02
11799	0.97
11461	0.94
22289	0.92
229949	0.92
192170	0.91
13806	0.90
114641	0.87
75605	0.86
27221	0.84
67849	0.83
16551	0.76
14211	0.74
60530	0.73
76044	0.68
215387	0.64
17714	0.64
386649	0.63
75398	0.63
11949	0.62
57743	0.57
21379	0.56
69692	0.54
22154	0.52
20021	0.50
23996	0.48
71147	0.48
56436	0.46
27397	0.46
16898	0.44
14109	0.44
108689	0.33
27207	0.33
14433	0.32
19944	0.32
66311	0.32
17216	0.30
20055	0.28
66634	0.25
234388	0.25
19933	0.21
19951	0.19
268449	0.18
75617	0.18
18971	0.17
22143	0.17
20068	0.13
27176	0.13
19173	0.13
66229	0.13
66537	0.13
228026	0.09
19899	0.04
19014	0.03
17877	0.03
16468	0.02
19941	0.01
20054	-0.04
67281	-0.07
22187	-0.12
20020	-0.14
66471	-0.15
19942	-0.20
67027	-0.21
16870	-0.28
20682	-0.28
15331	-0.34
18969	-0.34
110095	-0.45
27398	-0.47
20877	-0.52
20591	-0.54
12544	-0.55
12857	-0.57
214899	-0.57
100502766	-0.62
67945	-0.63
216850	-0.63
53421	-0.64
22186	-0.67
11479	-0.68
66242	-0.69
26445	-0.73
57320	-0.74
19175	-0.76
67942	-0.80
382985	-1.02
15161	-1.04
20918	-1.22
81500	-1.47
67212	-1.52
