16551	13.91
20877	13.75
67849	12.39
66197	9.30
19361	9.19
215387	8.79
56150	8.68
100502766	7.89
14211	7.21
60530	6.62
66311	6.47
12544	5.89
68743	5.27
76044	4.74
110749	4.31
14056	4.31
27221	3.86
15331	3.44
22143	3.14
22154	3.02
67177	2.42
19357	2.18
17216	2.07
18538	1.99
21915	1.83
22166	1.52
66471	1.12
22218	1.02
65961	1.00
11566	0.97
66537	0.94
12567	0.93
18969	0.92
66634	0.89
18148	0.89
19014	0.88
22187	0.73
69692	0.72
20055	0.72
81489	0.71
16870	0.69
18813	0.65
19175	0.63
27207	0.55
67212	0.54
65019	0.54
56351	0.51
19933	0.47
19179	0.46
19944	0.46
20104	0.46
22631	0.42
20655	0.41
20020	0.41
26445	0.41
57743	0.38
11950	0.37
67945	0.36
15528	0.36
234388	0.35
229949	0.34
18971	0.27
19951	0.27
14109	0.25
26451	0.24
26443	0.22
20091	0.22
108679	0.22
192170	0.20
22335	0.19
19942	0.17
15519	0.17
71147	0.15
11461	0.13
66229	0.12
67942	0.10
12469	0.09
70465	0.08
108689	0.08
20918	0.06
75398	0.06
21379	0.05
114641	0.05
57296	0.05
66242	0.04
27176	0.03
15510	0.02
19941	0.01
14433	0.01
20054	-0.00
55989	-0.03
110095	-0.04
12465	-0.04
268449	-0.08
67204	-0.08
101592	-0.09
73830	-0.10
57320	-0.10
18648	-0.10
27397	-0.10
228026	-0.12
13681	-0.13
23996	-0.14
53421	-0.16
15161	-0.16
17877	-0.16
216156	-0.17
75624	-0.17
20021	-0.17
12301	-0.17
13627	-0.18
17688	-0.18
59029	-0.19
20174	-0.20
20682	-0.23
20068	-0.24
67281	-0.25
13806	-0.25
12461	-0.26
16898	-0.26
11949	-0.26
28071	-0.27
19166	-0.27
15387	-0.27
66235	-0.28
26440	-0.28
66164	-0.28
81898	-0.29
216850	-0.29
19989	-0.29
15481	-0.34
74255	-0.34
75617	-0.35
56505	-0.35
22273	-0.37
66480	-0.38
69527	-0.40
30926	-0.41
56436	-0.41
81500	-0.41
20591	-0.41
13669	-0.43
68991	-0.44
56403	-0.44
27398	-0.44
22186	-0.45
14679	-0.47
19899	-0.47
19167	-0.52
12857	-0.53
66409	-0.53
56421	-0.54
16341	-0.55
67089	-0.55
386649	-0.59
16468	-0.62
56321	-0.63
19173	-0.65
382985	-0.69
21974	-0.72
214899	-0.73
17714	-0.74
66942	-0.77
98956	-0.77
13629	-0.77
235036	-0.79
231329	-0.86
15278	-0.90
216987	-0.90
110816	-0.91
67027	-0.95
24015	-0.98
11479	-1.00
22289	-1.05
77591	-1.08
75605	-1.14
107508	-1.36
12181	-1.39
