11950	21.35
12857	12.01
22273	11.16
67942	8.98
22335	7.93
16341	7.37
26440	7.14
19167	7.13
26443	6.85
19166	6.37
66480	6.35
30926	6.19
66242	6.12
19989	5.97
26445	5.83
12465	5.57
20091	5.56
13627	5.50
27176	5.38
57320	5.35
67089	5.34
14433	5.26
73830	5.17
22218	5.17
22186	5.16
15528	5.02
19942	4.97
19175	4.95
57296	4.91
66537	4.89
15481	4.81
12461	4.79
69527	4.77
75398	4.72
20655	4.71
19951	4.66
27207	4.60
268449	4.55
18648	4.47
13629	4.47
75617	4.47
18148	4.45
20068	4.44
59029	4.32
65019	4.02
12469	3.93
26451	3.79
15510	3.78
19173	3.73
19899	3.48
66235	3.44
15387	3.43
13681	3.38
19944	3.37
114641	3.36
22166	3.32
20055	3.31
14109	3.27
68991	3.26
67027	3.26
27398	3.20
67212	3.19
19941	3.18
19179	3.09
20021	2.98
19933	2.98
74255	2.89
67204	2.88
12567	2.85
22154	2.81
13806	2.75
66409	2.73
20054	2.62
81898	2.62
18813	2.54
23996	2.53
22187	2.53
20918	2.51
16898	2.38
27397	2.35
192170	2.35
22631	2.34
67281	2.28
12301	2.23
69692	2.22
15331	2.18
18538	2.17
67945	2.09
231329	2.09
19357	1.99
228026	1.86
11461	1.67
15278	1.48
66164	1.47
21379	1.47
20104	1.44
19014	1.36
22143	1.36
107508	1.32
75624	1.22
13669	1.14
71147	1.05
56150	1.01
57743	0.95
17714	0.92
56421	0.90
66229	0.88
108679	0.87
66197	0.85
108689	0.78
56351	0.77
15519	0.71
12544	0.71
110095	0.69
56436	0.66
11566	0.62
56403	0.61
11479	0.59
15161	0.59
24015	0.54
20174	0.53
386649	0.50
216156	0.47
20877	0.35
56505	0.35
66311	0.34
21974	0.34
14056	0.33
21915	0.32
110749	0.28
214899	0.23
18969	0.22
215387	0.20
229949	0.11
65961	0.08
53421	0.07
16468	0.06
17877	0.00
14211	-0.06
66634	-0.07
16551	-0.08
55989	-0.12
14679	-0.12
216987	-0.15
70465	-0.19
68743	-0.20
98956	-0.22
234388	-0.25
11799	-0.26
17216	-0.30
67849	-0.33
28071	-0.34
81500	-0.38
16870	-0.39
20020	-0.43
17688	-0.43
22289	-0.44
20682	-0.44
60530	-0.46
20591	-0.47
100502766	-0.50
66471	-0.51
18971	-0.54
382985	-0.54
216850	-0.55
76044	-0.64
81489	-0.67
67177	-0.74
19361	-0.83
56321	-0.96
77591	-0.99
66942	-1.01
101592	-1.01
75605	-1.01
27221	-1.14
12181	-1.65
235036	-2.16
110816	-2.90
