11949	21.35
22273	10.99
12857	10.40
19167	9.11
26440	8.95
22335	8.42
67089	7.47
19166	7.26
26443	7.21
26445	6.20
22218	6.02
30926	5.98
59029	5.92
67942	5.83
15528	5.42
19173	5.40
75398	5.26
15510	5.24
66537	5.02
12301	5.00
12469	4.98
57320	4.90
66235	4.82
66242	4.82
14433	4.65
19175	4.64
22166	4.63
16341	4.60
18648	4.59
57296	4.51
15387	4.49
12465	4.47
67212	4.05
66480	4.05
69527	3.97
68991	3.95
15481	3.91
20091	3.84
12461	3.76
19179	3.71
19989	3.68
67204	3.53
27398	3.46
23996	3.40
20655	3.23
22186	3.21
27397	2.99
18148	2.92
27176	2.88
13627	2.76
19942	2.61
22631	2.60
20021	2.52
20068	2.52
73830	2.46
18538	2.39
65019	2.37
268449	2.35
74255	2.34
15278	2.34
13806	2.27
21379	2.26
231329	2.24
13681	2.22
75624	2.14
56351	2.12
24015	2.11
66409	2.04
20918	2.02
234388	1.96
15519	1.92
56436	1.89
11461	1.86
15331	1.81
19951	1.80
75617	1.80
114641	1.80
26451	1.79
19944	1.77
19357	1.77
22187	1.74
19899	1.71
81898	1.70
13629	1.66
56403	1.66
19933	1.65
27207	1.64
14679	1.61
70465	1.60
66229	1.53
13669	1.49
14109	1.46
17714	1.42
192170	1.41
12567	1.40
71147	1.40
19941	1.35
18813	1.28
108679	1.26
16898	1.26
20055	1.25
22154	1.22
66197	1.22
15161	1.20
65961	1.17
67945	1.15
107508	1.15
11566	1.14
22143	1.10
228026	0.96
19014	0.90
20054	0.86
216156	0.84
386649	0.84
56150	0.81
66311	0.81
69692	0.73
67281	0.67
66164	0.64
57743	0.62
14211	0.62
16468	0.55
21974	0.54
66471	0.48
67027	0.42
20104	0.42
28071	0.41
110095	0.39
20591	0.38
16870	0.37
55989	0.37
11799	0.37
21915	0.26
56421	0.23
229949	0.20
214899	0.20
16551	0.14
11479	0.13
12544	0.09
60530	0.07
17877	0.03
56505	0.01
20174	0.01
14056	-0.09
19361	-0.21
53421	-0.30
20020	-0.35
216987	-0.35
66634	-0.37
100502766	-0.38
382985	-0.43
110749	-0.44
77591	-0.45
76044	-0.46
68743	-0.47
216850	-0.48
20877	-0.50
215387	-0.53
18969	-0.57
22289	-0.66
17216	-0.68
12181	-0.69
67177	-0.70
20682	-0.71
108689	-0.92
27221	-1.01
18971	-1.03
67849	-1.04
81489	-1.16
17688	-1.37
101592	-1.44
81500	-1.54
56321	-1.56
98956	-1.59
75605	-1.61
66942	-1.83
235036	-2.47
110816	-3.11
