216156	8.21
110816	6.85
24015	6.58
235036	6.58
70465	6.30
56505	6.16
56436	5.87
20174	5.61
192170	5.35
18813	5.22
21379	5.17
12465	4.95
234388	4.92
98956	4.88
23996	4.84
66942	4.80
66229	4.66
19173	4.61
216987	4.60
12469	4.48
56403	4.45
13681	4.19
55989	4.11
59029	3.88
56321	3.52
12461	3.48
66164	3.39
66409	3.35
12301	3.30
53421	3.27
75624	3.22
77591	3.13
18971	2.83
11461	2.76
15481	2.66
18648	2.56
66235	2.53
15519	2.52
17216	2.49
22143	2.44
107508	2.43
15510	2.42
231329	2.37
21915	2.35
108679	2.29
13806	2.26
22273	2.25
12567	2.17
30926	2.15
386649	2.15
19179	2.03
15161	1.91
13629	1.75
27397	1.72
74255	1.64
13669	1.52
57296	1.48
101592	1.42
22154	1.37
15278	1.31
20021	1.26
57320	1.26
11566	1.25
27398	1.24
22631	1.21
12544	1.18
20591	1.12
26443	1.09
28071	1.08
19899	1.07
26445	1.06
14679	1.01
19014	0.98
19167	0.95
56351	0.93
15387	0.90
19944	0.88
68991	0.82
16341	0.78
16898	0.78
19175	0.76
81489	0.75
56421	0.73
18538	0.70
67945	0.70
26440	0.69
66311	0.68
17688	0.67
57743	0.64
20054	0.58
15528	0.55
67089	0.49
14433	0.49
110749	0.48
18969	0.41
81898	0.40
27221	0.39
67204	0.37
66480	0.36
65961	0.35
20104	0.30
14211	0.28
108689	0.28
20020	0.28
66471	0.27
73830	0.27
19942	0.26
19166	0.18
66537	0.17
20682	0.17
18148	0.12
67281	0.07
22186	0.07
67177	0.04
27176	0.04
17877	0.04
229949	0.03
17714	0.03
67212	0.02
20877	-0.07
60530	-0.08
16468	-0.09
75398	-0.15
66634	-0.18
16551	-0.18
14109	-0.22
16870	-0.27
75605	-0.30
22335	-0.30
21974	-0.32
67849	-0.32
114641	-0.36
20055	-0.37
19361	-0.37
27207	-0.48
100502766	-0.52
22187	-0.55
20068	-0.55
68743	-0.56
69692	-0.57
81500	-0.59
26451	-0.60
19933	-0.61
11479	-0.62
75617	-0.62
13627	-0.69
11950	-0.69
19941	-0.70
214899	-0.72
69527	-0.72
19989	-0.73
216850	-0.82
67942	-0.83
14056	-0.84
66197	-0.87
382985	-0.89
76044	-0.90
215387	-0.92
19951	-1.00
268449	-1.04
22289	-1.05
22166	-1.10
110095	-1.18
67027	-1.18
228026	-1.19
56150	-1.23
20091	-1.29
19357	-1.36
20918	-1.38
11799	-1.39
22218	-1.43
71147	-1.50
66242	-1.53
65019	-1.60
12857	-1.62
11949	-1.65
20655	-1.82
15331	-1.99
