15519	11.67
15481	10.81
12469	10.32
15510	9.97
56351	9.73
15528	9.67
67089	7.80
19167	7.58
59029	7.51
22218	7.18
12465	7.02
24015	6.40
12461	6.20
66235	5.67
67204	5.54
55989	5.47
26440	5.14
66409	5.07
11950	5.00
56505	4.95
30926	4.90
81489	4.89
26443	4.87
19166	4.78
18148	4.77
56403	4.32
18813	4.26
28071	3.84
216156	3.83
70465	3.70
13669	3.70
16341	3.67
56436	3.64
22335	3.62
65961	3.62
216987	3.60
75398	3.58
19179	3.39
386649	3.36
75624	3.35
66537	3.32
12181	3.30
234388	3.29
18648	3.29
66229	3.26
19173	3.20
66480	3.19
23996	3.19
22166	3.15
19175	3.14
20174	3.14
22143	3.09
22631	3.09
15387	3.03
11566	2.82
26445	2.79
57743	2.76
22154	2.62
77591	2.58
13681	2.44
20104	2.39
14211	2.39
66164	2.37
18538	2.31
20091	2.28
11949	2.23
19933	2.22
56321	2.20
19989	1.98
14433	1.83
107508	1.83
65019	1.82
66471	1.80
66942	1.68
231329	1.66
21915	1.65
17688	1.60
19944	1.57
57320	1.57
268449	1.57
19941	1.54
74255	1.50
235036	1.49
22273	1.48
19942	1.45
26451	1.41
16898	1.40
108679	1.36
68991	1.35
14679	1.34
67212	1.34
114641	1.31
13806	1.29
75617	1.25
20021	1.23
27176	1.20
12567	1.19
15278	1.17
20655	1.15
73830	1.15
18971	1.14
27207	1.14
57296	1.09
19899	1.08
20068	1.07
27397	1.05
22187	1.04
66634	0.95
56421	0.91
98956	0.90
19357	0.89
66197	0.82
192170	0.81
69527	0.80
15331	0.79
56150	0.76
69692	0.74
11461	0.73
15161	0.69
20054	0.68
16870	0.65
13627	0.63
21974	0.57
19951	0.56
67281	0.54
17216	0.54
17714	0.54
12857	0.54
22186	0.51
110816	0.48
81898	0.42
21379	0.39
66311	0.38
67945	0.26
20055	0.16
19361	0.15
66242	0.14
17877	0.14
16551	0.10
18969	0.08
60530	-0.03
16468	-0.04
20918	-0.05
27398	-0.06
67177	-0.10
228026	-0.13
14109	-0.17
11799	-0.17
229949	-0.19
110095	-0.19
68743	-0.25
12544	-0.25
382985	-0.41
19014	-0.43
20682	-0.53
20591	-0.55
13629	-0.68
76044	-0.70
101592	-0.82
75605	-0.87
67942	-0.89
216850	-0.98
20020	-1.01
67027	-1.04
71147	-1.04
14056	-1.11
20877	-1.19
100502766	-1.20
108689	-1.30
27221	-1.33
110749	-1.33
53421	-1.35
215387	-1.44
22289	-1.55
11479	-1.63
214899	-1.64
67849	-1.84
81500	-1.94
