12465	15.44
12461	14.03
15510	11.74
15387	10.76
15519	10.63
12301	10.32
66409	10.20
67089	9.89
18813	9.79
59029	9.76
15481	9.67
74255	9.11
18148	8.67
19179	8.48
13681	8.33
56505	8.22
19167	8.07
19166	8.04
55989	8.02
24015	7.99
26440	7.51
23996	7.25
26443	7.09
107508	7.06
16341	6.97
22335	6.87
67204	6.56
56351	6.51
15528	6.37
13669	6.35
70465	6.25
30926	5.98
386649	5.78
66235	5.77
192170	5.63
65961	5.58
231329	5.58
66942	5.53
216987	5.53
22631	5.52
11950	4.98
66537	4.98
19173	4.87
11566	4.86
18648	4.85
56403	4.82
75624	4.82
20091	4.78
20174	4.68
22154	4.55
66229	4.53
26445	4.50
216156	4.50
12181	4.48
66480	4.46
19989	4.42
22218	4.40
66164	4.32
22143	4.28
19175	4.24
108679	4.22
77591	4.06
56436	4.03
56321	3.98
11949	3.93
57296	3.89
13627	3.82
81898	3.78
18538	3.77
17688	3.73
14679	3.71
65019	3.59
12567	3.51
13806	3.47
22273	3.44
73830	3.40
22166	3.21
13629	3.20
110816	3.06
57320	3.01
98956	2.94
19942	2.93
235036	2.90
26451	2.66
19933	2.54
27176	2.53
101592	2.51
268449	2.42
57743	2.40
19899	2.37
66471	2.37
20104	2.36
28071	2.34
27207	2.31
11461	2.16
14433	2.12
75617	2.08
20021	2.05
16898	1.99
20068	1.96
27397	1.96
81489	1.91
19944	1.86
22187	1.84
19941	1.82
21974	1.81
114641	1.81
20055	1.81
68991	1.75
21379	1.73
19951	1.72
234388	1.60
67281	1.57
69527	1.56
15161	1.55
14211	1.54
56421	1.47
17216	1.45
19357	1.28
20655	1.27
53421	1.26
20054	1.14
75398	1.14
27398	1.12
20918	1.12
67177	1.03
14109	1.01
18971	0.98
60530	0.96
16468	0.87
67942	0.84
12857	0.84
15331	0.80
19014	0.80
21915	0.80
66197	0.79
229949	0.77
17714	0.71
66634	0.71
22186	0.69
19361	0.65
20591	0.63
110095	0.60
20020	0.58
67945	0.41
12544	0.39
110749	0.34
17877	0.33
69692	0.31
75605	0.31
16870	0.22
56150	0.17
18969	0.14
14056	0.10
11799	0.09
68743	0.09
16551	-0.03
66242	-0.10
108689	-0.15
228026	-0.21
67212	-0.26
215387	-0.34
20682	-0.34
15278	-0.37
214899	-0.48
71147	-0.48
66311	-0.54
81500	-0.56
100502766	-0.72
67027	-0.76
76044	-0.90
11479	-0.99
67849	-1.12
382985	-1.26
27221	-1.27
20877	-1.30
216850	-1.38
22289	-1.58
