12465	17.88
12469	14.03
18813	12.32
16341	11.36
18148	10.89
13629	10.62
13627	10.27
19989	9.48
13681	8.98
15481	8.84
66480	8.84
20091	8.72
27176	8.65
65019	8.05
19942	8.04
59029	7.65
15510	7.58
66409	7.54
15519	7.51
73830	7.44
13669	7.12
19899	7.07
26451	7.05
26443	6.90
19166	6.86
67089	6.86
19951	6.85
19179	6.85
268449	6.70
27207	6.62
20068	6.57
192170	6.47
22154	6.41
67204	6.34
15528	6.29
56505	6.27
15387	6.22
12301	6.20
19167	6.15
24015	6.09
30926	6.00
19944	5.95
107508	5.90
26440	5.84
75617	5.82
23996	5.66
66942	5.65
55989	5.61
19933	5.53
20054	5.46
20055	5.40
20104	5.37
12567	5.34
19941	5.24
20174	5.24
74255	5.01
57296	4.95
22335	4.95
114641	4.94
56351	4.80
11949	4.79
14109	4.79
67942	4.73
66235	4.73
22186	4.67
67281	4.66
231329	4.63
75624	4.58
26445	4.46
11566	4.41
16898	4.00
216987	3.99
67945	3.98
22631	3.96
19173	3.93
386649	3.89
56403	3.89
65961	3.87
19175	3.81
11950	3.76
70465	3.70
66164	3.61
18648	3.58
18538	3.54
12181	3.48
66229	3.40
56321	3.35
75398	3.33
101592	3.32
66537	3.10
110816	3.04
22166	3.00
22143	2.99
14433	2.98
20655	2.90
108679	2.89
77591	2.87
216156	2.86
17688	2.82
81898	2.79
11461	2.75
12857	2.73
22187	2.66
13806	2.60
22218	2.53
69527	2.47
98956	2.38
15161	2.36
19357	2.33
56436	2.27
57320	2.21
27397	2.18
69692	2.13
53421	2.06
21974	1.98
235036	1.96
20021	1.94
14679	1.92
68991	1.91
21379	1.87
28071	1.69
20020	1.54
66471	1.41
22273	1.39
17216	1.37
20918	1.34
57743	1.30
75605	1.20
14056	1.17
81489	1.01
108689	0.94
66634	0.92
66197	0.87
17714	0.84
234388	0.81
56421	0.78
14211	0.77
215387	0.76
16468	0.76
12544	0.73
67027	0.71
110749	0.66
19014	0.60
81500	0.56
229949	0.54
66242	0.48
66311	0.48
17877	0.47
67177	0.47
21915	0.36
27398	0.36
20591	0.34
216850	0.31
15331	0.27
16551	0.22
11479	0.15
68743	0.15
110095	0.14
20682	0.10
18971	-0.04
228026	-0.11
16870	-0.11
60530	-0.16
67212	-0.22
11799	-0.26
15278	-0.28
27221	-0.30
19361	-0.44
56150	-0.44
20877	-0.45
18969	-0.53
67849	-0.62
71147	-0.70
100502766	-0.75
214899	-0.87
22289	-1.13
76044	-1.23
382985	-1.41
