12461	17.88
12469	15.44
15481	11.30
18813	10.69
16341	10.62
18148	9.93
19989	9.52
20091	9.19
13681	9.17
13627	9.13
73830	8.69
56505	8.54
30926	8.42
15519	8.39
66480	8.32
19179	8.31
26443	8.14
13629	8.12
74255	8.03
23996	7.65
59029	7.59
66409	7.50
15510	7.45
27176	7.43
20174	7.33
19175	7.18
192170	7.03
12301	7.02
19899	6.97
19951	6.96
67089	6.76
66229	6.71
19942	6.61
19166	6.57
15387	6.56
22154	6.40
20068	6.38
268449	6.31
27207	6.24
26451	6.18
19167	6.15
65019	6.10
15528	5.99
22335	5.99
19941	5.97
75617	5.92
55989	5.87
26440	5.86
66942	5.85
12567	5.79
20054	5.75
67204	5.74
11949	5.57
19933	5.49
13669	5.47
24015	5.44
107508	5.42
19173	5.38
20055	5.28
386649	5.20
26445	5.12
19944	5.11
57296	5.10
114641	5.00
12181	4.95
14109	4.86
22186	4.79
66164	4.76
67281	4.76
22143	4.70
66235	4.64
216156	4.53
66537	4.49
70465	4.48
11950	4.47
231329	4.24
67945	4.14
56351	4.10
65961	4.10
57320	4.08
20104	4.00
22187	4.00
22218	3.97
22631	3.94
216987	3.87
12857	3.72
56403	3.71
18648	3.56
67942	3.51
22273	3.46
13806	3.46
81898	3.42
20021	3.36
108679	3.35
56321	3.31
75624	3.30
16898	3.29
18538	3.14
77591	3.11
11566	3.08
27397	3.06
56436	2.97
11461	2.91
81489	2.87
17688	2.83
98956	2.82
110816	2.74
20655	2.39
235036	2.31
53421	2.29
66242	2.08
69527	2.07
69692	2.03
28071	1.96
14433	1.93
68991	1.84
21379	1.81
75398	1.77
22166	1.72
101592	1.71
234388	1.71
66471	1.64
17714	1.58
14679	1.57
56421	1.51
18971	1.39
20918	1.35
108689	1.31
21915	1.27
229949	1.20
19357	1.19
21974	1.15
17216	1.13
75605	1.02
14211	0.99
57743	0.99
14056	0.98
19014	0.98
81500	0.79
15161	0.68
12544	0.59
17877	0.55
27398	0.55
67027	0.52
16468	0.46
20591	0.38
110095	0.33
68743	0.25
20020	0.07
60530	0.03
214899	-0.03
11799	-0.04
67212	-0.06
15331	-0.07
110749	-0.14
66197	-0.16
16551	-0.20
66634	-0.21
20682	-0.24
16870	-0.31
19361	-0.46
216850	-0.47
215387	-0.48
18969	-0.50
67177	-0.50
56150	-0.62
66311	-0.67
27221	-0.72
228026	-0.85
67849	-0.88
100502766	-0.97
20877	-1.03
76044	-1.29
382985	-1.47
22289	-1.49
71147	-1.75
15278	-1.94
11479	-2.07
