19361	12.08
27221	10.29
60530	9.89
17216	9.35
18538	8.55
76044	8.49
56150	8.26
67849	7.85
66634	7.68
110749	7.41
215387	7.11
20877	6.75
14211	6.41
18971	6.12
16551	6.12
14056	5.93
11799	5.89
18969	5.78
67177	5.33
17688	4.97
100502766	4.93
68743	4.62
66311	4.55
66197	3.98
19357	3.13
21915	2.98
66471	2.64
15331	2.64
18813	2.34
22154	2.29
192170	2.29
22143	2.23
20174	1.93
108689	1.88
59029	1.83
26440	1.79
56505	1.69
70465	1.65
231329	1.37
75624	1.35
55989	1.34
12567	1.31
26445	1.30
110095	1.19
23996	1.19
216987	1.19
12181	1.18
74255	1.14
20020	1.10
66409	1.03
13681	0.98
14433	0.96
66942	0.93
20021	0.92
18648	0.87
108679	0.84
67027	0.82
69527	0.82
16870	0.82
53421	0.81
15510	0.79
57296	0.78
21379	0.76
12461	0.73
11949	0.71
12465	0.59
56421	0.54
71147	0.54
57743	0.49
75398	0.48
15161	0.46
18148	0.46
22218	0.39
12469	0.39
22166	0.38
69692	0.34
13669	0.34
81489	0.30
98956	0.25
56321	0.24
15278	0.24
13806	0.21
15519	0.20
107508	0.20
56403	0.18
56436	0.18
67089	0.15
15481	0.14
19166	0.12
26443	0.10
67204	0.10
19173	0.09
11950	0.09
382985	0.03
67942	0.03
235036	0.02
66164	0.02
81500	0.00
19014	-0.02
229949	-0.06
22187	-0.09
19179	-0.10
110816	-0.10
66229	-0.14
19175	-0.15
27398	-0.22
216156	-0.23
22335	-0.23
12301	-0.25
15387	-0.26
216850	-0.27
20591	-0.28
20918	-0.29
65961	-0.34
228026	-0.35
19167	-0.36
57320	-0.43
66242	-0.43
68991	-0.43
234388	-0.46
20682	-0.47
17877	-0.48
22289	-0.48
16341	-0.51
14679	-0.54
11566	-0.55
66537	-0.55
21974	-0.56
20655	-0.56
27176	-0.57
24015	-0.60
19942	-0.61
11461	-0.64
22273	-0.66
73830	-0.67
56351	-0.68
268449	-0.71
67212	-0.71
81898	-0.72
20104	-0.73
101592	-0.75
27207	-0.78
19951	-0.78
214899	-0.78
17714	-0.79
15528	-0.83
20068	-0.83
386649	-0.85
19944	-0.90
65019	-0.90
67945	-0.91
20091	-0.91
16898	-0.95
77591	-0.96
22631	-0.97
30926	-1.01
19899	-1.03
22186	-1.04
20054	-1.07
20055	-1.09
19989	-1.11
66480	-1.15
13629	-1.15
27397	-1.15
28071	-1.16
16468	-1.17
19933	-1.26
75617	-1.30
66235	-1.30
11479	-1.37
13627	-1.41
67281	-1.43
19941	-1.44
114641	-1.46
14109	-1.47
12857	-1.57
26451	-1.68
75605	-2.00
