13681	7.09
18813	7.05
22154	6.45
20174	6.06
66480	5.79
12465	5.79
13627	5.76
192170	5.72
18148	5.65
15387	5.44
12461	5.34
73830	5.00
26445	4.96
67942	4.95
19899	4.90
27176	4.85
19989	4.82
17216	4.71
20091	4.68
15331	4.57
56505	4.54
18538	4.49
66229	4.21
27207	4.20
22143	4.16
13629	4.07
110749	4.00
216156	3.98
19942	3.97
26451	3.96
20055	3.95
27397	3.95
19944	3.92
21915	3.84
66409	3.83
20068	3.79
20054	3.77
66942	3.76
55989	3.74
23996	3.73
66164	3.71
16341	3.66
114641	3.61
70465	3.60
12469	3.51
19951	3.46
30926	3.46
67945	3.40
20104	3.37
268449	3.32
14056	3.22
56403	3.15
16898	3.14
19166	3.04
75617	3.04
65019	2.96
19175	2.92
20021	2.86
11949	2.85
22186	2.79
26440	2.78
57296	2.76
18971	2.73
386649	2.71
15528	2.67
18648	2.66
19933	2.64
14109	2.57
57320	2.55
18969	2.48
67281	2.44
22218	2.41
19941	2.37
15510	2.31
235036	2.29
14211	2.26
69692	2.24
59029	2.22
19173	2.20
12181	2.17
11461	2.09
15481	2.08
19167	2.07
26443	2.00
74255	1.97
19179	1.96
15161	1.96
22187	1.93
81898	1.92
67177	1.89
53421	1.75
17688	1.74
24015	1.74
67089	1.67
108689	1.64
27398	1.62
21974	1.61
22335	1.59
13669	1.57
66471	1.54
56436	1.52
66235	1.52
56150	1.47
19357	1.43
66242	1.43
11950	1.40
22273	1.40
13806	1.38
68991	1.37
98956	1.33
12544	1.31
66537	1.30
22166	1.30
22631	1.26
56351	1.25
14679	1.23
11566	1.20
108679	1.20
12301	1.19
110816	1.16
231329	1.15
17714	1.12
14433	1.12
215387	1.11
20877	1.11
107508	1.10
20020	1.09
12857	1.08
60530	1.05
69527	1.03
11799	0.93
16551	0.91
56321	0.88
67849	0.83
66197	0.73
21379	0.69
214899	0.69
66311	0.67
67204	0.66
20682	0.66
15519	0.63
27221	0.58
19361	0.52
216850	0.51
57743	0.46
75605	0.46
20918	0.42
76044	0.35
216987	0.30
77591	0.19
16870	0.16
20655	0.12
65961	0.11
20591	0.09
67212	0.01
66634	0.01
28071	-0.00
19014	-0.10
75398	-0.17
229949	-0.21
16468	-0.23
22289	-0.31
81500	-0.32
17877	-0.35
234388	-0.40
101592	-0.43
81489	-0.53
100502766	-0.54
75624	-0.71
15278	-0.73
68743	-0.86
228026	-0.92
67027	-1.24
11479	-1.52
56421	-1.53
110095	-1.90
382985	-2.14
71147	-2.83
