22186	12.70
11949	12.01
11950	10.40
14109	10.26
67942	10.21
73830	9.94
20054	9.60
19942	9.28
22273	9.26
67945	9.07
19899	9.06
27207	8.65
19951	8.53
20068	8.43
20055	8.02
57320	7.91
67281	7.90
75617	7.63
66242	7.47
19175	7.42
20091	7.40
268449	7.36
66480	7.12
19941	6.98
26451	6.97
20655	6.95
19173	6.84
114641	6.81
27176	6.70
19944	6.69
65019	6.67
19989	6.40
19933	5.88
13629	5.66
27398	5.33
13627	5.22
66537	5.13
26443	5.10
19166	5.03
26445	5.02
15528	4.89
67212	4.86
14433	4.58
22335	4.55
22166	4.43
30926	4.15
20918	4.02
22187	3.99
20021	3.91
12465	3.72
19167	3.66
57296	3.65
234388	3.55
27397	3.52
16898	3.46
16341	3.34
69527	3.30
22218	3.03
15481	2.94
68991	2.86
18648	2.79
12461	2.73
75398	2.51
19179	2.43
18148	2.39
13806	2.28
23996	2.27
66235	2.11
67204	2.01
81898	1.89
21379	1.84
192170	1.83
26440	1.81
22143	1.58
11461	1.57
22154	1.56
66164	1.25
15278	1.21
59029	1.20
15510	1.16
69692	1.14
12567	1.08
56421	1.06
56436	0.96
12469	0.84
13681	0.84
20104	0.82
22631	0.81
67089	0.81
216156	0.80
13669	0.79
19357	0.78
214899	0.76
16468	0.74
21915	0.72
15519	0.69
15387	0.68
66311	0.66
108679	0.59
12301	0.54
228026	0.53
56351	0.39
71147	0.39
382985	0.31
67027	0.29
53421	0.27
66229	0.24
17714	0.19
100502766	0.15
81489	0.14
11479	0.12
20591	0.11
66197	0.11
68743	0.08
15331	0.07
18538	-0.04
20020	-0.05
107508	-0.05
386649	-0.14
57743	-0.15
20174	-0.19
81500	-0.20
65961	-0.24
15161	-0.25
110095	-0.31
66471	-0.31
22289	-0.31
19014	-0.32
18813	-0.35
216850	-0.37
56403	-0.39
14056	-0.42
74255	-0.43
17877	-0.45
16870	-0.52
11799	-0.53
20682	-0.53
11566	-0.57
229949	-0.58
75605	-0.67
110816	-0.76
76044	-0.80
16551	-0.82
110749	-0.87
66409	-0.89
28071	-0.90
67177	-0.90
67849	-0.92
231329	-0.93
14211	-0.94
108689	-1.00
21974	-1.00
235036	-1.09
215387	-1.11
56505	-1.12
75624	-1.17
20877	-1.20
77591	-1.23
18971	-1.26
27221	-1.29
17688	-1.33
98956	-1.46
24015	-1.47
14679	-1.51
55989	-1.53
66942	-1.57
101592	-1.57
12544	-1.57
60530	-1.59
66634	-1.62
12181	-1.62
70465	-1.75
56150	-1.91
18969	-1.95
19361	-2.04
216987	-2.27
17216	-2.41
56321	-2.46
