13627	16.85
19899	12.31
27176	12.03
20091	11.96
19989	11.74
20054	11.32
65019	10.85
66480	10.83
16341	10.65
12461	10.62
19951	10.61
22186	10.51
20055	10.41
14109	10.34
73830	10.31
26451	10.20
268449	9.99
27207	9.65
19942	9.15
19944	8.98
20068	8.77
18148	8.72
12465	8.12
67945	8.05
75617	7.90
67942	7.87
19933	7.67
19941	7.61
67281	7.52
114641	7.28
16898	6.49
13669	6.33
20104	6.21
12857	5.66
22154	5.51
18813	5.34
15481	5.03
20655	4.72
11949	4.47
107508	4.41
12567	4.07
53421	3.83
22273	3.60
30926	3.22
57296	3.22
12469	3.20
13681	3.12
57320	3.10
14433	2.98
22187	2.89
67204	2.86
192170	2.80
15387	2.79
21379	2.71
15510	2.46
13806	2.40
20174	2.32
20918	2.30
81898	2.25
216156	2.22
15161	1.98
11461	1.92
67027	1.92
56403	1.91
24015	1.85
15528	1.83
101592	1.78
66235	1.77
12181	1.75
20020	1.73
98956	1.72
81500	1.71
19179	1.67
18971	1.67
11950	1.66
110816	1.57
56505	1.54
56436	1.51
228026	1.50
235036	1.50
20591	1.50
234388	1.48
216850	1.48
65961	1.46
19357	1.45
18648	1.41
66471	1.41
55989	1.41
66409	1.35
231329	1.29
214899	1.26
27398	1.25
20021	1.24
67177	1.23
19175	1.23
14679	1.18
77591	1.18
15519	1.15
11566	1.12
66229	1.08
56321	1.05
21974	0.99
22143	0.94
75605	0.93
19173	0.89
56351	0.88
56421	0.86
66942	0.85
67089	0.81
110749	0.77
17216	0.75
69527	0.73
16468	0.72
75624	0.72
22335	0.70
22218	0.70
81489	0.67
100502766	0.67
216987	0.64
22631	0.57
17877	0.51
69692	0.49
386649	0.47
19014	0.46
66242	0.44
28071	0.43
26443	0.41
27397	0.35
11479	0.26
17688	0.22
70465	0.19
17714	0.16
108689	0.16
23996	0.14
14056	0.14
110095	0.10
75398	-0.06
18538	-0.10
67849	-0.11
22289	-0.14
108679	-0.17
20877	-0.20
68991	-0.21
68743	-0.21
15278	-0.21
16551	-0.22
19167	-0.24
19166	-0.24
20682	-0.27
26445	-0.31
22166	-0.35
66537	-0.38
66311	-0.39
71147	-0.40
74255	-0.51
229949	-0.57
66164	-0.60
27221	-0.60
215387	-0.61
14211	-0.62
12301	-0.68
76044	-0.72
11799	-0.77
18969	-0.77
66197	-0.88
21915	-0.95
59029	-1.02
16870	-1.02
382985	-1.09
15331	-1.11
66634	-1.12
12544	-1.15
26440	-1.17
60530	-1.29
19361	-1.35
56150	-1.86
57743	-2.21
67212	-2.44
