19989	20.71
27176	18.83
20091	17.85
13629	16.85
19951	16.15
66480	15.94
26451	15.11
268449	14.65
27207	14.41
65019	14.40
75617	13.53
16341	13.40
19899	13.05
20055	13.01
20068	12.95
19942	12.11
20054	11.99
22186	11.81
14109	11.65
18148	11.51
19941	11.36
19933	11.00
114641	10.99
73830	10.68
67281	10.29
12461	10.27
67945	10.15
19944	9.56
12465	9.13
20104	8.86
16898	8.66
67942	8.62
13681	7.47
15481	6.26
22154	5.77
20655	5.77
12567	5.76
11949	5.50
12857	5.22
15387	5.22
18813	4.34
13669	4.28
15528	4.24
30926	3.82
12469	3.82
11461	3.45
22187	3.38
67204	3.35
57296	3.27
22631	3.19
14433	3.17
14679	2.98
56351	2.81
66409	2.80
11950	2.76
19166	2.74
66229	2.71
20918	2.68
19167	2.67
22218	2.62
69692	2.61
26443	2.57
13806	2.46
11566	2.39
15331	2.39
24015	2.30
22166	2.26
66164	2.18
192170	2.18
18538	2.17
15519	2.12
26445	2.12
53421	2.07
26440	2.05
15510	2.04
81898	2.04
67089	2.00
107508	1.98
68991	1.93
66235	1.89
55989	1.86
22143	1.85
69527	1.73
228026	1.72
74255	1.71
18648	1.71
81500	1.68
57320	1.66
108689	1.58
19175	1.53
21974	1.51
75398	1.45
56403	1.41
66942	1.40
19357	1.30
59029	1.28
66242	1.28
65961	1.21
27397	1.18
231329	1.08
66537	1.06
110749	1.01
19179	1.00
98956	0.95
22335	0.93
77591	0.91
81489	0.83
17714	0.83
110095	0.75
56505	0.74
75605	0.73
386649	0.67
66197	0.67
20174	0.64
14056	0.64
12301	0.63
20020	0.62
17688	0.61
28071	0.58
101592	0.54
56321	0.50
67177	0.44
216987	0.40
216850	0.39
68743	0.33
19173	0.33
235036	0.30
70465	0.29
22273	0.29
22289	0.27
67027	0.25
67849	0.24
229949	0.21
20877	0.18
100502766	0.17
21915	0.16
16551	0.14
20591	0.13
20682	0.10
23996	0.08
75624	-0.02
66471	-0.06
20021	-0.07
15161	-0.07
16468	-0.09
214899	-0.16
56421	-0.16
11799	-0.18
71147	-0.18
17216	-0.19
110816	-0.21
19014	-0.26
66311	-0.27
14211	-0.29
56150	-0.29
17877	-0.30
16870	-0.31
215387	-0.34
11479	-0.36
60530	-0.39
108679	-0.52
15278	-0.52
18969	-0.56
12181	-0.69
21379	-0.71
66634	-0.76
216156	-0.79
18971	-0.83
382985	-0.91
27398	-1.00
76044	-1.22
27221	-1.39
57743	-1.40
19361	-1.41
12544	-1.41
56436	-1.75
234388	-2.40
67212	-3.26
