107508	11.72
18148	9.38
55989	9.21
56403	9.13
67204	8.02
65961	7.46
15510	7.38
12461	7.12
24015	6.84
18813	6.66
15519	6.37
12469	6.35
13629	6.33
66409	6.23
12465	5.47
66942	5.19
14211	5.12
56321	5.03
15387	4.92
216987	4.83
65019	4.79
16341	4.79
77591	4.78
66471	4.57
67089	4.42
15481	4.41
19179	4.36
13627	4.28
13681	4.09
21974	4.02
81898	3.86
20091	3.85
101592	3.85
231329	3.77
15528	3.74
28071	3.73
56505	3.73
12301	3.70
27176	3.54
19933	3.54
75624	3.52
386649	3.49
15161	3.44
56351	3.41
19357	3.36
19989	3.30
19944	3.08
19899	3.04
20055	3.00
26451	2.92
66480	2.86
16898	2.78
20068	2.77
235036	2.75
268449	2.70
59029	2.65
192170	2.64
19167	2.64
22154	2.60
17688	2.56
70465	2.55
14109	2.54
20020	2.54
19942	2.46
20054	2.45
19941	2.41
19951	2.39
56436	2.37
53421	2.35
14056	2.15
20104	2.12
27207	2.10
20655	2.01
73830	2.00
76044	1.97
114641	1.97
22186	1.95
98956	1.94
11566	1.94
67945	1.94
20174	1.92
22631	1.91
14679	1.89
110816	1.88
30926	1.84
21379	1.83
67281	1.80
75617	1.79
234388	1.76
20591	1.74
26440	1.74
66235	1.73
18538	1.66
66164	1.63
12567	1.57
23996	1.56
66537	1.53
12181	1.52
11950	1.49
27221	1.46
14433	1.41
26443	1.39
66229	1.37
16551	1.34
19173	1.33
15278	1.30
57296	1.27
22218	1.24
214899	1.21
67177	1.21
74255	1.20
19175	1.19
17216	1.18
22166	1.17
57320	1.15
16468	1.14
11461	1.14
11949	1.14
27397	1.14
66634	1.07
18648	1.04
67942	1.01
19166	1.01
26445	1.00
17714	0.93
216156	0.83
22143	0.81
12857	0.79
75398	0.78
22289	0.73
75605	0.68
216850	0.64
20682	0.57
20918	0.56
68743	0.54
110095	0.49
110749	0.34
12544	0.34
22187	0.31
22273	0.25
71147	0.25
56421	0.23
13806	0.22
15331	0.20
18971	0.19
69527	0.09
229949	0.07
108679	0.04
81500	0.02
22335	0.01
18969	-0.02
27398	-0.03
57743	-0.05
108689	-0.06
100502766	-0.07
60530	-0.08
19361	-0.08
228026	-0.08
17877	-0.10
66311	-0.17
69692	-0.19
215387	-0.30
11799	-0.43
382985	-0.46
66197	-0.48
20877	-0.50
16870	-0.50
19014	-0.55
68991	-0.55
21915	-0.59
56150	-0.62
67027	-0.75
67849	-0.76
11479	-0.79
66242	-0.92
81489	-0.96
20021	-0.98
67212	-0.98
