15387	9.97
66409	9.19
12465	9.17
12461	8.98
18813	8.93
55989	8.37
12469	8.33
13627	7.47
18148	7.40
66164	7.28
192170	7.12
12567	7.09
15481	7.00
66229	6.98
19166	6.90
26445	6.58
26440	6.23
18538	6.21
22631	6.20
66480	6.14
22154	5.82
15510	5.80
19175	5.78
11461	5.75
19989	5.73
16341	5.72
66942	5.66
23996	5.56
27176	5.53
56403	5.52
74255	5.42
75617	5.25
19942	5.24
15519	5.23
19167	5.17
67204	5.16
24015	5.11
56505	4.96
235036	4.89
59029	4.88
65019	4.87
67089	4.85
19179	4.83
20091	4.83
268449	4.65
20068	4.63
56351	4.57
57296	4.48
19951	4.43
27207	4.41
26451	4.36
107508	4.32
26443	4.30
19899	4.22
12181	4.19
15528	4.13
13669	4.09
18648	4.03
70465	3.87
216987	3.87
66537	3.82
22143	3.81
114641	3.76
20055	3.73
81898	3.72
20174	3.72
14679	3.67
386649	3.64
20918	3.53
110816	3.51
19941	3.43
30926	3.40
11949	3.38
19933	3.37
19173	3.35
20054	3.34
22166	3.31
22218	3.25
27397	3.24
19944	3.23
16898	3.22
68991	3.22
13629	3.12
67281	3.08
22186	3.06
73830	3.06
53421	3.02
67942	3.00
21379	2.99
22187	2.87
14109	2.83
66235	2.74
11566	2.70
67945	2.63
56436	2.59
14433	2.58
216156	2.51
15331	2.46
20104	2.45
12301	2.44
20655	2.34
77591	2.33
56321	2.29
13806	2.29
216850	2.23
11950	2.22
20591	2.18
231329	2.16
108679	2.13
98956	2.06
66471	1.98
20021	1.98
65961	1.97
22335	1.91
81489	1.87
75398	1.86
17688	1.79
75624	1.77
28071	1.68
17216	1.61
66197	1.61
20020	1.53
110749	1.46
19014	1.41
57320	1.32
16468	1.25
14056	1.25
75605	1.02
21974	1.00
12544	0.98
17714	0.93
22273	0.89
12857	0.84
69692	0.82
56150	0.79
101592	0.74
15161	0.70
60530	0.63
100502766	0.56
69527	0.53
67177	0.52
56421	0.51
21915	0.48
108689	0.47
66634	0.46
215387	0.38
19357	0.37
228026	0.34
57743	0.29
229949	0.29
14211	0.28
20682	0.27
66242	0.27
20877	0.24
66311	0.00
110095	-0.03
16551	-0.05
22289	-0.06
27398	-0.09
16870	-0.11
11799	-0.13
67849	-0.14
18969	-0.15
11479	-0.18
68743	-0.30
15278	-0.31
214899	-0.40
76044	-0.47
67212	-0.50
17877	-0.51
27221	-0.51
81500	-0.63
18971	-0.85
234388	-0.92
19361	-0.97
71147	-1.09
67027	-1.64
382985	-1.66
