18648	14.03
14433	13.90
56421	6.09
228026	5.48
22273	5.45
20174	4.98
27176	4.68
19173	4.44
57320	4.34
11461	4.25
22143	4.23
15331	4.17
22187	4.01
16898	3.99
23996	3.99
22154	3.94
110095	3.66
22631	3.58
234388	3.54
12469	3.47
12465	3.46
26445	3.39
15481	3.27
19179	2.85
73830	2.82
11949	2.75
22166	2.72
12461	2.60
15510	2.58
19944	2.55
57296	2.54
15387	2.53
192170	2.53
56351	2.51
19989	2.50
13627	2.46
13629	2.40
15519	2.37
68991	2.29
13681	2.29
12857	2.28
11950	2.27
12181	2.26
26443	2.26
19175	2.20
20655	2.18
19166	2.14
22335	2.12
19941	2.11
67945	2.05
386649	1.97
26440	1.95
19899	1.93
216156	1.93
59029	1.87
81898	1.87
66480	1.86
66229	1.86
21915	1.86
14109	1.83
18148	1.80
21379	1.79
56505	1.78
66235	1.78
19933	1.74
19167	1.67
66471	1.60
108679	1.58
74255	1.57
67942	1.55
69692	1.52
20918	1.48
66537	1.45
53421	1.43
56436	1.42
12567	1.38
67212	1.34
20021	1.32
18971	1.32
22186	1.29
12301	1.29
30926	1.23
27398	1.22
268449	1.22
66634	1.20
22218	1.15
66311	1.14
81500	1.12
27207	1.12
20054	1.11
20591	1.09
67281	1.07
18538	1.06
107508	1.05
18813	1.03
70465	0.99
18969	0.99
100502766	0.93
81489	0.91
69527	0.90
11566	0.90
20055	0.88
229949	0.87
20682	0.84
19951	0.82
57743	0.82
101592	0.80
75605	0.80
27397	0.74
67089	0.73
27221	0.73
231329	0.71
14679	0.66
75617	0.65
24015	0.62
66409	0.61
19942	0.59
66942	0.54
14211	0.52
110749	0.50
98956	0.47
108689	0.45
66242	0.43
235036	0.41
20877	0.39
56403	0.34
16870	0.33
15528	0.31
20104	0.30
16468	0.27
15161	0.25
56150	0.24
17216	0.23
13669	0.22
12544	0.21
20091	0.16
26451	0.15
20068	0.14
68743	0.07
20020	0.04
17688	0.02
16341	-0.00
76044	-0.01
66164	-0.07
67177	-0.09
216987	-0.11
67849	-0.18
77591	-0.19
60530	-0.22
11799	-0.25
19361	-0.26
114641	-0.33
55989	-0.33
66197	-0.38
17877	-0.39
19014	-0.39
67204	-0.41
19357	-0.41
110816	-0.43
16551	-0.46
71147	-0.50
65961	-0.55
216850	-0.56
11479	-0.59
215387	-0.62
214899	-0.65
65019	-0.70
75398	-0.74
14056	-0.89
56321	-1.11
67027	-1.14
17714	-1.16
75624	-1.17
382985	-1.27
21974	-1.28
15278	-1.29
22289	-1.66
28071	-2.31
