12544	5.93
27221	5.73
60530	5.68
18538	5.62
67849	5.47
19361	5.44
14211	5.44
17216	5.37
215387	5.23
56150	5.18
76044	4.85
16551	4.78
17688	4.78
11799	4.31
110749	4.24
19357	4.04
66197	4.04
20877	4.04
66634	3.85
67177	3.85
18971	3.79
18969	3.23
12567	3.22
66471	3.06
18148	2.93
100502766	2.82
15331	2.79
68743	2.71
67204	2.38
18813	2.38
66311	2.16
13669	2.15
21974	2.07
55989	2.05
22154	2.03
56403	2.00
16468	1.86
15387	1.66
66942	1.58
66409	1.53
20174	1.51
22289	1.50
216850	1.48
22335	1.42
15519	1.42
11566	1.36
14679	1.30
107508	1.26
16341	1.26
16870	1.25
13681	1.25
22218	1.22
22631	1.19
21915	1.17
12461	1.17
69527	1.06
20020	1.04
22143	1.04
12465	0.98
67027	0.94
20682	0.91
65961	0.87
26440	0.86
59029	0.84
30926	0.83
108689	0.77
20021	0.75
19989	0.68
67089	0.65
13627	0.64
192170	0.63
56351	0.63
11461	0.62
26443	0.55
57296	0.52
74255	0.48
15510	0.46
19951	0.46
75605	0.45
53421	0.41
28071	0.39
81898	0.36
20055	0.34
11949	0.33
75398	0.32
20091	0.32
19179	0.31
216987	0.30
101592	0.29
15161	0.28
27176	0.28
114641	0.27
20591	0.23
56505	0.19
268449	0.19
19166	0.18
20104	0.17
20918	0.16
17714	0.14
13629	0.14
69692	0.13
22166	0.11
23996	0.11
66235	0.11
65019	0.10
12469	0.10
67945	0.09
56321	0.07
27207	0.07
20068	0.06
19167	0.01
73830	-0.02
22187	-0.05
19944	-0.06
14433	-0.08
11950	-0.09
56421	-0.15
22186	-0.15
67942	-0.18
19175	-0.18
231329	-0.19
81500	-0.20
26451	-0.20
66480	-0.22
16898	-0.31
75617	-0.36
26445	-0.38
66537	-0.38
19942	-0.39
19899	-0.40
15278	-0.41
15528	-0.42
12857	-0.42
81489	-0.43
19933	-0.44
70465	-0.45
18648	-0.46
19014	-0.47
14109	-0.54
21379	-0.54
20054	-0.55
214899	-0.57
20655	-0.61
98956	-0.61
110095	-0.61
19941	-0.64
66242	-0.64
67281	-0.66
235036	-0.66
57743	-0.69
71147	-0.71
75624	-0.74
12181	-0.84
13806	-0.89
17877	-0.90
56436	-0.92
68991	-0.93
66164	-0.94
77591	-0.95
19173	-0.98
27398	-1.02
234388	-1.08
386649	-1.11
12301	-1.11
66229	-1.13
67212	-1.13
229949	-1.21
27397	-1.24
22273	-1.24
382985	-1.26
15481	-1.32
57320	-1.39
108679	-1.44
24015	-1.44
11479	-1.47
228026	-1.63
110816	-1.71
216156	-2.24
