20054	22.75
20055	21.07
19899	20.92
22186	20.00
19942	19.07
19951	18.62
67945	18.45
67281	17.27
27207	17.02
26451	16.87
65019	16.52
75617	16.37
20068	16.03
20091	15.57
268449	15.49
114641	15.06
73830	14.48
19941	13.99
19944	13.56
66480	13.45
19989	13.39
27176	13.15
19933	12.96
13627	11.65
13629	10.34
12857	10.26
67942	9.88
16341	7.92
18148	6.90
16898	6.50
20655	6.30
15528	5.70
66242	5.49
57320	4.96
12465	4.86
12461	4.79
20104	4.65
22166	4.57
19175	4.22
14433	4.15
66537	4.08
20918	4.02
22187	3.60
67204	3.51
22154	3.44
19166	3.34
11949	3.27
19173	3.20
11461	3.19
15481	2.98
30926	2.92
68991	2.92
13681	2.83
26443	2.80
22218	2.75
26445	2.62
12567	2.57
13669	2.54
22143	2.40
27397	2.37
18813	2.15
66942	2.10
57296	2.10
234388	2.05
19167	1.98
235036	1.93
192170	1.92
56351	1.87
69692	1.86
13806	1.83
66311	1.80
65961	1.77
21915	1.76
66197	1.69
18648	1.67
75398	1.59
15519	1.53
66164	1.50
11950	1.46
81898	1.45
66235	1.41
55989	1.39
15387	1.37
22631	1.28
66229	1.23
27398	1.18
28071	1.17
20174	1.08
12469	1.01
18538	0.88
81489	0.85
20021	0.84
216850	0.82
67177	0.77
66409	0.75
16468	0.72
21379	0.62
14679	0.58
53421	0.56
18971	0.50
228026	0.49
11479	0.48
67212	0.47
11566	0.44
22289	0.43
69527	0.31
20682	0.30
110816	0.29
15331	0.27
11799	0.25
100502766	0.25
19357	0.24
19179	0.21
56436	0.15
216156	0.13
77591	0.13
20020	0.11
67089	0.10
108689	0.09
386649	0.08
214899	0.08
23996	0.08
66471	0.07
26440	0.04
110749	0.01
110095	-0.01
75605	-0.03
17877	-0.06
20591	-0.08
229949	-0.09
56421	-0.09
101592	-0.14
12301	-0.17
12181	-0.22
107508	-0.26
16870	-0.27
67849	-0.33
21974	-0.39
56505	-0.40
68743	-0.44
17688	-0.44
81500	-0.45
56403	-0.46
382985	-0.48
17714	-0.49
22335	-0.50
16551	-0.54
14056	-0.54
22273	-0.57
56321	-0.63
74255	-0.64
108679	-0.66
24015	-0.70
14211	-0.70
15278	-0.74
98956	-0.77
59029	-0.80
15510	-0.82
67027	-0.84
70465	-0.96
20877	-0.98
76044	-0.99
75624	-1.01
15161	-1.05
56150	-1.05
231329	-1.10
215387	-1.13
19014	-1.16
57743	-1.19
17216	-1.20
27221	-1.21
19361	-1.31
18969	-1.31
12544	-1.47
216987	-1.53
66634	-1.54
71147	-1.56
60530	-1.68
