16551	9.97
56150	9.00
76044	8.16
60530	8.00
215387	7.46
11799	7.21
19361	7.19
17216	6.71
12544	6.41
18538	6.24
100502766	6.05
27221	5.95
20877	5.85
19357	5.74
18971	5.73
66634	5.70
68743	5.52
14056	5.44
66197	5.32
13669	5.12
55989	4.70
22154	4.55
67849	4.43
66311	4.42
22143	4.34
17688	3.77
15519	3.74
15331	3.54
21915	3.33
21974	3.30
67177	3.20
56403	3.20
110749	3.14
18148	3.01
67204	2.57
66471	2.50
24015	2.49
18969	2.45
12301	2.39
20174	2.26
12567	2.26
15161	2.24
28071	2.18
81898	2.11
18813	2.00
59029	1.94
107508	1.90
15510	1.87
231329	1.73
67089	1.57
11461	1.54
12469	1.54
15387	1.53
66942	1.52
77591	1.50
22166	1.47
26440	1.43
20020	1.32
14679	1.22
216987	1.17
108689	1.07
12465	0.99
56505	0.95
65961	0.81
12461	0.77
18648	0.76
11566	0.74
234388	0.74
16341	0.73
56351	0.71
16870	0.68
22289	0.63
101592	0.63
11950	0.62
110095	0.54
66235	0.54
13806	0.52
192170	0.46
74255	0.43
214899	0.43
66537	0.42
23996	0.39
22631	0.38
22218	0.37
22335	0.34
15528	0.33
66480	0.31
12181	0.28
19179	0.28
13681	0.28
26445	0.27
30926	0.25
66409	0.22
53421	0.22
19175	0.20
57320	0.17
216156	0.16
66242	0.15
16468	0.15
19933	0.11
69692	0.07
20682	0.07
229949	0.06
15481	0.04
20591	0.03
70465	-0.03
81489	-0.04
19173	-0.06
19166	-0.06
11949	-0.06
19944	-0.10
65019	-0.10
228026	-0.11
20104	-0.11
114641	-0.12
382985	-0.13
67942	-0.15
19167	-0.17
73830	-0.21
67945	-0.23
66229	-0.24
75624	-0.25
67212	-0.25
20068	-0.27
22273	-0.27
13627	-0.29
268449	-0.29
69527	-0.31
14433	-0.31
19899	-0.32
16898	-0.33
20091	-0.34
20054	-0.37
19989	-0.42
56421	-0.45
56436	-0.45
71147	-0.45
20055	-0.45
56321	-0.46
26451	-0.46
26443	-0.46
216850	-0.47
235036	-0.47
75398	-0.48
19951	-0.49
27398	-0.51
17714	-0.52
57296	-0.52
19941	-0.59
17877	-0.60
67281	-0.60
27176	-0.62
13629	-0.62
22186	-0.63
110816	-0.64
27207	-0.64
19942	-0.69
81500	-0.69
14109	-0.70
22187	-0.72
98956	-0.76
386649	-0.80
57743	-0.94
12857	-0.94
75605	-0.94
75617	-0.97
27397	-1.03
21379	-1.05
20655	-1.13
68991	-1.14
11479	-1.26
108679	-1.27
66164	-1.53
15278	-1.59
20021	-1.75
19014	-1.76
20918	-2.30
67027	-2.31
