13806	13.90
18648	11.09
19944	7.44
57320	6.43
27176	6.31
19933	6.19
67942	6.15
26445	5.86
22186	5.70
67945	5.59
22143	5.47
11949	5.26
268449	5.18
27207	5.06
20068	4.72
11950	4.65
16898	4.64
114641	4.62
26451	4.61
20054	4.61
66480	4.60
12857	4.58
73830	4.56
19173	4.53
22166	4.46
67281	4.45
75617	4.43
19941	4.31
57296	4.31
22154	4.25
22273	4.23
14109	4.15
228026	4.14
19942	4.10
15481	4.02
20655	3.97
11461	3.95
19175	3.87
23996	3.83
19899	3.68
19951	3.60
65019	3.56
20055	3.37
19989	3.31
234388	3.23
19179	3.18
13627	3.17
56421	3.17
19166	3.17
386649	3.16
22631	3.15
20918	3.12
18148	3.06
22187	3.00
19167	3.00
66537	2.99
13629	2.98
12461	2.98
15528	2.65
15510	2.60
13681	2.58
22335	2.56
56351	2.56
18813	2.50
15519	2.50
68991	2.45
20091	2.45
67204	2.41
75398	2.40
20174	2.37
30926	2.31
26443	2.31
66242	2.30
67212	2.23
110095	2.23
20021	2.23
21379	2.20
66471	2.19
12469	2.12
15278	2.09
57743	2.06
12465	1.93
26440	1.92
192170	1.91
67089	1.90
12301	1.83
66235	1.80
18969	1.74
15331	1.74
27398	1.72
107508	1.71
56436	1.67
69692	1.57
15161	1.56
27397	1.50
13669	1.41
20020	1.38
20104	1.30
75624	1.27
56505	1.23
108679	1.19
81898	1.17
12567	1.12
11479	1.09
59029	1.09
66409	1.04
100502766	1.02
216156	0.97
12544	0.96
65961	0.93
56403	0.88
216987	0.87
56150	0.84
27221	0.83
18538	0.82
24015	0.80
17216	0.74
17877	0.72
16870	0.69
69527	0.65
15387	0.62
231329	0.56
66634	0.52
66197	0.50
66942	0.49
12181	0.49
216850	0.47
16341	0.46
235036	0.41
110749	0.38
22218	0.38
20591	0.35
20682	0.32
11566	0.32
67027	0.32
215387	0.30
66311	0.25
68743	0.25
19357	0.24
19014	0.22
53421	0.22
229949	0.10
11799	0.01
71147	-0.01
20877	-0.03
14056	-0.08
55989	-0.08
16468	-0.11
17688	-0.14
67177	-0.14
16551	-0.21
18971	-0.21
70465	-0.23
76044	-0.24
101592	-0.25
14211	-0.31
19361	-0.32
66229	-0.37
67849	-0.43
75605	-0.47
60530	-0.54
98956	-0.55
66164	-0.57
74255	-0.59
81489	-0.68
28071	-0.76
108689	-0.82
382985	-0.87
110816	-1.03
22289	-1.05
77591	-1.06
56321	-1.19
17714	-1.28
214899	-1.46
81500	-1.51
21974	-1.69
14679	-1.78
21915	-1.95
