15387	6.41
22631	5.02
11566	4.62
74255	4.34
24015	4.10
53421	4.02
12469	3.71
21974	3.69
13681	3.67
22166	3.37
16341	3.33
67089	3.03
26440	3.00
13627	2.98
11461	2.97
56403	2.62
66229	2.62
66235	2.59
231329	2.55
59029	2.47
22218	2.30
216987	2.27
18538	2.20
56351	2.17
19357	2.13
20591	2.10
19167	2.06
81489	2.00
66409	1.94
12461	1.92
75624	1.90
13669	1.89
15510	1.87
28071	1.86
107508	1.81
15331	1.77
68991	1.75
66197	1.69
81898	1.69
19166	1.68
19989	1.65
11950	1.61
70465	1.57
12465	1.57
55989	1.56
57296	1.54
26443	1.53
77591	1.47
17714	1.43
20091	1.39
110095	1.39
108679	1.37
22289	1.35
60530	1.34
12301	1.34
20104	1.31
14056	1.30
18648	1.29
12567	1.23
14211	1.22
13629	1.18
66471	1.14
16551	1.13
101592	1.11
192170	1.10
22154	1.07
15519	1.01
12181	1.01
75605	1.00
216850	0.92
18148	0.85
66480	0.85
67204	0.84
56150	0.83
386649	0.82
214899	0.81
66164	0.79
17688	0.70
56436	0.70
16468	0.69
13806	0.66
15481	0.65
16898	0.64
18813	0.60
14109	0.58
20918	0.57
19899	0.57
17216	0.50
65961	0.49
20877	0.45
66942	0.44
65019	0.38
22335	0.37
21915	0.37
26445	0.36
20174	0.35
20055	0.31
27176	0.29
66537	0.28
18971	0.25
19014	0.21
19951	0.19
19942	0.18
67849	0.18
56321	0.17
19173	0.15
110816	0.12
19179	0.08
19175	0.08
235036	0.07
30926	0.07
15278	0.06
23996	0.06
268449	0.05
67177	0.04
66311	0.01
22143	-0.01
20068	-0.01
18969	-0.02
228026	-0.03
75617	-0.03
19361	-0.08
22187	-0.10
56421	-0.11
20682	-0.11
11949	-0.12
26451	-0.14
16870	-0.14
114641	-0.17
76044	-0.21
110749	-0.22
56505	-0.23
68743	-0.24
15161	-0.27
71147	-0.30
67281	-0.32
215387	-0.33
15528	-0.37
17877	-0.37
19944	-0.39
11799	-0.47
20020	-0.50
234388	-0.52
27207	-0.52
19933	-0.52
382985	-0.52
67945	-0.53
12544	-0.54
108689	-0.56
11479	-0.58
229949	-0.61
22273	-0.63
75398	-0.69
19941	-0.69
67942	-0.69
81500	-0.75
98956	-0.77
100502766	-0.79
27397	-0.85
20021	-0.90
73830	-0.90
66634	-0.92
22186	-0.99
20054	-1.01
57743	-1.04
66242	-1.10
27221	-1.15
57320	-1.26
67027	-1.30
20655	-1.30
21379	-1.39
69692	-1.40
12857	-1.51
69527	-1.59
216156	-1.72
14433	-1.78
27398	-2.14
67212	-3.17
