20020	10.13
20591	5.90
19357	4.70
22154	4.22
231329	3.87
22143	3.57
13669	3.44
15387	2.96
17216	2.89
26445	2.86
56403	2.78
56436	2.78
192170	2.70
18813	2.59
26440	2.57
24015	2.50
19166	2.48
66471	2.46
16468	2.45
110816	2.44
70465	2.41
22289	2.39
12461	2.36
216987	2.31
17688	2.28
23996	2.27
386649	2.27
14211	2.24
98956	2.23
20174	2.19
59029	2.18
21379	2.17
19014	2.14
56505	2.07
11461	2.05
107508	2.05
66235	2.03
74255	2.00
13629	1.98
21974	1.98
12567	1.96
18971	1.93
12181	1.91
216156	1.79
53421	1.78
216850	1.75
81898	1.74
75624	1.73
19173	1.71
56150	1.71
18538	1.69
20021	1.66
14433	1.56
12469	1.55
67177	1.40
67942	1.37
15510	1.36
66311	1.36
66197	1.33
27397	1.30
21915	1.30
66942	1.27
11950	1.20
57320	1.19
18969	1.19
22631	1.12
66164	1.12
67089	1.09
19167	1.08
108679	1.06
234388	1.05
15331	1.04
75605	1.01
11479	1.00
27176	1.00
101592	0.97
76044	0.97
66229	0.96
27398	0.88
19175	0.88
19179	0.88
66409	0.88
22273	0.87
15481	0.85
65961	0.84
235036	0.79
26443	0.77
16551	0.76
13681	0.70
18648	0.69
12301	0.69
215387	0.68
12465	0.68
19944	0.67
11949	0.59
67212	0.52
16898	0.50
12544	0.46
18148	0.46
66480	0.46
15528	0.46
22335	0.45
73830	0.43
27221	0.42
77591	0.37
17877	0.32
19361	0.30
14056	0.28
56351	0.26
57743	0.26
13806	0.25
214899	0.24
22166	0.23
68743	0.23
20877	0.23
20918	0.20
66537	0.19
66242	0.18
100502766	0.16
20655	0.14
55989	0.12
20055	0.11
57296	0.09
67204	0.08
71147	0.08
110749	0.02
27207	0.01
69692	-0.00
60530	-0.02
67945	-0.02
20682	-0.02
114641	-0.05
68991	-0.05
13627	-0.07
15519	-0.07
15278	-0.08
16341	-0.09
75398	-0.09
19942	-0.12
26451	-0.14
11799	-0.16
16870	-0.17
20068	-0.17
20054	-0.18
19899	-0.19
66634	-0.19
228026	-0.21
110095	-0.25
12857	-0.25
14679	-0.27
28071	-0.28
30926	-0.29
20104	-0.32
22186	-0.33
229949	-0.41
19933	-0.43
268449	-0.44
67027	-0.51
56321	-0.53
22218	-0.54
75617	-0.55
22187	-0.60
67849	-0.62
19989	-0.68
108689	-0.74
67281	-0.78
19951	-0.80
69527	-0.81
20091	-0.85
81489	-0.88
65019	-0.90
19941	-0.96
56421	-1.02
11566	-1.04
14109	-1.05
382985	-1.19
17714	-1.22
81500	-2.41
