66409	4.05
21379	3.84
69527	3.69
28071	3.52
75398	3.41
15510	3.06
20104	3.01
24015	2.88
235036	2.66
17714	2.50
71147	2.48
108679	2.36
11950	2.34
27398	2.30
66164	2.28
70465	2.27
11566	2.20
14433	2.09
66942	2.02
57743	2.00
228026	1.95
20918	1.91
16341	1.90
19944	1.76
56403	1.72
75624	1.71
67027	1.67
55989	1.62
216987	1.54
11949	1.48
30926	1.47
19933	1.36
110816	1.36
56351	1.35
216156	1.35
15528	1.34
107508	1.33
12181	1.31
13669	1.30
65961	1.22
12857	1.21
12301	1.17
22273	1.15
231329	1.15
22289	1.08
67212	1.07
57320	1.07
98956	1.06
77591	1.04
67089	1.00
18813	0.98
22218	0.98
20068	0.98
114641	0.98
268449	0.94
67942	0.94
22186	0.86
67204	0.86
66242	0.84
65019	0.68
66235	0.68
75617	0.66
18148	0.58
66229	0.56
26451	0.55
16898	0.51
66197	0.43
19014	0.42
19357	0.39
101592	0.36
66480	0.31
27397	0.31
56436	0.30
57296	0.29
20054	0.27
12544	0.24
27207	0.21
67849	0.18
20682	0.18
19989	0.18
20091	0.17
20655	0.15
19941	0.11
26445	0.10
14679	0.06
17877	0.05
56321	0.04
27176	0.01
19167	0.01
22631	0.00
20021	-0.00
18969	-0.01
20055	-0.03
234388	-0.04
110095	-0.07
15161	-0.08
76044	-0.09
66634	-0.09
67281	-0.11
19942	-0.11
56150	-0.16
16551	-0.18
13629	-0.21
15331	-0.23
69692	-0.27
12461	-0.28
20020	-0.28
15387	-0.28
13681	-0.31
67945	-0.35
67177	-0.35
21974	-0.35
12469	-0.37
18648	-0.37
11479	-0.38
14056	-0.41
68743	-0.44
229949	-0.44
26443	-0.51
26440	-0.51
13627	-0.52
16870	-0.52
19951	-0.53
20877	-0.54
73830	-0.56
214899	-0.56
382985	-0.57
19899	-0.59
215387	-0.62
110749	-0.64
60530	-0.66
75605	-0.69
12567	-0.73
14109	-0.74
19179	-0.75
17688	-0.78
216850	-0.78
386649	-0.81
100502766	-0.84
74255	-0.85
66537	-0.89
11799	-0.90
192170	-0.92
17216	-0.94
19173	-1.01
19361	-1.01
22166	-1.04
66471	-1.05
81500	-1.06
16468	-1.06
22335	-1.08
56505	-1.09
19166	-1.11
59029	-1.14
68991	-1.16
53421	-1.16
15481	-1.17
66311	-1.20
81898	-1.21
15519	-1.23
13806	-1.29
27221	-1.34
20174	-1.37
20591	-1.40
23996	-1.40
14211	-1.59
108689	-1.64
18538	-1.70
56421	-1.72
12465	-1.94
19175	-2.21
22143	-2.25
81489	-2.25
21915	-2.32
18971	-2.56
22187	-2.63
11461	-2.89
22154	-3.19
