15387	5.61
21915	5.57
18538	4.67
12567	4.57
22218	4.54
56351	4.34
66311	4.31
56150	4.29
13806	4.17
16898	4.13
27176	4.02
22187	4.01
66471	3.96
19989	3.88
22631	3.82
22143	3.64
19357	3.60
66480	3.54
14211	3.54
11799	3.44
20104	3.43
19361	3.28
192170	3.28
26445	3.23
22154	3.22
11461	3.11
16551	3.08
26440	2.91
66197	2.85
14056	2.79
66634	2.76
75617	2.71
20877	2.71
26443	2.71
19167	2.66
12544	2.64
20918	2.59
76044	2.54
100502766	2.54
17216	2.46
268449	2.46
13681	2.46
22166	2.44
13627	2.39
18971	2.38
59029	2.31
19933	2.31
16341	2.29
19944	2.25
110749	2.25
215387	2.20
11949	2.18
19941	2.17
60530	2.16
70465	2.16
56403	2.14
20091	2.12
27207	2.10
20068	2.06
18148	2.03
67849	2.01
27221	1.92
66235	1.84
19166	1.83
11950	1.81
67942	1.78
14679	1.77
19951	1.76
67945	1.74
14433	1.74
66537	1.64
68743	1.62
55989	1.59
20055	1.56
69527	1.55
26451	1.54
68991	1.54
108679	1.53
69692	1.45
66164	1.44
22335	1.36
74255	1.35
66409	1.34
114641	1.31
19175	1.31
19179	1.29
67281	1.28
18969	1.27
21974	1.18
67089	1.12
108689	1.09
19942	1.07
15161	1.04
67177	1.02
30926	1.01
20682	1.01
65019	1.00
67212	0.91
66242	0.91
15510	0.88
27397	0.85
20655	0.83
20020	0.81
18813	0.81
12469	0.80
16870	0.80
12301	0.79
57320	0.78
81898	0.77
73830	0.76
386649	0.73
23996	0.70
15528	0.64
66229	0.63
19173	0.51
20054	0.45
56505	0.41
18648	0.38
19899	0.36
81500	0.34
22289	0.34
20174	0.31
214899	0.31
12461	0.27
14109	0.27
15481	0.23
13669	0.20
53421	0.17
67204	0.12
216850	0.08
12857	0.07
216987	0.05
231329	0.03
20021	0.01
22273	-0.00
234388	-0.01
110095	-0.01
22186	-0.02
75398	-0.04
17688	-0.06
12465	-0.07
16468	-0.12
67027	-0.14
15519	-0.19
65961	-0.22
57743	-0.23
15278	-0.23
21379	-0.31
81489	-0.32
11566	-0.34
107508	-0.35
57296	-0.37
71147	-0.38
17877	-0.40
19014	-0.43
382985	-0.43
11479	-0.65
28071	-0.67
235036	-0.68
66942	-0.73
24015	-0.74
228026	-0.76
27398	-0.78
229949	-0.81
98956	-0.87
56436	-0.90
216156	-0.95
13629	-1.11
20591	-1.12
56321	-1.17
75605	-1.49
110816	-1.50
75624	-1.68
17714	-1.69
77591	-1.95
12181	-1.99
101592	-2.27
56421	-2.53
