12469	10.76
74255	10.09
13681	9.97
22631	9.61
192170	7.80
22218	7.19
16341	6.96
66409	6.63
12465	6.56
19167	6.54
81898	6.47
14679	6.41
67089	6.41
26440	6.39
59029	6.34
19166	6.30
12461	6.22
56351	6.16
19179	6.00
15331	5.61
12567	5.44
18538	5.40
11461	5.29
231329	5.29
23996	5.28
55989	5.27
66235	5.26
13627	5.22
18148	5.14
19357	5.01
13669	4.92
24015	4.76
26445	4.73
22154	4.73
56403	4.72
18813	4.64
26443	4.63
22335	4.61
11950	4.49
15510	4.42
386649	4.40
70465	4.38
66229	4.34
22187	4.29
66471	4.21
66480	4.21
11566	4.18
67204	4.04
15519	3.83
15481	3.82
21974	3.77
56505	3.67
22143	3.63
20091	3.52
11949	3.43
19989	3.40
20918	3.38
65961	3.37
66942	3.37
19175	3.37
107508	3.30
108679	3.27
12301	3.03
66164	3.00
15161	2.96
216987	2.95
18648	2.79
13629	2.79
66537	2.78
56436	2.72
30926	2.66
53421	2.66
57296	2.63
13806	2.53
17688	2.43
20104	2.42
22273	2.38
20174	2.28
73830	2.24
28071	2.20
16468	2.19
22166	2.16
19942	2.15
20021	2.11
68991	2.02
56150	1.98
19933	1.95
27176	1.93
268449	1.90
75617	1.84
65019	1.83
57320	1.82
77591	1.77
17216	1.77
14056	1.66
20055	1.66
75624	1.64
60530	1.60
27207	1.57
20020	1.55
14211	1.53
75605	1.49
19899	1.48
26451	1.46
108689	1.46
19951	1.44
22289	1.44
19173	1.38
14109	1.37
114641	1.28
66197	1.24
20591	1.22
235036	1.22
19944	1.21
101592	1.20
67942	1.16
214899	1.12
16898	1.03
17714	1.02
56321	1.01
81489	0.97
20068	0.95
110749	0.94
12181	0.90
27397	0.89
69527	0.89
67177	0.88
56421	0.84
15528	0.84
67281	0.78
215387	0.71
19941	0.70
12857	0.68
20682	0.67
110816	0.65
18971	0.62
14433	0.62
19014	0.56
16551	0.54
67945	0.50
216156	0.46
57743	0.44
75398	0.43
68743	0.35
98956	0.35
100502766	0.33
21915	0.23
20054	0.18
18969	0.16
22186	0.09
234388	0.08
20655	0.08
76044	0.07
110095	0.01
20877	0.00
16870	-0.04
19361	-0.05
21379	-0.11
228026	-0.26
12544	-0.26
11799	-0.27
15278	-0.28
66634	-0.31
67027	-0.32
229949	-0.33
27398	-0.34
69692	-0.38
17877	-0.47
216850	-0.64
66311	-0.64
71147	-0.71
67849	-0.76
11479	-0.77
81500	-0.88
27221	-1.01
67212	-1.16
382985	-1.42
66242	-1.61
