15519	13.69
12465	11.30
12301	10.81
81489	10.69
15510	9.82
12469	9.67
12461	8.84
15528	8.29
13681	7.00
23996	6.34
13627	6.26
56351	5.68
22187	5.64
22154	5.48
18148	5.46
56505	5.43
19179	5.31
66229	5.29
19989	5.12
13629	5.03
386649	5.03
59029	4.92
67089	4.88
27176	4.88
66480	4.86
18813	4.83
16341	4.82
11949	4.81
20091	4.81
66409	4.67
13669	4.41
73830	4.40
19166	4.25
27207	4.15
14433	4.02
22218	4.00
19167	3.97
55989	3.96
11950	3.91
30926	3.90
22143	3.87
19942	3.83
26440	3.82
15387	3.82
26445	3.79
216987	3.78
22631	3.73
18648	3.72
26451	3.72
66537	3.71
268449	3.70
19933	3.70
20655	3.64
74255	3.62
19951	3.56
19175	3.55
19899	3.54
26443	3.51
216156	3.47
231329	3.43
65019	3.42
192170	3.41
24015	3.39
75617	3.34
22335	3.29
13806	3.27
11461	3.25
19941	3.21
20054	3.18
81898	3.09
20068	3.03
19173	3.01
19944	3.01
22186	2.99
20104	2.99
14109	2.98
22273	2.96
12857	2.94
65961	2.92
56403	2.90
20174	2.89
20918	2.89
67204	2.78
57320	2.77
107508	2.73
66235	2.72
66942	2.72
67281	2.68
12181	2.66
20055	2.65
18538	2.56
56436	2.52
114641	2.51
108679	2.47
70465	2.30
75624	2.23
57296	2.09
12567	2.08
20021	2.07
66164	1.94
110816	1.89
27397	1.87
67945	1.86
16898	1.82
77591	1.79
67942	1.78
56321	1.74
75398	1.67
53421	1.66
234388	1.56
235036	1.46
22166	1.45
56421	1.38
20591	1.34
17688	1.19
11566	1.17
18971	1.04
68991	1.04
15161	0.85
108689	0.78
67212	0.72
20020	0.69
66471	0.65
14679	0.65
98956	0.63
229949	0.58
101592	0.54
66242	0.50
17714	0.50
68743	0.50
57743	0.49
21379	0.46
17216	0.40
17877	0.38
69527	0.36
15331	0.23
60530	0.17
12544	0.14
16468	0.13
28071	0.11
16551	0.04
16870	0.04
14211	0.04
66197	0.01
66634	-0.02
19014	-0.05
11799	-0.34
215387	-0.36
19357	-0.40
216850	-0.41
110095	-0.43
19361	-0.43
20682	-0.44
21915	-0.45
67849	-0.45
18969	-0.50
20877	-0.53
21974	-0.64
100502766	-0.67
56150	-0.67
67177	-0.73
75605	-0.74
69692	-0.78
22289	-0.83
110749	-0.85
228026	-0.92
67027	-0.95
81500	-0.96
382985	-0.96
71147	-1.11
214899	-1.17
15278	-1.17
14056	-1.32
27398	-1.39
76044	-1.67
11479	-1.68
27221	-1.72
66311	-2.08
