15528	15.14
12469	11.74
15519	10.82
12301	9.97
15481	9.82
107508	7.59
12461	7.58
12465	7.45
13669	7.38
55989	7.18
18813	7.02
66409	6.88
18148	6.60
24015	6.37
13681	5.80
67089	5.31
11950	5.24
56351	5.22
216987	5.20
56505	5.10
56403	4.70
66942	4.69
70465	4.56
18648	4.50
21379	4.47
15387	4.42
59029	4.36
26440	4.07
216156	4.04
19179	3.99
20174	3.91
22273	3.78
11949	3.78
67204	3.69
75624	3.61
22335	3.50
19167	3.38
386649	3.37
56321	3.35
66235	3.28
66229	3.21
77591	3.20
22143	3.19
22631	3.14
30926	3.13
15278	3.06
66471	3.02
22166	2.98
110816	2.80
11566	2.69
23996	2.68
235036	2.68
14433	2.60
13806	2.58
17688	2.56
17216	2.56
27397	2.55
231329	2.53
17714	2.53
81489	2.51
65961	2.51
13629	2.46
26443	2.43
98956	2.43
12181	2.42
20104	2.42
12567	2.31
16341	2.28
20655	2.23
66634	2.23
56436	2.21
69527	2.17
108679	2.12
57320	2.11
71147	2.08
13627	2.04
18538	2.01
22154	2.00
22218	1.97
65019	1.89
14679	1.87
14211	1.87
66537	1.86
19173	1.82
19166	1.79
20091	1.75
16898	1.61
53421	1.60
101592	1.60
67942	1.57
20591	1.56
21974	1.50
66480	1.48
66164	1.45
19989	1.43
67177	1.38
26445	1.38
15161	1.36
81898	1.35
19944	1.35
19933	1.33
74255	1.32
57743	1.31
67212	1.31
192170	1.28
27398	1.24
27176	1.20
12857	1.16
28071	1.13
75398	1.12
110095	1.12
26451	1.04
268449	1.02
228026	0.97
18971	0.95
20918	0.90
15331	0.88
66242	0.87
12544	0.79
19175	0.70
20068	0.66
19357	0.63
19899	0.62
216850	0.58
11461	0.57
19942	0.50
76044	0.50
56421	0.47
14056	0.46
60530	0.42
19361	0.36
27221	0.30
66197	0.29
16468	0.29
22186	0.26
16551	0.21
114641	0.21
27207	0.20
19014	0.19
20055	0.10
229949	0.07
21915	0.07
75617	0.07
19941	0.06
20020	0.04
382985	0.04
11799	0.02
67281	-0.07
18969	-0.07
56150	-0.09
22187	-0.10
234388	-0.13
20054	-0.19
19951	-0.20
110749	-0.24
16870	-0.26
17877	-0.32
75605	-0.43
68743	-0.46
57296	-0.47
81500	-0.52
20021	-0.56
20682	-0.56
214899	-0.58
100502766	-0.60
215387	-0.62
67849	-0.71
69692	-0.71
108689	-0.78
14109	-0.82
67945	-0.83
73830	-0.86
67027	-0.92
20877	-0.96
22289	-1.11
66311	-1.21
11479	-1.23
68991	-1.95
