15481	13.69
12301	11.67
15510	10.82
12469	10.63
15528	9.23
56351	8.67
55989	8.47
12465	8.39
81489	7.77
67204	7.53
12461	7.51
67089	6.44
13669	6.37
18148	5.80
22143	5.64
59029	5.31
13681	5.23
19179	5.14
18813	5.00
66409	4.91
24015	4.76
66942	4.66
107508	4.58
22631	4.52
18538	4.50
19167	4.50
18648	4.41
26440	4.15
66235	4.06
26443	3.93
28071	3.92
19166	3.89
56505	3.84
15387	3.83
22187	3.83
14211	3.74
20174	3.69
17688	3.66
22154	3.65
22218	3.61
22166	3.58
216987	3.53
11566	3.47
23996	3.44
66537	3.34
81898	3.21
16341	3.17
65961	3.13
19933	3.07
386649	3.05
20091	2.97
56403	2.97
22335	2.90
30926	2.73
19989	2.72
65019	2.71
19173	2.65
11461	2.60
20655	2.58
66197	2.56
12181	2.52
66229	2.51
74255	2.50
14433	2.50
66480	2.49
66634	2.38
26451	2.37
13806	2.37
19941	2.33
19175	2.30
231329	2.23
192170	2.14
13627	2.12
114641	2.11
66471	2.09
20104	1.99
19942	1.97
11950	1.92
268449	1.91
77591	1.90
216156	1.89
20054	1.88
18971	1.87
73830	1.86
57320	1.85
19944	1.85
19899	1.79
26445	1.78
56421	1.75
67281	1.74
66164	1.72
20068	1.68
19357	1.59
234388	1.58
75617	1.54
56436	1.53
14109	1.53
27176	1.48
14056	1.42
20918	1.38
235036	1.36
75624	1.34
57296	1.33
110816	1.32
67945	1.32
108679	1.32
70465	1.31
17216	1.29
19951	1.26
27207	1.25
56321	1.24
75398	1.19
67177	1.17
60530	1.16
13629	1.15
20020	1.13
20055	1.12
14679	1.01
68991	0.97
22186	0.93
21974	0.93
21915	0.85
16898	0.78
11949	0.71
12857	0.69
27397	0.69
68743	0.64
20591	0.64
12567	0.63
101592	0.56
53421	0.52
216850	0.51
98956	0.51
20021	0.46
16551	0.43
56150	0.41
110095	0.36
57743	0.29
19361	0.28
67212	0.27
229949	0.26
16468	0.25
75605	0.24
16870	0.24
76044	0.21
12544	0.20
27221	0.20
66242	0.18
11799	0.17
21379	0.09
20682	-0.01
15161	-0.07
100502766	-0.18
22273	-0.19
15331	-0.19
17714	-0.23
67942	-0.23
215387	-0.26
382985	-0.30
81500	-0.41
71147	-0.43
108689	-0.45
22289	-0.51
66311	-0.52
67849	-0.55
110749	-0.56
17877	-0.65
18969	-0.66
69692	-0.68
214899	-1.00
11479	-1.13
15278	-1.23
228026	-1.25
69527	-1.35
19014	-1.42
20877	-1.55
27398	-1.68
67027	-2.60
