15510	15.14
12301	9.67
15519	9.23
15481	8.29
19942	8.17
65019	7.71
20068	7.38
26451	7.06
66480	6.89
18148	6.87
19167	6.69
114641	6.68
20091	6.67
19951	6.66
75617	6.60
20055	6.44
22166	6.44
268449	6.40
56351	6.39
12469	6.37
67281	6.35
27207	6.33
12461	6.29
22186	6.15
20054	6.14
66242	6.11
19899	6.10
67942	6.10
12465	5.99
67945	5.77
14109	5.70
66537	5.59
19941	5.54
11950	5.42
19933	5.36
19166	5.29
30926	5.29
27176	5.22
19989	5.19
26440	5.04
11949	5.02
67204	4.99
19944	4.95
12857	4.89
75398	4.81
20655	4.68
66409	4.60
27397	4.60
55989	4.53
20104	4.51
16898	4.26
26443	4.26
13627	4.24
18813	4.21
13681	4.13
22218	4.11
16341	4.05
26445	4.04
67089	3.95
66164	3.76
66942	3.75
13669	3.74
19175	3.74
73830	3.62
66235	3.57
57320	3.53
19173	3.45
24015	3.40
67212	3.32
59029	3.30
22143	3.15
81489	3.04
66197	3.02
18648	2.82
66229	2.75
12567	2.67
14433	2.65
107508	2.64
56505	2.45
216156	2.35
21915	2.34
235036	2.31
18538	2.19
386649	2.18
22335	2.18
20174	2.08
70465	2.05
21379	1.88
13629	1.83
69692	1.78
56321	1.73
28071	1.65
22154	1.65
23996	1.60
27398	1.59
110816	1.51
20918	1.48
68991	1.47
22631	1.43
11566	1.43
216987	1.37
15278	1.34
69527	1.34
19179	1.33
98956	1.28
17714	1.23
66311	1.23
20591	1.10
17688	1.06
229949	1.05
17216	0.99
56403	0.94
65961	0.89
75624	0.86
15387	0.84
57296	0.82
20021	0.69
15331	0.64
71147	0.60
67177	0.58
12181	0.55
66471	0.54
22187	0.50
66634	0.50
15161	0.46
108679	0.42
57743	0.37
11799	0.36
14211	0.33
77591	0.32
13806	0.31
56150	0.31
216850	0.29
17877	0.27
16870	0.23
18971	0.21
56436	0.19
234388	0.17
228026	0.08
20682	0.08
74255	0.08
21974	0.06
20020	-0.01
192170	-0.05
110095	-0.05
81898	-0.08
53421	-0.20
19014	-0.20
11461	-0.22
22273	-0.29
382985	-0.32
14679	-0.37
14056	-0.42
231329	-0.47
19361	-0.49
101592	-0.57
22289	-0.59
19357	-0.60
76044	-0.75
16468	-0.82
12544	-0.83
60530	-0.93
11479	-1.02
81500	-1.05
27221	-1.08
56421	-1.08
100502766	-1.12
16551	-1.14
67849	-1.24
18969	-1.29
215387	-1.31
214899	-1.44
108689	-1.46
75605	-1.62
68743	-1.67
110749	-1.81
20877	-1.98
67027	-2.27
