19989	14.37
20091	14.20
13627	13.40
66480	12.70
18148	12.17
12461	11.36
65019	11.01
19951	10.83
13629	10.65
12465	10.62
268449	10.35
75617	9.89
19942	9.78
20068	9.41
27176	9.41
73830	9.31
27207	9.26
19899	9.21
26451	9.17
20055	8.95
114641	8.49
20104	8.16
67089	8.09
20054	7.99
14109	7.92
67204	7.82
66409	7.77
19933	7.73
19941	7.68
22218	7.65
19944	7.46
67281	7.39
19167	7.39
11949	7.37
30926	7.20
22186	7.10
12469	6.97
15387	6.96
26443	6.73
67942	6.34
19166	5.78
13681	5.72
26440	5.62
18813	5.53
75398	5.37
67945	5.35
55989	5.17
74255	5.14
59029	5.08
24015	4.84
15481	4.82
13669	4.79
16898	4.74
11950	4.60
28071	4.37
66164	4.25
11566	4.24
22335	4.22
66235	4.19
65961	4.09
15528	4.05
66942	3.80
12301	3.67
12567	3.66
57296	3.56
21974	3.35
12857	3.34
14679	3.33
56351	3.29
107508	3.26
15519	3.17
69527	3.16
81898	3.12
18538	3.10
22631	3.02
22154	2.99
77591	2.87
56403	2.82
69692	2.72
231329	2.68
26445	2.57
19179	2.57
192170	2.47
66242	2.42
66537	2.37
66229	2.35
20655	2.34
20918	2.34
15331	2.29
15510	2.28
19175	2.15
19357	2.07
22187	2.03
68991	1.96
57320	1.94
15278	1.90
75624	1.83
22166	1.72
56505	1.61
70465	1.59
108689	1.49
56321	1.45
101592	1.41
216987	1.37
66311	1.36
67027	1.36
22289	1.35
98956	1.33
11461	1.27
14056	1.26
228026	1.23
20174	1.19
75605	1.17
27397	1.11
17714	1.09
214899	1.01
20021	0.98
235036	0.97
386649	0.96
19173	0.91
108679	0.90
17688	0.84
16468	0.78
12181	0.78
81500	0.76
23996	0.74
14211	0.73
56150	0.63
229949	0.57
17877	0.52
66197	0.51
21915	0.47
14433	0.46
57743	0.46
110749	0.45
110816	0.42
27398	0.37
60530	0.35
81489	0.33
66634	0.33
19014	0.32
53421	0.27
11479	0.21
16551	0.12
22273	0.08
17216	0.07
66471	0.05
20020	0.05
67177	0.02
13806	-0.00
20682	-0.03
18648	-0.06
216850	-0.06
15161	-0.09
56436	-0.13
21379	-0.21
68743	-0.23
18971	-0.25
22143	-0.26
20877	-0.34
216156	-0.34
382985	-0.35
16870	-0.36
100502766	-0.40
19361	-0.46
71147	-0.48
12544	-0.51
11799	-0.55
67212	-0.56
56421	-0.63
18969	-0.70
110095	-0.75
215387	-0.75
76044	-0.92
67849	-0.92
27221	-1.11
20591	-1.12
234388	-1.22
