75605	5.49
216850	4.56
20591	4.23
22289	3.93
81898	3.41
15161	2.45
15387	2.19
22631	2.12
11479	2.12
56421	2.05
20020	1.92
17688	1.90
14056	1.86
21974	1.82
22218	1.75
11461	1.61
107508	1.61
101592	1.58
19357	1.53
231329	1.50
56403	1.50
77591	1.45
73830	1.39
66471	1.37
19175	1.34
13681	1.25
13669	1.14
19166	1.11
214899	1.09
22273	1.08
18648	1.05
21379	1.03
192170	0.98
74255	0.92
12469	0.87
75624	0.83
67204	0.80
16341	0.78
27397	0.77
12461	0.76
12857	0.74
20174	0.73
13629	0.72
14109	0.72
14679	0.69
28071	0.65
16551	0.63
19014	0.59
22187	0.58
66197	0.58
26443	0.57
11950	0.55
228026	0.54
53421	0.54
18148	0.53
66229	0.51
12465	0.46
22186	0.45
17216	0.43
216987	0.42
67212	0.39
55989	0.35
66942	0.33
69527	0.31
19167	0.30
15510	0.29
66537	0.29
20021	0.28
26445	0.28
13806	0.27
15519	0.25
65961	0.24
27176	0.23
234388	0.21
19944	0.21
23996	0.19
18971	0.16
268449	0.16
19179	0.16
14211	0.15
66235	0.15
15481	0.13
57320	0.13
27207	0.13
19899	0.13
21915	0.11
19989	0.11
57296	0.11
67177	0.10
108679	0.10
66480	0.08
235036	0.07
20091	0.06
20055	0.06
11949	0.06
26440	0.02
11566	0.02
75398	0.02
110095	0.02
114641	0.00
27398	-0.02
66409	-0.02
19942	-0.02
215387	-0.03
12301	-0.04
67942	-0.04
75617	-0.06
12181	-0.09
13627	-0.09
98956	-0.10
14433	-0.11
67027	-0.12
15331	-0.12
18813	-0.12
56321	-0.13
65019	-0.14
19951	-0.15
20054	-0.17
60530	-0.19
56436	-0.19
19173	-0.19
67945	-0.21
69692	-0.22
12567	-0.23
26451	-0.24
56505	-0.26
76044	-0.28
100502766	-0.31
20655	-0.33
20068	-0.34
20918	-0.39
67281	-0.40
30926	-0.40
19933	-0.43
81489	-0.43
66242	-0.43
22335	-0.44
386649	-0.46
66311	-0.46
19941	-0.51
17714	-0.51
67089	-0.54
59029	-0.54
68991	-0.56
19361	-0.58
22166	-0.61
56351	-0.61
11799	-0.62
17877	-0.64
216156	-0.65
27221	-0.66
20877	-0.68
67849	-0.68
70465	-0.69
110816	-0.70
57743	-0.70
16898	-0.73
18969	-0.75
108689	-0.76
24015	-0.76
18538	-0.76
66164	-0.77
66634	-0.77
15528	-0.82
56150	-0.89
71147	-0.92
20104	-0.95
16870	-1.02
20682	-1.05
15278	-1.06
68743	-1.07
81500	-1.09
12544	-1.17
382985	-1.47
22154	-1.47
110749	-1.60
22143	-1.63
229949	-2.42
