20877	14.54
11799	13.91
215387	11.56
67849	10.89
14211	9.97
68743	8.71
60530	8.60
76044	8.02
100502766	7.99
56150	7.61
19361	7.29
66197	6.73
12544	6.12
14056	4.78
27221	4.20
66311	3.57
19357	3.41
15331	3.08
17216	2.81
66634	2.80
22154	2.80
110749	2.54
18538	2.16
18971	2.08
22143	1.94
66471	1.76
24015	1.49
13669	1.34
55989	1.33
17688	1.33
67177	1.27
21915	1.26
18969	1.16
14679	1.13
21974	1.03
65961	0.99
18148	0.98
108689	0.96
107508	0.92
56403	0.91
12567	0.91
231329	0.78
11566	0.76
15161	0.76
75624	0.68
77591	0.68
110095	0.67
28071	0.66
20591	0.63
16468	0.63
16870	0.62
15387	0.54
22631	0.54
18648	0.49
216987	0.49
228026	0.44
98956	0.43
15519	0.43
22289	0.42
22166	0.42
214899	0.34
11461	0.34
59029	0.28
71147	0.25
20104	0.23
12461	0.22
15510	0.21
20174	0.20
16898	0.20
56351	0.19
53421	0.17
18813	0.17
11950	0.14
13627	0.14
16341	0.12
12301	0.10
20020	0.07
20682	0.07
81500	0.07
15481	0.04
66229	0.04
67089	0.03
19014	0.03
101592	0.01
56421	-0.00
110816	-0.00
67945	-0.03
12469	-0.03
67204	-0.04
13681	-0.05
81898	-0.05
67942	-0.06
11949	-0.08
56505	-0.09
19944	-0.11
27176	-0.11
75605	-0.13
234388	-0.17
15278	-0.18
12181	-0.18
22187	-0.19
12465	-0.20
14433	-0.21
57743	-0.21
13629	-0.22
66409	-0.23
19173	-0.26
216156	-0.26
26440	-0.27
114641	-0.30
81489	-0.31
19989	-0.34
66480	-0.34
21379	-0.35
229949	-0.36
65019	-0.37
74255	-0.38
192170	-0.38
27207	-0.40
69527	-0.43
17877	-0.43
19933	-0.43
22273	-0.43
22218	-0.44
13806	-0.46
56321	-0.46
17714	-0.49
20091	-0.52
19951	-0.53
70465	-0.54
14109	-0.54
26451	-0.55
22186	-0.55
57296	-0.57
19941	-0.57
69692	-0.58
20655	-0.60
268449	-0.60
382985	-0.61
67027	-0.61
23996	-0.62
19179	-0.63
19899	-0.63
20054	-0.64
30926	-0.65
20055	-0.66
19167	-0.68
22335	-0.68
20068	-0.74
73830	-0.76
216850	-0.76
19942	-0.77
26443	-0.79
66942	-0.80
26445	-0.80
66164	-0.82
12857	-0.82
66537	-0.86
75398	-0.86
56436	-0.87
75617	-0.88
66242	-0.88
235036	-0.92
67281	-0.93
67212	-0.96
19175	-1.04
11479	-1.05
108679	-1.06
57320	-1.07
27397	-1.08
27398	-1.11
386649	-1.13
15528	-1.14
66235	-1.20
19166	-1.29
20918	-1.42
68991	-1.46
20021	-1.51
