20682	2.70
18538	1.75
66311	1.70
229949	1.27
14056	1.25
57296	1.25
26445	1.25
26443	1.22
66197	1.22
22166	1.12
75398	1.08
76044	1.04
22631	0.94
22154	0.93
19175	0.92
100502766	0.86
65961	0.84
12544	0.82
66537	0.81
15331	0.80
19361	0.77
11461	0.77
66634	0.73
19166	0.71
19167	0.71
67204	0.71
22218	0.71
14433	0.69
11799	0.69
14211	0.68
23996	0.68
56150	0.68
12301	0.65
16551	0.62
22335	0.60
110749	0.54
67849	0.47
19173	0.47
234388	0.47
386649	0.45
19357	0.43
27221	0.43
21915	0.41
56436	0.40
74255	0.40
67089	0.40
60530	0.39
56351	0.38
11950	0.37
26440	0.36
13806	0.33
66480	0.32
59029	0.31
67177	0.31
20655	0.27
20877	0.26
215387	0.26
15519	0.24
15528	0.23
12469	0.22
81489	0.21
56421	0.21
18648	0.19
22186	0.17
71147	0.16
18969	0.16
12567	0.16
108689	0.06
22143	0.06
66164	0.06
18813	0.04
15481	0.04
18971	0.02
16898	0.02
67942	-0.01
21974	-0.01
19944	-0.01
19179	-0.02
15387	-0.04
20055	-0.08
66235	-0.08
20591	-0.08
13681	-0.11
12461	-0.11
66242	-0.12
19014	-0.12
20021	-0.14
27176	-0.14
14679	-0.14
27397	-0.14
110095	-0.15
20054	-0.15
15161	-0.17
17216	-0.17
67212	-0.18
19951	-0.18
53421	-0.19
67945	-0.20
114641	-0.25
15510	-0.26
19942	-0.26
12181	-0.27
192170	-0.27
66471	-0.27
14109	-0.27
11566	-0.28
67281	-0.28
68991	-0.29
26451	-0.29
68743	-0.30
12465	-0.31
13627	-0.31
11479	-0.32
55989	-0.33
30926	-0.34
24015	-0.34
20068	-0.36
16341	-0.36
20174	-0.37
108679	-0.38
18148	-0.38
57743	-0.38
17877	-0.38
11949	-0.39
19899	-0.40
216156	-0.40
22187	-0.42
75624	-0.42
75617	-0.47
20020	-0.48
216850	-0.48
65019	-0.48
20918	-0.49
66409	-0.50
56403	-0.50
69527	-0.50
13669	-0.50
17714	-0.51
12857	-0.52
268449	-0.52
15278	-0.52
21379	-0.55
81500	-0.55
17688	-0.58
19941	-0.58
27398	-0.58
110816	-0.60
20091	-0.62
22273	-0.64
67027	-0.64
56505	-0.65
57320	-0.68
19933	-0.68
22289	-0.68
228026	-0.69
69692	-0.69
66942	-0.73
28071	-0.74
66229	-0.76
235036	-0.76
216987	-0.78
56321	-0.79
107508	-0.79
27207	-0.84
19989	-0.85
81898	-0.86
73830	-0.90
77591	-0.94
382985	-0.95
98956	-0.99
214899	-1.00
16468	-1.02
13629	-1.02
20104	-1.08
101592	-1.14
70465	-1.28
231329	-1.35
75605	-1.91
