19941	12.80
27176	11.94
19944	11.53
19933	10.80
66480	9.96
19899	9.48
27207	9.31
75617	9.16
26451	9.16
19951	9.16
19989	9.12
67945	8.93
20068	8.72
13627	8.66
268449	8.61
67281	8.60
20091	8.35
20055	8.22
19942	7.86
65019	7.36
114641	7.31
20054	7.29
22186	7.18
14109	6.50
13629	6.49
67942	5.83
73830	5.79
18148	5.22
20104	5.12
16341	4.74
14433	4.64
15528	4.26
15331	4.13
12461	4.00
13806	3.99
20655	3.98
30926	3.91
22154	3.83
19173	3.59
12857	3.46
12465	3.29
13681	3.22
12567	3.14
56351	3.07
20918	2.95
22143	2.89
21915	2.87
13669	2.78
66311	2.47
57296	2.45
11949	2.38
22166	2.37
18813	2.34
19167	2.33
57320	2.26
11461	2.23
234388	2.21
67204	2.19
66235	2.14
228026	2.09
12469	1.99
66242	1.99
192170	1.97
100502766	1.94
66164	1.94
18648	1.88
15481	1.82
66229	1.80
235036	1.80
56403	1.68
27398	1.66
26445	1.62
15510	1.61
107508	1.55
67212	1.50
28071	1.50
19166	1.44
19175	1.43
12301	1.40
22273	1.39
27397	1.38
66537	1.29
11950	1.26
69692	1.24
55989	1.22
66409	1.14
22187	1.14
18971	1.07
67177	1.06
56505	1.05
15387	1.03
65961	1.02
56436	1.01
24015	0.99
26440	0.97
66942	0.96
216156	0.94
68991	0.92
56321	0.90
66471	0.87
70465	0.86
26443	0.85
17216	0.84
75398	0.84
20174	0.82
15519	0.78
12181	0.78
22631	0.78
14679	0.64
18538	0.62
53421	0.62
21379	0.55
15278	0.51
15161	0.50
110816	0.46
23996	0.46
110749	0.45
11566	0.44
67089	0.43
108679	0.38
81500	0.36
59029	0.35
20682	0.35
81898	0.35
22218	0.34
216850	0.34
98956	0.33
77591	0.31
17688	0.29
20591	0.29
20877	0.25
16551	0.20
20021	0.17
66197	0.17
229949	0.14
57743	0.13
20020	0.12
22335	0.12
81489	0.08
19179	0.07
76044	0.03
110095	0.02
16870	0.02
214899	-0.04
21974	-0.04
17714	-0.09
69527	-0.09
66634	-0.13
17877	-0.15
19361	-0.15
67849	-0.15
11479	-0.17
11799	-0.26
71147	-0.28
14056	-0.31
75605	-0.32
14211	-0.33
27221	-0.36
67027	-0.44
231329	-0.44
386649	-0.47
75624	-0.51
18969	-0.55
215387	-0.56
56421	-0.58
216987	-0.59
60530	-0.61
108689	-0.66
101592	-0.67
19357	-0.69
16468	-0.73
382985	-0.73
22289	-0.76
68743	-0.78
12544	-0.95
19014	-0.98
56150	-1.09
74255	-1.47
