67177	11.88
18971	11.57
60530	10.49
27221	10.41
18538	9.88
19361	9.82
12544	9.35
110749	9.32
17688	7.59
14211	6.71
76044	6.40
18969	6.22
56150	6.11
66634	5.82
14056	5.37
215387	5.35
67849	4.79
12567	4.71
22154	3.94
21915	3.92
100502766	3.79
22143	3.72
66471	3.37
56505	3.19
20877	3.07
18813	3.02
20174	2.92
15161	2.89
16551	2.81
231329	2.68
216987	2.62
15510	2.56
66942	2.55
12181	2.49
15331	2.46
192170	2.44
55989	2.39
107508	2.36
235036	2.19
110816	2.09
11799	2.07
19357	2.04
53421	2.04
24015	1.89
66409	1.82
15387	1.77
20020	1.67
23996	1.63
13681	1.61
66197	1.53
68743	1.51
66311	1.50
11461	1.47
12469	1.45
98956	1.43
12461	1.37
15519	1.29
108689	1.23
74255	1.22
216156	1.19
13669	1.18
70465	1.18
12465	1.13
18148	1.11
56403	1.07
15528	0.99
22289	0.95
21974	0.89
21379	0.88
16898	0.84
59029	0.81
20021	0.81
56321	0.77
13629	0.75
14433	0.74
28071	0.70
66164	0.67
67204	0.66
26440	0.64
108679	0.59
12301	0.54
14679	0.50
66480	0.45
16468	0.43
101592	0.43
66235	0.42
81898	0.42
20104	0.41
18648	0.41
15481	0.40
75624	0.40
57320	0.36
66229	0.35
19899	0.35
234388	0.33
27398	0.32
11566	0.30
67942	0.30
22335	0.25
22631	0.24
13806	0.23
57296	0.22
19166	0.20
69692	0.19
19942	0.17
228026	0.14
20682	0.14
22273	0.12
27397	0.11
19173	0.10
386649	0.09
19951	0.08
20055	0.07
16341	0.07
56436	0.06
27176	0.00
214899	0.00
26445	-0.02
20068	-0.02
20091	-0.02
229949	-0.06
19944	-0.10
216850	-0.10
20591	-0.10
56351	-0.12
16870	-0.17
73830	-0.17
17877	-0.18
77591	-0.19
13627	-0.19
67027	-0.24
67089	-0.28
114641	-0.28
11949	-0.30
19989	-0.30
20054	-0.33
27207	-0.33
19175	-0.33
65019	-0.38
382985	-0.39
268449	-0.43
22187	-0.43
19933	-0.46
66242	-0.56
11479	-0.57
56421	-0.57
81489	-0.58
30926	-0.60
19179	-0.63
26451	-0.63
66537	-0.65
19014	-0.65
68991	-0.66
110095	-0.67
11950	-0.68
75617	-0.68
22166	-0.69
22218	-0.69
67945	-0.70
22186	-0.71
65961	-0.72
81500	-0.73
17714	-0.81
71147	-0.85
67281	-0.87
15278	-0.94
19941	-1.01
20918	-1.13
67212	-1.19
14109	-1.20
69527	-1.25
57743	-1.50
20655	-1.53
19167	-1.59
75398	-1.62
75605	-1.77
26443	-2.17
12857	-2.41
