17216	7.59
18538	6.77
67177	6.19
18971	5.62
231329	5.43
12544	4.97
60530	4.78
14056	4.78
27221	4.59
66634	4.50
18969	4.32
216987	4.21
76044	3.91
19361	3.84
14211	3.77
110749	3.75
12469	3.73
19357	3.73
15519	3.66
18813	3.65
74255	3.22
22143	3.10
101592	2.98
18148	2.94
66942	2.87
12465	2.83
12461	2.82
65961	2.72
56505	2.68
15510	2.56
13669	2.56
55989	2.53
66409	2.50
11566	2.50
20174	2.48
20020	2.45
15387	2.43
22154	2.35
56321	2.33
15161	2.28
21915	2.28
100502766	2.23
75605	2.23
21974	2.14
107508	2.13
215387	2.12
56150	2.10
110816	1.97
192170	1.95
16468	1.90
75624	1.85
24015	1.79
13681	1.79
12567	1.74
26440	1.70
66471	1.66
28071	1.61
70465	1.61
12301	1.60
67849	1.58
56351	1.53
108689	1.49
18648	1.49
66197	1.46
228026	1.42
68743	1.37
16551	1.33
19166	1.28
235036	1.27
56403	1.23
15481	1.19
20091	1.19
30926	1.19
22289	1.18
81489	1.16
66229	1.07
77591	1.06
15528	1.06
67204	1.05
20104	1.04
26451	1.03
19179	0.99
59029	0.97
67089	0.93
20655	0.92
66235	0.92
81898	0.91
19989	0.90
22218	0.86
16341	0.84
65019	0.82
66164	0.82
20591	0.81
19933	0.80
14679	0.70
12181	0.67
66537	0.62
22631	0.62
13627	0.61
98956	0.54
69692	0.49
69527	0.48
22166	0.47
110095	0.46
56421	0.40
20068	0.39
19941	0.35
73830	0.35
268449	0.32
19942	0.32
16898	0.29
19951	0.29
229949	0.27
13629	0.22
216156	0.19
66311	0.18
27207	0.17
23996	0.11
66242	0.07
57320	0.07
19899	0.07
20021	0.02
13806	0.02
75617	0.01
27398	-0.02
27397	-0.04
15331	-0.06
114641	-0.06
26443	-0.09
66480	-0.10
67281	-0.11
27176	-0.11
14433	-0.14
386649	-0.16
20055	-0.17
11799	-0.18
214899	-0.28
20054	-0.29
26445	-0.29
57743	-0.31
20877	-0.31
19944	-0.33
71147	-0.33
67027	-0.40
67942	-0.43
11949	-0.43
14109	-0.44
17714	-0.46
11479	-0.49
19175	-0.50
19167	-0.51
68991	-0.54
57296	-0.55
16870	-0.58
20682	-0.58
19173	-0.58
22186	-0.60
53421	-0.60
22335	-0.62
56436	-0.72
67945	-0.75
15278	-0.78
75398	-0.78
19014	-0.81
22273	-0.87
21379	-0.90
17877	-0.92
81500	-0.94
11461	-0.99
108679	-1.18
216850	-1.28
12857	-1.33
11950	-1.37
382985	-1.44
67212	-1.54
22187	-1.59
234388	-1.73
20918	-2.56
