67089	3.49
67027	2.54
15510	2.53
15278	2.50
75398	2.48
28071	2.43
66229	2.43
75624	2.42
66164	2.17
66409	2.14
69527	2.05
20918	1.83
57743	1.80
65961	1.70
27397	1.69
26440	1.61
12465	1.58
19167	1.48
101592	1.47
30926	1.45
67204	1.43
14679	1.43
11950	1.42
70465	1.38
56436	1.36
24015	1.33
59029	1.33
23996	1.32
66235	1.30
57296	1.25
19173	1.24
15528	1.23
21379	1.20
12567	1.12
16341	1.09
75605	1.07
27398	1.04
15387	1.02
22335	0.98
56321	0.97
26443	0.96
216987	0.95
20591	0.93
13669	0.93
13681	0.93
11949	0.92
386649	0.85
12461	0.84
18813	0.84
13627	0.83
19175	0.83
235036	0.82
74255	0.80
107508	0.79
81489	0.78
228026	0.73
12469	0.71
67177	0.70
77591	0.69
19166	0.69
19989	0.67
11566	0.64
110816	0.64
20021	0.64
81898	0.61
216156	0.61
110749	0.58
18148	0.56
19014	0.54
12301	0.54
56351	0.53
214899	0.52
15481	0.50
56150	0.49
56403	0.47
22218	0.45
11479	0.43
19179	0.41
20104	0.41
81500	0.40
71147	0.38
20091	0.33
55989	0.28
22273	0.28
19933	0.23
20068	0.21
20174	0.19
12857	0.19
13629	0.16
19944	0.14
66942	0.14
14056	0.14
66480	0.13
20877	0.13
19941	0.13
215387	0.10
67212	0.10
65019	0.06
216850	0.06
382985	0.05
12181	0.03
19899	0.02
22289	0.00
268449	0.00
67849	-0.01
19951	-0.01
69692	-0.02
56505	-0.04
75617	-0.04
114641	-0.05
22187	-0.06
66197	-0.06
60530	-0.08
16898	-0.09
22186	-0.13
19942	-0.13
67942	-0.15
22631	-0.15
68991	-0.16
27176	-0.19
66537	-0.19
231329	-0.19
108679	-0.20
98956	-0.20
57320	-0.21
15519	-0.23
27207	-0.29
66242	-0.29
26445	-0.30
53421	-0.31
22166	-0.32
26451	-0.36
19361	-0.36
20055	-0.36
67281	-0.44
66634	-0.45
17688	-0.46
16551	-0.49
14109	-0.49
18969	-0.50
16870	-0.51
16468	-0.51
14211	-0.52
20054	-0.56
18648	-0.57
20020	-0.60
73830	-0.60
192170	-0.72
19357	-0.72
66311	-0.74
11799	-0.74
21974	-0.75
17877	-0.76
20655	-0.79
12544	-0.79
17216	-0.81
56421	-0.89
76044	-0.95
18538	-0.95
108689	-1.02
229949	-1.06
68743	-1.07
100502766	-1.13
18971	-1.15
13806	-1.16
22154	-1.20
15161	-1.22
67945	-1.24
110095	-1.24
234388	-1.27
14433	-1.28
20682	-1.30
27221	-1.48
66471	-1.63
15331	-1.69
21915	-1.74
11461	-1.86
22143	-2.30
