57320	1.60
23996	1.10
67942	1.03
19179	0.93
108679	0.92
19173	0.86
67089	0.85
19167	0.82
65961	0.80
19175	0.76
14433	0.72
22335	0.72
27397	0.69
386649	0.67
107508	0.65
28071	0.64
66409	0.64
234388	0.62
57296	0.61
27398	0.58
57743	0.57
19166	0.55
12465	0.55
16341	0.52
20021	0.51
13629	0.51
27176	0.48
12461	0.47
69692	0.47
56436	0.46
75624	0.45
66229	0.44
229949	0.44
19942	0.42
66537	0.42
66942	0.41
26440	0.40
75398	0.40
19899	0.40
30926	0.39
15481	0.38
20682	0.38
66235	0.36
67027	0.35
65019	0.34
12469	0.33
19989	0.32
15161	0.32
27207	0.30
22166	0.29
59029	0.29
68991	0.29
67204	0.28
67281	0.27
15528	0.27
20068	0.25
22289	0.24
19944	0.23
24015	0.22
20091	0.22
26445	0.22
20054	0.21
73830	0.21
67945	0.21
56505	0.20
66480	0.19
114641	0.18
20055	0.17
26451	0.17
26443	0.16
216156	0.16
110816	0.15
56351	0.14
12301	0.14
22218	0.13
20918	0.12
110749	0.12
215387	0.11
75617	0.09
19951	0.07
20655	0.07
268449	0.06
15278	0.05
70465	0.05
12181	0.04
11566	0.03
11950	0.03
20877	0.02
22187	0.02
19361	0.01
67177	0.01
216987	0.01
11949	0.00
20104	0.00
66242	-0.03
76044	-0.03
19941	-0.04
14109	-0.06
77591	-0.06
74255	-0.09
18813	-0.10
13669	-0.10
98956	-0.11
22186	-0.14
67212	-0.14
16898	-0.15
22273	-0.15
20020	-0.16
11799	-0.16
17216	-0.18
67849	-0.20
19933	-0.21
66471	-0.24
235036	-0.27
22143	-0.28
18148	-0.29
21915	-0.29
192170	-0.29
18969	-0.29
13627	-0.30
15510	-0.32
66634	-0.32
18538	-0.33
12567	-0.35
11461	-0.35
216850	-0.36
14679	-0.37
16870	-0.38
13806	-0.39
66197	-0.39
66311	-0.39
15331	-0.40
18648	-0.41
16551	-0.43
101592	-0.43
18971	-0.43
21379	-0.44
20174	-0.44
12857	-0.45
231329	-0.47
15387	-0.47
12544	-0.48
68743	-0.50
13681	-0.51
60530	-0.51
56403	-0.52
214899	-0.52
81898	-0.52
228026	-0.53
66164	-0.54
11479	-0.58
14211	-0.60
22154	-0.61
53421	-0.61
27221	-0.61
69527	-0.62
100502766	-0.62
55989	-0.63
16468	-0.64
15519	-0.65
19357	-0.70
21974	-0.70
56321	-0.71
382985	-0.72
17714	-0.76
20591	-0.81
71147	-0.82
56150	-0.82
81500	-0.84
81489	-0.85
108689	-0.85
14056	-0.90
17688	-0.92
110095	-1.00
75605	-1.01
19014	-1.02
22631	-1.24
56421	-1.60
