16341	12.17
19989	11.94
20091	11.83
65019	11.53
13627	11.51
12461	10.89
27176	10.89
66480	10.57
18813	10.40
12465	9.93
55989	9.93
66409	9.88
13669	9.38
268449	9.28
19951	9.27
26451	8.95
19942	8.87
27207	8.85
19899	8.83
13629	8.72
12469	8.67
67204	8.65
20068	8.54
19933	8.26
20055	8.05
75617	7.97
19941	7.92
73830	7.63
13681	7.40
20054	7.29
19944	7.01
14109	6.90
15528	6.87
114641	6.78
56403	6.60
15510	6.60
22186	6.42
56321	6.35
67281	6.30
65961	6.10
67089	5.89
67945	5.81
15519	5.80
12567	5.65
20104	5.62
15481	5.46
77591	5.40
66942	5.39
107508	5.30
16898	5.22
15387	5.14
67942	5.11
12301	4.77
24015	4.63
19166	4.62
18538	4.60
11949	4.45
66164	4.42
56505	4.39
56351	4.35
22218	4.33
69692	4.24
30926	4.22
20655	4.20
22154	4.16
66471	4.10
28071	4.04
20174	3.74
19167	3.73
11566	3.71
192170	3.52
26445	3.37
81898	3.32
69527	3.29
26440	3.29
26443	3.29
66235	3.24
235036	3.21
19179	3.18
75398	3.07
14433	3.06
70465	3.02
19175	3.02
14211	3.01
66537	2.94
17688	2.94
14056	2.93
11950	2.92
216987	2.89
98956	2.80
22166	2.71
22631	2.51
74255	2.46
59029	2.45
27397	2.42
12857	2.39
231329	2.24
66229	2.24
386649	2.16
56150	2.07
15331	2.03
101592	2.02
18648	1.97
19357	1.92
67177	1.91
13806	1.80
21915	1.77
22187	1.66
11461	1.66
22335	1.62
66634	1.59
21974	1.57
68991	1.48
66197	1.46
68743	1.45
21379	1.44
57320	1.41
27221	1.35
57296	1.33
22143	1.31
20020	1.30
20918	1.29
108689	1.25
20021	1.21
110749	1.20
216850	1.17
66311	1.16
76044	1.15
228026	1.13
17216	1.11
56421	1.11
16551	0.98
75624	0.95
216156	0.94
110816	0.89
11799	0.89
66242	0.87
14679	0.85
19014	0.80
18969	0.80
23996	0.76
229949	0.61
15278	0.58
17714	0.56
16468	0.53
60530	0.47
27398	0.47
12544	0.46
15161	0.46
382985	0.36
19361	0.31
53421	0.29
19173	0.26
20682	0.24
214899	0.24
56436	0.22
22289	0.17
75605	0.15
18971	0.14
12181	0.12
110095	0.12
100502766	-0.19
215387	-0.20
108679	-0.22
22273	-0.26
17877	-0.29
20591	-0.33
81500	-0.37
16870	-0.38
67027	-0.51
81489	-0.53
20877	-0.53
234388	-0.55
71147	-0.68
57743	-0.72
67849	-0.76
67212	-0.79
11479	-0.87
