17216	9.88
12544	8.55
56150	7.91
67177	7.70
110749	7.24
17688	6.77
19361	6.56
60530	6.37
14211	6.24
13681	6.21
76044	6.14
27221	5.75
14056	5.62
18971	5.60
66634	5.52
15387	5.40
22143	5.39
192170	5.32
26440	4.97
18969	4.94
55989	4.83
74255	4.74
18813	4.70
15331	4.67
18148	4.60
22218	4.56
22154	4.55
19357	4.50
15519	4.50
12567	4.49
66409	4.47
66197	4.40
19166	4.36
21915	4.31
59029	3.94
22166	3.83
12469	3.77
215387	3.61
12461	3.54
67849	3.38
66311	3.34
66471	3.23
66235	3.21
19167	3.17
12465	3.14
66164	3.14
16341	3.10
66942	3.07
67089	2.94
11566	2.91
26445	2.89
56351	2.70
67204	2.67
19175	2.63
15481	2.56
66480	2.47
20020	2.46
20174	2.44
26443	2.43
56403	2.40
11950	2.39
81489	2.39
81898	2.38
23996	2.36
56505	2.32
22187	2.32
12301	2.31
19989	2.24
14679	2.20
22631	2.19
15528	2.19
13627	2.17
11949	2.17
16551	2.16
108689	2.15
66537	2.12
22335	2.08
27176	2.06
15510	2.01
231329	2.01
11799	1.99
20091	1.85
100502766	1.79
20877	1.77
16870	1.75
15161	1.69
11461	1.67
13669	1.66
65961	1.65
57296	1.63
20021	1.58
73830	1.57
68991	1.57
20068	1.56
18648	1.53
20655	1.52
19942	1.52
67942	1.49
20918	1.44
22289	1.44
19899	1.37
65019	1.26
28071	1.26
24015	1.26
19951	1.25
20055	1.22
216987	1.20
114641	1.19
56421	1.18
66229	1.17
19173	1.10
68743	1.06
13806	1.06
21974	1.05
108679	1.03
75398	0.97
30926	0.94
19179	0.91
19933	0.89
14109	0.88
14433	0.82
107508	0.76
75617	0.74
268449	0.73
19941	0.72
12181	0.70
235036	0.68
26451	0.66
16898	0.62
20054	0.57
70465	0.46
27207	0.45
67945	0.42
386649	0.38
53421	0.38
19944	0.38
69692	0.37
22186	0.34
228026	0.33
69527	0.29
216850	0.19
20104	0.17
66242	0.06
67281	0.04
27397	-0.00
12857	-0.04
77591	-0.04
56436	-0.06
13629	-0.10
101592	-0.14
57320	-0.17
20682	-0.19
229949	-0.20
216156	-0.21
22273	-0.24
67212	-0.30
98956	-0.30
19014	-0.30
17877	-0.33
110816	-0.44
20591	-0.46
21379	-0.47
56321	-0.55
234388	-0.56
27398	-0.61
110095	-0.66
67027	-0.67
11479	-0.68
81500	-0.68
16468	-0.76
57743	-0.84
75624	-0.88
382985	-0.88
17714	-0.95
71147	-1.19
214899	-1.27
15278	-1.70
75605	-2.86
