13806	14.03
14433	11.09
56421	6.35
22143	5.04
228026	4.91
19173	4.85
12469	4.85
11950	4.59
22166	4.56
20174	4.52
15510	4.50
11949	4.47
15519	4.41
22273	4.34
110095	4.16
13681	4.03
68991	3.90
22631	3.85
15481	3.72
19166	3.72
57296	3.67
59029	3.64
26440	3.62
12461	3.58
12465	3.56
22154	3.50
12301	3.29
23996	3.27
66235	3.18
70465	3.00
19179	2.99
30926	2.92
66537	2.91
26443	2.89
66229	2.87
15528	2.82
12857	2.79
15387	2.79
18813	2.79
26445	2.72
12567	2.66
12181	2.56
192170	2.53
27397	2.50
56505	2.47
11461	2.43
11566	2.31
22335	2.27
56351	2.24
19167	2.19
216156	2.13
75605	2.12
67089	2.05
21379	1.98
18148	1.97
16898	1.88
20591	1.87
24015	1.87
67942	1.85
66480	1.83
66197	1.81
234388	1.80
66164	1.78
22218	1.73
56436	1.72
13627	1.71
14109	1.67
81898	1.57
20021	1.53
18538	1.53
17688	1.49
57320	1.48
13629	1.41
27176	1.41
19175	1.38
66409	1.36
19357	1.33
26451	1.31
14679	1.29
108679	1.25
56403	1.24
56150	1.24
81489	1.20
75624	1.18
231329	1.11
19944	1.06
66471	1.05
16468	1.05
13669	1.04
73830	1.02
19942	1.02
21915	1.01
216987	1.00
57743	0.99
74255	0.96
235036	0.95
67945	0.90
66242	0.89
20091	0.89
53421	0.87
12544	0.87
20877	0.85
19899	0.84
67177	0.84
22186	0.84
19989	0.82
107508	0.79
14211	0.76
27398	0.76
27207	0.74
66942	0.71
20682	0.71
15161	0.69
75617	0.69
114641	0.67
66634	0.66
65961	0.65
386649	0.64
65019	0.64
268449	0.61
11479	0.61
69692	0.60
16551	0.49
20055	0.47
20054	0.46
55989	0.44
20655	0.41
17216	0.41
67204	0.40
20020	0.40
229949	0.39
15331	0.38
20068	0.35
67281	0.28
19951	0.28
68743	0.27
19933	0.25
27221	0.23
19014	0.22
16870	0.19
19941	0.18
69527	0.14
67212	0.12
216850	0.11
22187	0.10
67849	0.09
76044	0.08
100502766	0.08
66311	0.02
18971	0.02
19361	-0.04
108689	-0.05
16341	-0.06
20918	-0.09
28071	-0.10
11799	-0.10
60530	-0.15
214899	-0.15
110816	-0.16
98956	-0.19
20104	-0.20
75398	-0.23
77591	-0.29
71147	-0.32
15278	-0.37
17877	-0.41
18969	-0.43
14056	-0.46
215387	-0.53
110749	-0.57
17714	-0.57
81500	-0.72
56321	-1.03
101592	-1.08
382985	-1.41
67027	-1.49
22289	-1.52
21974	-1.75
