12461	12.32
12465	10.69
18148	10.40
55989	10.26
12469	9.79
66409	9.13
13681	8.93
66942	7.68
56505	7.67
56403	7.17
12567	7.05
15510	7.02
192170	6.99
24015	6.83
13669	6.66
70465	6.61
19179	6.13
56321	6.01
216987	5.99
20174	5.68
66229	5.58
65961	5.54
16341	5.53
23996	5.50
59029	5.49
67204	5.49
13629	5.34
107508	5.28
12181	5.22
66164	5.20
15519	5.00
26443	4.98
235036	4.94
15481	4.83
20091	4.72
21379	4.71
18538	4.70
22154	4.70
15387	4.64
216156	4.61
30926	4.59
74255	4.52
66471	4.44
27176	4.42
65019	4.34
56351	4.34
13627	4.34
19989	4.30
12301	4.26
66480	4.23
26451	4.21
15528	4.21
386649	4.12
19944	4.07
19933	4.04
98956	3.98
67089	3.96
20104	3.89
19899	3.84
20055	3.79
56436	3.78
19942	3.77
19166	3.77
22143	3.77
110816	3.76
231329	3.74
73830	3.72
26445	3.72
19167	3.71
27207	3.69
20054	3.69
66235	3.68
20068	3.67
17688	3.65
26440	3.60
57296	3.51
77591	3.41
75624	3.41
27397	3.28
17216	3.02
19951	2.98
75617	2.97
268449	2.97
66537	2.95
101592	2.89
53421	2.88
19175	2.88
11566	2.80
18648	2.79
114641	2.65
19357	2.64
28071	2.61
20020	2.60
15161	2.59
19941	2.54
11949	2.54
14433	2.50
110749	2.44
19173	2.43
14056	2.38
16898	2.34
12544	2.34
22186	2.32
11461	2.28
14109	2.15
67942	2.04
67945	2.01
14211	2.00
22631	1.96
21915	1.95
81898	1.88
57320	1.82
234388	1.81
56150	1.78
20021	1.76
20655	1.68
67281	1.65
22335	1.58
18969	1.57
27221	1.47
22166	1.47
66634	1.44
67177	1.41
68991	1.37
19361	1.37
69692	1.36
75398	1.34
22273	1.31
11950	1.28
13806	1.03
19014	1.00
15278	0.98
18971	0.92
21974	0.90
22218	0.89
108679	0.87
17714	0.84
15331	0.81
69527	0.78
27398	0.71
11799	0.65
14679	0.60
66311	0.58
229949	0.54
20591	0.52
20682	0.48
108689	0.48
57743	0.41
68743	0.35
20918	0.35
216850	0.26
215387	0.23
76044	0.22
16551	0.17
60530	0.13
67849	0.12
66197	0.12
22187	0.11
81489	0.07
16870	0.04
17877	-0.10
16468	-0.12
66242	-0.27
100502766	-0.30
75605	-0.31
12857	-0.35
20877	-0.37
67212	-0.42
110095	-0.48
228026	-0.50
56421	-0.53
81500	-0.69
11479	-0.76
67027	-0.89
71147	-0.89
22289	-1.10
382985	-1.55
214899	-1.57
