17216	6.22
110749	5.98
12544	5.78
27221	5.74
67177	5.43
18971	5.09
18538	4.94
108689	4.38
17688	4.32
66634	4.08
19361	3.99
69527	3.75
215387	3.65
60530	3.53
67849	3.45
76044	3.33
14056	3.23
56150	3.10
98956	2.86
12567	2.48
14211	2.45
20174	2.29
56321	2.24
69692	2.21
57743	2.16
22143	2.15
21915	2.07
22154	2.02
66471	1.89
68743	1.87
19357	1.86
20877	1.84
14433	1.74
20021	1.72
18813	1.57
100502766	1.46
26445	1.39
231329	1.38
15331	1.27
66311	1.25
66197	1.25
101592	1.25
56505	1.22
15161	1.19
19014	1.18
75624	1.18
16551	1.16
56403	1.16
192170	1.04
21379	1.04
13806	0.99
235036	0.96
11799	0.92
228026	0.87
74255	0.85
26440	0.85
66942	0.82
20020	0.82
67027	0.80
18148	0.80
81500	0.79
23996	0.78
216987	0.76
22335	0.70
77591	0.60
65961	0.55
56421	0.55
27398	0.53
108679	0.49
56436	0.49
22273	0.45
67089	0.45
27176	0.42
12181	0.41
229949	0.30
66409	0.28
70465	0.26
19175	0.24
19166	0.24
11949	0.22
71147	0.19
11461	0.17
16870	0.16
15387	0.16
386649	0.14
26443	0.14
12469	0.14
22166	0.14
21974	0.13
20655	0.11
22631	0.11
110816	0.11
75398	0.10
12301	0.08
19179	0.08
107508	0.07
81489	0.02
24015	-0.00
15278	-0.01
13669	-0.02
14679	-0.02
57296	-0.07
15510	-0.07
19167	-0.08
22218	-0.09
56351	-0.11
13681	-0.15
55989	-0.24
11479	-0.25
19989	-0.25
22187	-0.29
17877	-0.29
57320	-0.31
11566	-0.34
66537	-0.37
53421	-0.39
234388	-0.43
18648	-0.43
15481	-0.50
12465	-0.50
17714	-0.50
67204	-0.53
12461	-0.53
16898	-0.55
13627	-0.56
11950	-0.57
73830	-0.58
66235	-0.59
216850	-0.59
216156	-0.61
67942	-0.64
59029	-0.66
15519	-0.66
22289	-0.67
19944	-0.68
16341	-0.70
28071	-0.74
20091	-0.74
16468	-0.75
13629	-0.77
20068	-0.85
65019	-0.90
20918	-0.98
19899	-0.98
66242	-1.02
30926	-1.02
27207	-1.03
22186	-1.07
268449	-1.08
26451	-1.10
19933	-1.11
81898	-1.13
67212	-1.13
20591	-1.13
19951	-1.14
19173	-1.14
20055	-1.16
110095	-1.17
19942	-1.17
66164	-1.18
20104	-1.19
75617	-1.29
20054	-1.29
15528	-1.29
14109	-1.31
382985	-1.34
66480	-1.55
67945	-1.56
66229	-1.57
114641	-1.62
68991	-1.72
19941	-1.72
12857	-1.95
27397	-1.98
67281	-2.02
20682	-2.24
214899	-2.41
75605	-2.77
