17216	11.57
67177	7.69
66634	6.47
12544	6.12
60530	6.06
27221	5.80
14211	5.73
19361	5.65
17688	5.62
18538	5.60
18969	5.09
110749	4.85
20174	4.81
76044	4.72
22154	4.48
22143	4.35
56150	3.86
14056	3.79
21915	3.74
215387	3.57
100502766	2.85
12181	2.83
12567	2.73
216156	2.51
56505	2.48
20877	2.43
19357	2.43
15331	2.38
66471	2.36
235036	2.28
68743	2.14
16551	2.08
67849	2.04
66311	2.03
110816	1.99
192170	1.94
15161	1.93
15519	1.87
98956	1.74
13629	1.67
216987	1.66
234388	1.65
11461	1.55
231329	1.53
21379	1.46
22273	1.46
19899	1.42
27398	1.41
12465	1.39
13806	1.32
66235	1.27
108689	1.24
55989	1.15
12301	1.14
20054	1.09
16898	1.07
15481	1.04
56351	1.04
21974	1.01
66942	1.01
12469	0.98
15510	0.95
18813	0.92
66197	0.89
66242	0.83
59029	0.82
20020	0.81
67027	0.81
107508	0.79
70465	0.77
23996	0.75
26440	0.74
57320	0.73
20055	0.69
53421	0.69
73830	0.65
15387	0.62
67942	0.61
20104	0.57
22335	0.50
14109	0.50
24015	0.50
20591	0.49
56321	0.45
74255	0.43
20091	0.37
56436	0.32
27207	0.32
28071	0.31
67089	0.30
19944	0.28
11799	0.27
19173	0.26
67212	0.25
14679	0.25
15528	0.21
19175	0.21
77591	0.20
13669	0.19
19941	0.19
19942	0.19
11566	0.17
56421	0.17
16468	0.16
56403	0.15
22289	0.15
114641	0.14
18148	0.14
20682	0.13
110095	0.12
81898	0.12
19933	0.05
214899	0.04
22186	0.03
16870	0.02
18648	0.02
20068	-0.00
26451	-0.03
30926	-0.04
67281	-0.04
12461	-0.04
386649	-0.05
67945	-0.09
268449	-0.09
19951	-0.10
101592	-0.11
66480	-0.15
19989	-0.20
81489	-0.20
14433	-0.21
16341	-0.25
67204	-0.34
27176	-0.35
81500	-0.36
20021	-0.37
22187	-0.40
75617	-0.43
17877	-0.43
27397	-0.47
228026	-0.50
66229	-0.52
22166	-0.52
65019	-0.54
11949	-0.54
382985	-0.59
69527	-0.61
22218	-0.72
75624	-0.81
57743	-0.82
13627	-0.83
66409	-0.85
13681	-0.85
26445	-0.92
22631	-0.96
69692	-1.00
108679	-1.03
11950	-1.03
71147	-1.13
26443	-1.13
20655	-1.13
216850	-1.15
17714	-1.15
57296	-1.15
19014	-1.17
229949	-1.19
19179	-1.20
19167	-1.21
12857	-1.26
65961	-1.45
66537	-1.61
20918	-1.69
19166	-1.71
68991	-1.92
11479	-1.93
66164	-2.02
75605	-2.05
75398	-2.28
15278	-2.56
