214899	4.91
21379	3.35
77591	3.07
98956	2.80
81898	2.50
56321	2.44
67027	2.22
15161	2.14
20591	2.06
20020	1.94
382985	1.88
22631	1.75
56403	1.56
20021	1.47
69527	1.45
13681	1.41
56421	1.41
22273	1.39
11949	1.36
108679	1.35
216850	1.34
26443	1.33
231329	1.27
74255	1.25
75398	1.24
20918	1.23
20174	1.20
18969	1.18
66409	1.12
192170	1.11
57296	1.10
66164	1.09
70465	1.06
216156	1.03
75624	1.01
19175	1.00
24015	1.00
18813	1.00
12181	0.98
12465	0.98
216987	0.98
11950	0.90
71147	0.88
11799	0.88
56436	0.87
235036	0.82
22335	0.81
18148	0.80
108689	0.80
67212	0.80
12469	0.80
22218	0.75
75605	0.62
110816	0.62
12461	0.60
56505	0.59
30926	0.59
16468	0.59
20877	0.59
15387	0.56
53421	0.55
17714	0.54
26445	0.53
107508	0.49
13629	0.46
101592	0.45
15278	0.42
19167	0.40
67849	0.40
56150	0.40
228026	0.38
66235	0.36
110749	0.32
16341	0.32
27221	0.29
22289	0.29
19166	0.27
27398	0.24
57743	0.24
14433	0.22
18648	0.22
14679	0.21
27397	0.20
15510	0.19
60530	0.16
66471	0.11
81489	0.06
11566	0.03
215387	0.03
16551	0.03
76044	-0.00
81500	-0.01
12544	-0.02
20682	-0.03
15481	-0.05
11461	-0.06
66229	-0.09
26440	-0.09
12567	-0.10
16870	-0.12
23996	-0.13
20104	-0.14
66197	-0.15
19179	-0.15
67177	-0.16
65961	-0.18
19361	-0.19
66942	-0.19
15528	-0.20
67089	-0.22
55989	-0.22
67942	-0.25
229949	-0.25
13627	-0.26
18538	-0.30
12857	-0.32
68743	-0.33
66311	-0.38
13806	-0.39
22187	-0.40
28071	-0.42
15331	-0.43
12301	-0.43
22143	-0.44
14056	-0.47
73830	-0.47
19942	-0.50
68991	-0.52
11479	-0.52
19357	-0.52
13669	-0.55
268449	-0.56
19944	-0.57
66480	-0.59
27176	-0.61
57320	-0.62
17216	-0.65
234388	-0.66
21915	-0.67
66242	-0.67
56351	-0.68
114641	-0.70
19173	-0.72
27207	-0.73
66537	-0.75
66634	-0.77
17688	-0.81
75617	-0.82
22186	-0.82
22166	-0.84
59029	-0.86
65019	-0.87
386649	-0.87
19941	-0.90
69692	-0.91
19951	-0.95
19989	-0.95
20655	-0.97
16898	-0.98
17877	-1.02
20055	-1.05
26451	-1.06
21974	-1.08
110095	-1.08
67945	-1.09
19899	-1.10
67281	-1.11
20068	-1.14
22154	-1.15
19933	-1.15
20054	-1.16
14109	-1.16
18971	-1.17
20091	-1.17
100502766	-1.24
15519	-1.42
67204	-1.60
14211	-1.76
