26440	16.68
19167	16.03
26445	15.55
26443	15.09
66537	13.28
59029	11.55
19175	11.41
67089	10.61
23996	10.30
22166	10.21
19179	9.39
19173	9.12
74255	8.96
12469	8.04
22218	7.97
68991	7.84
75398	7.62
11950	7.26
13681	6.90
12461	6.86
22335	6.85
12465	6.57
11949	6.37
15387	6.30
19942	6.16
20021	5.80
16341	5.78
66480	5.78
386649	5.76
57296	5.63
19989	5.61
67204	5.59
73830	5.34
15528	5.29
75617	5.15
66242	5.14
12857	5.03
57320	4.86
20068	4.82
20091	4.81
12301	4.78
66409	4.68
18148	4.62
65019	4.57
192170	4.57
30926	4.53
22187	4.46
18538	4.36
19951	4.35
67942	4.33
27207	4.33
66235	4.29
15481	4.25
56436	4.24
268449	4.16
114641	4.15
66164	4.09
27397	4.01
27176	3.91
15519	3.89
22143	3.78
18813	3.77
18648	3.72
67281	3.68
19941	3.60
20655	3.57
22631	3.57
19899	3.51
65961	3.50
11461	3.49
81898	3.45
26451	3.41
22154	3.36
66229	3.35
14109	3.34
67212	3.20
14433	3.17
231329	3.16
69692	3.09
20055	3.09
22186	3.09
12567	3.04
108679	2.98
67945	2.96
19933	2.84
13627	2.74
20054	2.73
19944	2.59
20918	2.56
15161	2.48
56351	2.45
56505	2.42
66197	2.21
13806	2.14
19357	2.11
69527	1.99
66942	1.98
27398	1.90
15331	1.83
15510	1.79
20174	1.74
14679	1.68
234388	1.60
56150	1.59
66311	1.57
75624	1.52
22273	1.52
21915	1.49
107508	1.46
16898	1.44
17688	1.28
11566	1.17
16468	1.11
21974	1.09
55989	1.09
216156	1.04
13669	1.01
66471	1.00
20591	0.91
216987	0.90
28071	0.83
16870	0.71
17714	0.69
20020	0.67
22289	0.63
81489	0.63
17877	0.55
56403	0.55
24015	0.53
57743	0.48
11479	0.42
56421	0.27
19014	0.27
70465	0.24
18969	0.24
77591	0.22
17216	0.20
20104	0.19
12181	0.18
14056	0.18
229949	0.13
12544	0.12
14211	-0.06
101592	-0.11
53421	-0.13
13629	-0.24
110095	-0.25
11799	-0.27
75605	-0.27
67177	-0.29
382985	-0.32
216850	-0.33
110816	-0.40
56321	-0.53
215387	-0.54
110749	-0.55
108689	-0.57
19361	-0.63
214899	-0.65
66634	-0.66
100502766	-0.67
67027	-0.70
228026	-0.71
76044	-0.76
27221	-0.76
60530	-0.90
98956	-0.94
20682	-0.95
67849	-0.98
81500	-1.05
68743	-1.05
71147	-1.10
15278	-1.11
235036	-1.25
21379	-1.27
16551	-1.29
20877	-1.53
18971	-1.71
