26443	17.04
19166	16.03
26440	14.75
59029	14.12
67089	12.77
26445	10.94
66537	9.79
22166	9.69
19175	9.55
19179	9.35
11950	9.11
23996	8.90
22218	8.85
19173	8.71
12469	8.07
30926	7.64
12301	7.58
22335	7.52
16341	7.39
67204	7.38
11949	7.13
15528	6.69
15387	6.54
75398	6.31
12461	6.15
12465	6.15
66235	5.95
74255	5.82
57296	5.59
56351	5.57
66480	5.48
68991	5.20
56436	5.18
13681	5.17
57320	4.86
386649	4.82
19942	4.66
75617	4.65
19989	4.62
15519	4.50
20091	4.25
22631	4.04
66409	4.00
15481	3.97
20068	3.83
18148	3.73
18813	3.71
27397	3.69
114641	3.68
27207	3.66
12857	3.66
24015	3.60
22187	3.47
27176	3.43
66242	3.41
15510	3.38
67212	3.37
66164	3.35
192170	3.32
65019	3.30
268449	3.24
19951	3.22
75624	3.21
66229	3.18
18538	3.17
67945	3.15
19941	3.03
14433	3.00
67281	2.97
19944	2.96
56505	2.95
22143	2.94
20655	2.87
73830	2.82
67942	2.77
234388	2.75
65961	2.72
11461	2.68
20055	2.67
13627	2.67
15331	2.66
13669	2.64
20918	2.62
20021	2.62
22273	2.59
107508	2.59
19933	2.58
19899	2.57
22154	2.57
81898	2.49
26451	2.43
57743	2.40
55989	2.37
16898	2.33
28071	2.26
22186	2.24
18648	2.19
11566	2.15
12567	2.07
14679	2.06
27398	2.00
14109	1.98
56403	1.95
66197	1.84
69692	1.81
66311	1.78
108679	1.78
20054	1.72
216156	1.68
13806	1.67
70465	1.62
231329	1.57
17714	1.48
20104	1.41
20174	1.37
21915	1.36
69527	1.16
66942	1.12
15161	1.08
12181	0.95
56150	0.87
216987	0.87
17877	0.82
19357	0.82
67027	0.75
16870	0.71
53421	0.52
77591	0.51
66471	0.46
19014	0.40
20591	0.36
21974	0.36
229949	0.31
56421	0.31
16468	0.30
56321	0.09
75605	0.07
15278	0.01
14056	0.01
71147	-0.06
18969	-0.08
81489	-0.09
98956	-0.11
81500	-0.16
14211	-0.17
110095	-0.18
21379	-0.19
13629	-0.24
228026	-0.35
12544	-0.36
20020	-0.37
214899	-0.42
11479	-0.50
17688	-0.51
11799	-0.52
110749	-0.60
235036	-0.67
16551	-0.68
20682	-0.77
216850	-0.78
108689	-0.78
66634	-0.81
110816	-0.81
22289	-0.81
19361	-0.85
101592	-0.89
76044	-0.94
215387	-0.96
20877	-0.97
60530	-0.98
68743	-1.15
18971	-1.21
27221	-1.22
382985	-1.26
67177	-1.38
100502766	-1.38
17216	-1.59
67849	-1.69
