19175	12.82
23996	10.45
19166	9.12
19167	8.71
26443	8.49
26445	7.90
66537	7.39
59029	7.33
26440	7.25
12857	6.84
57296	6.80
57320	6.74
19179	6.66
56436	6.62
22166	6.48
234388	6.25
67089	5.78
27398	5.61
27397	5.46
11950	5.40
12465	5.38
66242	5.34
22273	5.22
68991	5.16
386649	5.16
20021	5.10
19899	5.08
67942	5.04
12469	4.87
18648	4.85
67212	4.81
19942	4.71
216156	4.67
22335	4.65
22143	4.63
12181	4.61
73830	4.59
30926	4.55
14433	4.53
13806	4.44
66235	4.26
192170	4.13
22187	3.97
12461	3.93
67945	3.92
66480	3.83
11949	3.73
16898	3.59
56505	3.48
66229	3.47
15528	3.45
13681	3.35
14109	3.20
27176	3.20
12301	3.20
21915	3.14
20068	3.09
15481	3.01
20054	3.01
22186	2.95
19944	2.93
20174	2.85
75624	2.81
11461	2.80
20655	2.76
20055	2.73
67281	2.73
22154	2.71
15519	2.65
75617	2.53
67204	2.51
66164	2.47
18813	2.43
20918	2.35
19941	2.29
107508	2.27
27207	2.21
108679	2.20
12567	2.20
22631	2.17
74255	2.08
19951	1.96
56403	1.89
75398	1.88
19989	1.85
15510	1.82
15161	1.71
65961	1.69
24015	1.63
66311	1.62
114641	1.61
56351	1.53
20091	1.53
21379	1.51
66471	1.44
110816	1.39
15387	1.38
13669	1.33
53421	1.33
22218	1.30
26451	1.29
17714	1.24
216987	1.23
81898	1.21
70465	1.19
268449	1.18
18538	1.10
65019	0.93
16341	0.91
13629	0.89
20591	0.89
17877	0.86
214899	0.81
19933	0.77
66409	0.69
28071	0.65
66197	0.57
66942	0.54
15331	0.51
57743	0.47
16870	0.47
11479	0.47
75605	0.44
69692	0.43
56421	0.35
13627	0.33
77591	0.28
19357	0.27
18148	0.26
18971	0.26
235036	0.23
100502766	0.19
14679	0.15
382985	0.15
71147	0.14
11566	0.13
229949	0.13
17216	0.10
12544	0.09
20020	0.03
231329	0.03
69527	-0.01
14211	-0.06
76044	-0.12
16468	-0.19
19361	-0.22
55989	-0.24
16551	-0.26
67849	-0.33
20682	-0.34
110095	-0.36
81489	-0.41
27221	-0.49
110749	-0.50
56321	-0.52
68743	-0.53
20877	-0.57
17688	-0.58
66634	-0.61
216850	-0.64
98956	-0.65
11799	-0.65
19014	-0.72
21974	-0.80
67177	-0.80
108689	-0.82
81500	-0.92
60530	-0.93
14056	-0.98
15278	-1.01
67027	-1.01
215387	-1.06
18969	-1.14
101592	-1.19
228026	-1.25
20104	-1.39
56150	-1.42
22289	-1.80
