26445	13.89
19173	12.82
23996	11.87
19166	11.41
26443	10.44
66537	10.35
19167	9.55
19179	8.94
57320	8.51
22187	8.35
386649	7.90
57296	7.74
12857	7.42
12465	7.18
73830	7.13
26440	6.97
67089	6.52
20021	6.50
56436	6.49
19942	6.40
67212	6.32
192170	5.92
13681	5.78
59029	5.77
27397	5.73
74255	5.72
22166	5.71
68991	5.48
67942	5.45
22335	5.34
27398	5.21
234388	5.16
22218	5.11
11949	4.95
19899	4.94
20655	4.93
66242	4.87
22186	4.80
11950	4.64
66480	4.58
75398	4.54
22273	4.50
67945	4.47
27176	4.41
216156	4.37
20054	4.33
12469	4.24
20068	4.23
14109	4.22
67204	4.18
19951	4.13
27207	4.10
75617	3.94
66229	3.88
14433	3.87
12461	3.81
15528	3.74
19944	3.64
19941	3.63
15481	3.55
20055	3.51
22154	3.50
66235	3.44
15387	3.37
30926	3.37
65019	3.24
19989	3.21
20091	3.20
12301	3.14
11461	3.06
20918	3.03
18148	3.02
107508	3.00
268449	2.96
12567	2.92
18813	2.88
56505	2.87
22143	2.81
81898	2.79
67281	2.77
56351	2.75
19933	2.71
114641	2.69
18538	2.63
66164	2.51
108679	2.44
22631	2.44
20174	2.38
15519	2.30
13806	2.20
16341	2.15
26451	2.12
66409	2.01
69692	1.92
21915	1.86
65961	1.75
69527	1.69
53421	1.67
66311	1.54
13627	1.53
16898	1.43
18648	1.38
216987	1.37
16468	1.34
15331	1.31
13629	1.23
13669	1.19
75624	1.05
20020	1.01
19014	1.00
19357	0.97
66471	0.94
16870	0.92
15161	0.88
17714	0.83
17877	0.76
12181	0.76
56403	0.70
15510	0.70
21379	0.65
11799	0.63
20591	0.51
110749	0.47
57743	0.40
231329	0.40
24015	0.32
81489	0.24
18969	0.24
55989	0.23
18971	0.21
14211	0.20
67027	0.19
216850	0.14
110816	0.12
56421	0.08
14679	0.08
66197	0.08
56150	-0.04
66942	-0.05
20682	-0.05
56321	-0.09
12544	-0.15
28071	-0.16
14056	-0.18
101592	-0.19
235036	-0.25
17216	-0.33
27221	-0.36
229949	-0.41
11479	-0.42
76044	-0.46
17688	-0.50
77591	-0.52
382985	-0.63
215387	-0.63
67177	-0.69
108689	-0.71
75605	-0.73
11566	-0.76
70465	-0.77
20104	-0.78
81500	-0.79
100502766	-0.80
66634	-0.83
214899	-0.85
67849	-0.88
60530	-0.94
22289	-0.96
110095	-0.97
68743	-0.98
16551	-1.04
98956	-1.08
20877	-1.09
19361	-1.13
21974	-1.32
71147	-1.55
228026	-2.12
15278	-2.21
