23996	14.26
386649	10.63
26443	10.43
59029	10.40
19166	9.39
66537	9.35
19167	9.35
67089	9.23
19175	8.94
12469	8.48
12465	8.31
56436	8.22
26445	8.14
26440	8.04
12461	6.85
74255	6.69
19173	6.66
22335	6.61
67204	6.29
18813	6.13
65961	6.00
15387	6.00
234388	5.96
192170	5.90
57296	5.75
56505	5.72
107508	5.70
15481	5.31
15519	5.14
57320	5.06
108679	4.87
13681	4.83
66229	4.79
66409	4.76
13669	4.36
22187	4.35
66235	4.30
30926	4.29
68991	4.29
231329	4.09
20021	4.08
66942	4.07
75624	3.99
15510	3.99
22631	3.85
11950	3.71
66471	3.70
216156	3.67
22154	3.65
22218	3.62
22273	3.51
22166	3.46
216987	3.43
12301	3.39
22143	3.38
27398	3.32
18148	3.18
14433	3.18
20655	3.17
11949	3.09
18648	2.99
56403	2.89
13806	2.85
81898	2.78
27397	2.68
16341	2.57
69527	2.55
12857	2.43
56321	2.36
67212	2.33
11461	2.25
73830	2.24
24015	2.18
56351	2.13
55989	2.11
20174	2.11
20091	2.09
12181	2.03
75398	1.96
12567	1.96
19357	1.87
13629	1.67
20918	1.67
66164	1.59
19989	1.58
57743	1.50
101592	1.39
69692	1.36
53421	1.34
15528	1.33
19933	1.31
15331	1.29
77591	1.27
67027	1.26
75617	1.24
11566	1.24
19944	1.24
110816	1.13
19942	1.11
65019	1.07
13627	1.00
17688	0.99
27207	0.99
70465	0.95
17877	0.93
18538	0.91
15161	0.88
27176	0.87
66242	0.80
110749	0.79
66480	0.78
28071	0.74
68743	0.71
20068	0.70
21379	0.69
20020	0.63
215387	0.57
19941	0.56
114641	0.53
20054	0.48
19951	0.47
11799	0.46
67281	0.44
56421	0.42
17714	0.41
27221	0.38
14056	0.31
14211	0.28
67945	0.25
67942	0.21
14109	0.21
16468	0.16
81489	0.13
268449	0.12
20104	0.11
76044	0.10
18969	0.08
14679	0.08
16898	0.07
66634	0.04
98956	0.04
81500	0.00
21915	-0.02
16870	-0.02
229949	-0.06
22186	-0.07
12544	-0.10
19361	-0.10
20682	-0.14
19014	-0.15
21974	-0.19
20591	-0.23
26451	-0.27
108689	-0.29
20055	-0.30
100502766	-0.33
67849	-0.33
19899	-0.35
66311	-0.38
214899	-0.42
75605	-0.46
110095	-0.46
56150	-0.61
235036	-0.62
16551	-0.63
17216	-0.63
11479	-0.69
382985	-0.73
71147	-0.75
15278	-0.75
20877	-0.88
67177	-1.07
66197	-1.16
18971	-1.20
60530	-1.39
22289	-1.53
228026	-1.88
216850	-1.94
