74255	8.72
23996	8.05
15387	7.80
56505	7.67
13681	7.12
12465	7.03
18813	6.99
56436	6.97
20174	6.78
12461	6.47
66942	6.14
19175	5.92
19179	5.90
12567	5.72
12469	5.63
26445	5.61
12181	5.35
18538	5.32
66409	5.20
66229	4.87
66164	4.87
59029	4.85
386649	4.82
11461	4.76
216156	4.70
22187	4.66
26443	4.64
19166	4.57
20021	4.56
231329	4.51
108679	4.47
22154	4.39
235036	4.17
22143	4.16
19173	4.13
81898	4.07
55989	4.00
53421	3.85
22273	3.71
19944	3.66
27398	3.65
27176	3.54
18148	3.52
56403	3.46
27207	3.45
15481	3.41
70465	3.40
65961	3.36
19167	3.32
56321	3.30
73830	3.30
26440	3.29
15331	3.28
22631	3.21
19942	3.21
19357	3.18
20020	3.15
66480	3.00
19899	3.00
20918	2.99
234388	2.95
216987	2.93
66471	2.90
27397	2.85
68991	2.82
13629	2.80
15161	2.70
19989	2.65
13669	2.64
107508	2.62
57296	2.60
18648	2.53
13806	2.53
19933	2.53
108689	2.50
16341	2.47
110816	2.46
67089	2.46
17216	2.44
67212	2.39
21379	2.37
11949	2.35
110749	2.31
57320	2.29
12544	2.29
56351	2.27
13627	2.18
22335	2.17
19941	2.17
15519	2.14
77591	2.10
268449	2.07
20068	2.05
30926	2.03
75617	2.03
20091	2.03
67177	1.98
16898	1.97
22218	1.96
17688	1.95
18971	1.94
14109	1.92
14433	1.91
21915	1.86
67281	1.85
12857	1.83
22186	1.83
66235	1.79
69527	1.74
66537	1.73
81489	1.64
67942	1.64
20055	1.58
114641	1.53
26451	1.52
67945	1.44
20054	1.43
11950	1.41
101592	1.37
67204	1.32
215387	1.29
15510	1.28
19951	1.15
20877	1.14
65019	1.12
19014	1.11
28071	1.10
14679	1.10
24015	1.09
20104	1.09
75624	1.08
18969	1.04
81500	1.01
20682	1.00
75398	0.99
16468	0.98
56421	0.94
75605	0.94
11566	0.91
66197	0.87
12301	0.81
214899	0.80
20655	0.78
98956	0.78
100502766	0.67
20591	0.67
14056	0.63
66311	0.59
56150	0.49
27221	0.47
14211	0.46
69692	0.43
67027	0.39
21974	0.36
216850	0.33
67849	0.33
229949	0.32
11799	0.20
60530	0.13
66242	0.13
15528	-0.05
22166	-0.05
19361	-0.24
16870	-0.27
68743	-0.27
17877	-0.29
16551	-0.38
76044	-0.39
110095	-0.46
22289	-0.58
66634	-0.70
17714	-0.72
382985	-0.85
57743	-0.91
15278	-0.92
11479	-1.37
228026	-2.12
71147	-2.76
