56150	5.81
14211	5.74
15387	5.01
15161	4.70
66471	4.54
18538	4.50
20020	4.37
68743	4.06
14056	4.04
100502766	3.99
66197	3.81
17688	3.73
15331	3.60
231329	3.57
22154	3.52
76044	3.51
22143	3.51
74255	3.42
16551	3.41
13669	3.36
192170	3.18
12544	3.13
67204	2.92
215387	2.87
67089	2.86
21974	2.76
22631	2.72
22218	2.71
18813	2.64
66634	2.59
67177	2.44
18971	2.43
20021	2.35
19361	2.34
12461	2.33
22289	2.31
11799	2.18
26440	2.15
14679	2.13
59029	2.12
66235	2.11
19166	2.11
26443	2.08
65961	2.08
16341	2.07
17216	2.04
216987	2.03
11949	1.99
66311	1.97
18148	1.92
19179	1.87
18969	1.86
56351	1.84
56403	1.80
11950	1.77
20877	1.69
71147	1.65
22166	1.60
15519	1.59
16468	1.53
60530	1.51
20091	1.48
13629	1.45
12567	1.43
21915	1.42
75624	1.39
22187	1.39
67849	1.38
18648	1.33
67942	1.31
13627	1.30
20591	1.30
20174	1.30
12469	1.28
27221	1.28
20918	1.28
11566	1.22
66480	1.21
12465	1.19
69527	1.13
20655	1.12
28071	1.08
19989	1.04
22335	1.01
19175	0.97
66942	0.96
19933	0.94
56505	0.93
12301	0.89
20055	0.88
228026	0.88
108689	0.87
268449	0.86
81898	0.83
19167	0.82
67027	0.79
20054	0.79
12857	0.78
24015	0.74
20104	0.72
26451	0.69
110749	0.67
110095	0.67
65019	0.67
15510	0.63
73830	0.58
27176	0.52
382985	0.51
11479	0.50
66409	0.48
55989	0.46
114641	0.44
16870	0.43
107508	0.43
15278	0.39
20068	0.39
13681	0.37
75617	0.35
68991	0.32
386649	0.31
19942	0.30
19173	0.27
19941	0.24
27207	0.24
23996	0.24
14109	0.24
14433	0.24
216850	0.20
57320	0.17
75398	0.17
22186	0.08
11461	0.04
26445	0.04
66229	0.03
66537	0.03
56421	0.02
22273	0.01
19951	0.01
67945	-0.01
66242	-0.03
67281	-0.03
214899	-0.05
21379	-0.06
234388	-0.14
70465	-0.15
27398	-0.15
19899	-0.19
20682	-0.22
69692	-0.26
19944	-0.35
229949	-0.36
15481	-0.40
77591	-0.40
13806	-0.41
56436	-0.46
30926	-0.49
101592	-0.51
19014	-0.52
15528	-0.60
81489	-0.64
57296	-0.65
16898	-0.69
17877	-0.70
66164	-0.71
27397	-0.71
17714	-0.72
108679	-0.73
56321	-0.73
75605	-0.75
57743	-0.77
53421	-0.82
81500	-1.21
12181	-1.36
67212	-1.40
110816	-1.83
216156	-1.86
235036	-2.10
98956	-2.50
