60530	12.94
12544	12.08
67849	10.11
17216	9.82
56150	9.71
11799	9.19
27221	8.85
76044	8.61
66634	8.47
215387	7.69
20877	7.50
16551	7.29
100502766	7.22
14211	7.19
110749	6.87
18538	6.56
67177	6.36
18971	5.65
14056	5.44
66311	4.76
68743	4.56
18969	3.99
17688	3.84
22143	3.39
21915	3.35
15331	3.28
66197	3.12
19357	2.34
66471	2.19
22154	1.96
70465	1.67
18813	1.37
11566	1.30
71147	1.11
20020	1.00
59029	0.99
55989	0.98
66235	0.93
108689	0.84
216987	0.79
22335	0.78
65961	0.78
16870	0.77
28071	0.70
69692	0.66
12469	0.65
66942	0.54
12567	0.52
26440	0.51
67204	0.50
22218	0.48
15510	0.36
56505	0.35
20682	0.35
56351	0.33
26443	0.32
18148	0.31
15161	0.30
75624	0.28
15519	0.28
57743	0.26
20174	0.25
228026	0.21
22166	0.20
66409	0.20
229949	0.19
20918	0.18
22631	0.17
20055	0.16
30926	0.15
12301	0.15
56403	0.14
56321	0.11
216850	0.11
98956	0.08
108679	0.07
20104	0.06
23996	0.05
382985	0.02
17877	0.01
21379	0.00
18648	-0.04
66229	-0.04
15387	-0.05
13669	-0.08
101592	-0.08
14679	-0.08
19179	-0.10
74255	-0.11
81489	-0.12
16898	-0.15
81500	-0.17
19014	-0.19
11950	-0.21
19173	-0.22
231329	-0.23
386649	-0.24
192170	-0.24
13806	-0.26
22289	-0.27
14433	-0.32
67089	-0.33
66537	-0.34
17714	-0.36
110816	-0.36
12181	-0.37
216156	-0.39
214899	-0.41
77591	-0.42
15481	-0.43
12461	-0.44
27397	-0.45
56421	-0.45
12465	-0.46
16341	-0.46
21974	-0.47
56436	-0.48
235036	-0.48
110095	-0.49
15528	-0.49
67942	-0.54
107508	-0.55
16468	-0.58
19166	-0.63
234388	-0.63
24015	-0.64
57296	-0.65
67027	-0.66
66480	-0.66
22187	-0.66
57320	-0.69
68991	-0.71
66164	-0.72
53421	-0.74
19951	-0.75
67212	-0.77
20021	-0.78
11949	-0.83
66242	-0.83
19167	-0.85
11479	-0.87
22273	-0.89
20591	-0.90
11461	-0.90
69527	-0.91
13681	-0.97
27207	-0.99
15278	-1.01
114641	-1.04
19933	-1.05
20091	-1.10
65019	-1.11
19941	-1.12
19175	-1.13
27398	-1.15
67281	-1.15
26445	-1.19
19989	-1.20
268449	-1.25
20655	-1.25
20054	-1.29
14109	-1.31
27176	-1.32
13629	-1.35
19942	-1.35
26451	-1.36
20068	-1.39
19944	-1.40
13627	-1.41
19899	-1.43
67945	-1.52
75617	-1.54
73830	-1.60
75398	-1.67
81898	-1.71
12857	-2.04
22186	-2.44
75605	-2.47
