20055	21.64
20054	21.35
19942	21.31
14109	20.92
19951	19.49
22186	18.50
20068	18.04
27176	17.78
27207	17.51
20091	17.46
66480	17.16
26451	17.12
268449	16.68
67945	16.52
65019	16.23
75617	16.00
73830	15.95
19989	15.79
67281	15.47
19944	15.46
19941	14.13
114641	13.90
19933	13.18
13627	13.05
13629	12.31
67942	12.27
16898	9.48
16341	9.21
12857	9.06
18148	8.83
12461	7.07
12465	6.97
15528	6.10
20104	5.92
57320	5.37
66242	5.18
20655	5.15
19173	5.08
19175	4.94
12567	4.90
22154	4.50
22166	4.32
13681	4.22
67204	3.91
18813	3.84
14433	3.68
30926	3.64
27397	3.58
15481	3.54
19166	3.51
11949	3.48
26445	3.39
22187	3.19
20174	3.17
57296	3.09
66537	3.07
13669	3.04
235036	3.02
20918	3.01
192170	3.00
22143	2.79
66229	2.64
27398	2.58
19167	2.57
11461	2.54
55989	2.48
12469	2.37
26443	2.34
21915	2.27
66164	2.20
66942	2.16
75398	2.12
66409	2.10
66235	2.02
68991	1.99
20021	1.98
22218	1.95
13806	1.93
234388	1.82
69692	1.81
15519	1.79
81898	1.77
56351	1.74
11950	1.71
53421	1.69
28071	1.68
15387	1.48
107508	1.46
18971	1.42
56403	1.39
18538	1.37
66311	1.37
24015	1.22
56505	1.21
67177	1.21
65961	1.20
66197	1.15
12301	1.08
12181	1.07
386649	1.05
26440	1.02
23996	1.01
77591	0.95
110816	0.90
216156	0.89
216850	0.87
18648	0.84
21379	0.82
69527	0.77
67089	0.71
66471	0.64
21974	0.63
15510	0.62
14679	0.57
214899	0.54
22273	0.50
17877	0.40
70465	0.38
56321	0.37
15331	0.36
98956	0.36
56436	0.36
17216	0.35
67212	0.34
81489	0.34
22631	0.34
100502766	0.33
20682	0.27
22335	0.27
11479	0.24
228026	0.20
75605	0.15
20591	0.15
110749	0.15
16468	0.13
101592	0.08
81500	0.07
17688	0.07
11566	0.04
17714	0.02
20020	-0.00
22289	-0.01
229949	-0.03
108689	-0.14
15161	-0.19
19357	-0.19
14211	-0.32
19179	-0.35
59029	-0.37
16870	-0.40
75624	-0.40
14056	-0.40
56421	-0.43
216987	-0.43
108679	-0.44
231329	-0.47
11799	-0.47
110095	-0.57
15278	-0.59
67027	-0.61
74255	-0.61
16551	-0.63
20877	-0.69
57743	-0.82
68743	-0.84
382985	-0.84
18969	-0.98
12544	-1.03
215387	-1.07
67849	-1.09
19014	-1.10
66634	-1.12
56150	-1.22
76044	-1.23
60530	-1.39
19361	-1.43
27221	-1.62
71147	-1.93
