19941	23.67
26451	18.77
19944	18.61
268449	18.26
65019	17.53
20091	17.35
114641	17.05
27207	16.71
75617	16.70
67281	16.67
20068	16.30
19951	15.89
20054	15.42
19989	13.92
22186	13.57
19942	13.53
66480	13.46
20055	13.20
19899	13.18
67945	13.16
14109	12.96
27176	12.25
13627	11.00
16898	10.80
73830	10.51
20104	10.33
18148	8.26
16341	7.73
13629	7.67
67942	6.56
14433	6.19
12857	5.88
12461	5.53
12465	5.49
15528	5.36
20655	4.97
57320	4.87
30926	4.45
67204	4.23
18813	4.04
66537	3.83
20918	3.82
22143	3.75
22154	3.72
15481	3.70
13669	3.54
13681	3.37
56351	3.27
65961	3.19
55989	3.18
15519	3.07
11949	2.98
66242	2.88
19166	2.84
19175	2.71
22166	2.69
22187	2.67
75398	2.64
12567	2.64
19167	2.58
12469	2.54
192170	2.53
69692	2.44
22218	2.41
66409	2.38
15331	2.31
66942	2.23
12301	2.22
26445	2.16
15387	1.95
66164	1.95
66235	1.87
56403	1.79
67212	1.78
234388	1.78
11461	1.78
13806	1.74
235036	1.71
11950	1.65
24015	1.60
107508	1.53
26443	1.51
22631	1.48
28071	1.41
57296	1.39
66229	1.39
15278	1.36
15510	1.33
386649	1.31
19179	1.31
68991	1.08
228026	1.05
66471	1.00
19357	0.94
231329	0.89
18538	0.89
67089	0.88
216987	0.86
56505	0.86
17688	0.80
81489	0.79
19173	0.77
81898	0.74
27397	0.71
66311	0.66
56321	0.64
66197	0.60
21974	0.58
110749	0.56
100502766	0.50
11799	0.47
22335	0.34
70465	0.32
18648	0.25
101592	0.23
20021	0.23
17714	0.23
20682	0.22
11566	0.21
69527	0.20
81500	0.15
20020	0.12
14211	0.11
77591	0.11
67177	0.10
26440	0.08
57743	0.05
18971	0.05
20174	0.01
110816	-0.09
74255	-0.10
11479	-0.12
22289	-0.14
229949	-0.18
110095	-0.19
75624	-0.20
17877	-0.21
23996	-0.22
59029	-0.25
53421	-0.26
27398	-0.40
108689	-0.41
56150	-0.42
16468	-0.43
16551	-0.43
15161	-0.43
75605	-0.44
14056	-0.44
17216	-0.46
98956	-0.47
216156	-0.48
108679	-0.50
14679	-0.52
67027	-0.58
12181	-0.61
68743	-0.64
216850	-0.65
16870	-0.68
21379	-0.70
382985	-0.80
215387	-0.85
66634	-0.94
214899	-0.98
27221	-0.99
19361	-1.05
20877	-1.06
18969	-1.11
56436	-1.12
21915	-1.15
19014	-1.15
76044	-1.16
20591	-1.16
56421	-1.21
60530	-1.23
12544	-1.26
67849	-1.33
22273	-1.38
71147	-1.50
