19951	23.02
20068	21.77
19899	21.31
20055	20.36
65019	20.31
20054	20.17
268449	19.55
75617	19.46
27207	19.17
22186	19.12
14109	19.07
67281	18.19
26451	17.99
20091	17.59
67945	17.56
66480	17.02
19941	16.33
27176	16.25
114641	15.95
19989	15.68
19944	15.12
19933	13.53
73830	13.32
67942	13.11
13627	12.11
16341	9.78
12857	9.28
13629	9.15
18148	8.87
15528	8.17
12461	8.04
16898	7.86
66242	6.71
12465	6.61
19175	6.40
19166	6.16
22166	6.10
26445	5.76
20655	5.68
20104	5.57
66537	5.51
67204	5.32
13681	5.24
11949	4.97
57320	4.90
19173	4.71
19167	4.66
22154	4.30
14433	4.10
75398	4.00
26443	4.00
12567	3.97
15481	3.83
18813	3.77
30926	3.71
69692	3.42
20918	3.36
66164	3.35
27397	3.30
68991	3.21
192170	3.21
12469	2.93
57296	2.93
22187	2.89
66311	2.79
66942	2.73
22218	2.70
22143	2.68
11950	2.61
11461	2.50
13669	2.46
26440	2.46
21915	2.39
66409	2.35
66229	2.32
56351	2.31
66197	2.28
66235	2.22
15387	2.15
55989	2.13
15519	1.97
67212	1.97
67089	1.85
20021	1.80
65961	1.70
27398	1.58
235036	1.53
18538	1.52
12301	1.45
22631	1.45
386649	1.35
24015	1.34
23996	1.33
20174	1.32
56505	1.25
53421	1.24
59029	1.21
28071	1.17
19179	1.11
15331	1.07
18648	1.02
81898	0.95
107508	0.93
22335	0.86
110816	0.79
69527	0.71
56403	0.62
216987	0.61
13806	0.59
77591	0.57
15510	0.50
20682	0.50
234388	0.46
74255	0.45
17877	0.42
231329	0.42
67177	0.41
21974	0.41
20020	0.38
66471	0.33
17688	0.32
11479	0.30
19357	0.30
98956	0.28
75624	0.28
12181	0.26
56321	0.24
21379	0.20
18971	0.19
14679	0.18
11799	0.17
17216	0.17
75605	0.11
228026	0.09
216156	0.09
70465	0.09
229949	0.01
16468	-0.02
216850	-0.05
108689	-0.05
110749	-0.07
15278	-0.11
15161	-0.12
17714	-0.13
57743	-0.20
11566	-0.20
81489	-0.20
100502766	-0.21
101592	-0.21
22289	-0.24
214899	-0.25
16870	-0.26
108679	-0.32
56150	-0.37
67027	-0.37
14056	-0.39
56436	-0.46
20591	-0.46
20877	-0.46
215387	-0.46
110095	-0.50
19014	-0.50
81500	-0.57
56421	-0.59
12544	-0.61
382985	-0.62
14211	-0.69
16551	-0.77
68743	-0.80
60530	-0.81
71147	-0.82
22273	-0.96
66634	-1.03
67849	-1.08
18969	-1.17
19361	-1.35
76044	-1.41
27221	-1.41
