19933	23.67
268449	18.48
75617	18.08
20068	18.02
19951	17.89
67281	17.56
27207	17.43
26451	17.15
114641	16.97
65019	16.86
19942	16.33
20091	16.20
20054	15.90
19989	15.65
19944	15.51
67945	15.23
66480	14.77
22186	14.57
19899	14.13
27176	14.13
20055	14.09
14109	13.99
16898	12.80
13627	11.36
73830	11.24
18148	7.92
16341	7.68
20104	7.65
13629	7.61
67942	7.45
12857	6.98
12465	5.97
15528	5.54
30926	5.45
12461	5.24
66242	4.67
20655	4.47
14433	4.31
67204	3.99
66537	3.76
20918	3.74
19175	3.63
19166	3.60
57320	3.55
13681	3.43
22154	3.23
15481	3.21
11949	3.18
22187	3.13
19167	3.03
69692	3.00
22166	2.88
26443	2.82
22143	2.81
75398	2.66
67212	2.55
18813	2.54
66164	2.42
56351	2.42
13669	2.41
12567	2.37
15519	2.33
22218	2.32
19173	2.29
192170	2.17
15331	2.17
13806	2.11
26445	2.06
57296	2.03
55989	1.89
68991	1.86
66942	1.86
12469	1.82
66311	1.70
66229	1.64
12301	1.54
65961	1.50
66235	1.47
67089	1.37
11950	1.35
11461	1.32
27397	1.30
66409	1.29
28071	1.17
228026	1.02
24015	0.91
107508	0.83
26440	0.83
235036	0.77
20021	0.75
66197	0.73
18538	0.72
15387	0.70
100502766	0.67
234388	0.66
81898	0.57
19179	0.56
22335	0.55
81489	0.53
81500	0.44
17688	0.35
56403	0.34
22631	0.33
56505	0.30
19357	0.24
59029	0.21
18971	0.19
20682	0.19
18648	0.18
69527	0.17
386649	0.15
21974	0.14
57743	0.13
17714	0.13
27398	0.12
15278	0.11
231329	0.08
21915	0.07
15510	0.06
110816	0.05
74255	0.03
23996	0.02
216987	0.01
11566	0.01
11799	0.01
75605	-0.03
20174	-0.03
17877	-0.04
110749	-0.05
67177	-0.10
77591	-0.12
214899	-0.14
110095	-0.14
53421	-0.14
108679	-0.16
67027	-0.18
20020	-0.29
56321	-0.29
216156	-0.29
22289	-0.34
21379	-0.35
70465	-0.44
216850	-0.46
66471	-0.48
229949	-0.49
16468	-0.51
108689	-0.52
11479	-0.52
98956	-0.55
16551	-0.57
16870	-0.58
101592	-0.58
14211	-0.59
14056	-0.64
14679	-0.69
12181	-0.70
75624	-0.70
68743	-0.70
56421	-0.78
76044	-0.82
66634	-0.83
20877	-0.86
56150	-0.88
20591	-0.88
19014	-0.90
15161	-0.96
71147	-0.98
382985	-0.99
60530	-0.99
17216	-1.01
215387	-1.11
19361	-1.12
67849	-1.17
22273	-1.19
27221	-1.32
56436	-1.38
12544	-1.44
18969	-1.72
