19933	18.61
268449	16.89
114641	16.37
26451	16.03
20068	15.92
27207	15.83
75617	15.82
67281	15.63
22186	15.60
19941	15.51
20054	15.49
19899	15.46
19942	15.12
67945	14.95
19951	14.31
66480	14.25
65019	14.00
20055	13.80
14109	13.56
27176	13.08
20091	12.92
19989	11.72
16898	11.53
73830	10.86
13627	9.56
13629	8.98
67942	8.79
20104	7.92
16341	7.46
14433	7.44
18148	7.01
12857	6.69
12461	5.95
57320	5.73
30926	5.63
12465	5.11
15528	4.95
20655	4.23
22154	4.22
66242	4.19
26445	4.10
18813	4.07
12567	3.92
67204	3.76
22143	3.74
192170	3.66
19175	3.64
234388	3.58
22166	3.52
11461	3.51
67212	3.47
66537	3.38
11949	3.37
75398	3.33
20918	3.24
13681	3.23
13669	3.08
15481	3.01
19167	2.96
19173	2.93
56351	2.88
235036	2.80
57296	2.71
19166	2.59
22187	2.56
13806	2.55
66409	2.40
66311	2.37
15331	2.25
56403	2.17
66942	2.12
66235	2.06
65961	2.00
26443	1.97
55989	1.89
66164	1.86
12469	1.86
15519	1.85
69692	1.81
22218	1.79
11950	1.77
15278	1.76
24015	1.74
22631	1.68
107508	1.67
27397	1.63
66197	1.61
12301	1.57
20174	1.46
15510	1.35
68991	1.33
53421	1.28
27398	1.24
19179	1.24
15387	1.21
66229	1.15
100502766	1.08
18648	1.06
23996	1.02
81898	0.95
110749	0.95
56505	0.92
12181	0.88
56436	0.77
21379	0.76
216156	0.74
67177	0.68
15161	0.67
67089	0.62
28071	0.61
386649	0.58
66471	0.53
11799	0.46
20682	0.43
228026	0.43
20021	0.41
22335	0.39
18538	0.38
21974	0.37
77591	0.37
56321	0.36
11566	0.32
101592	0.31
18971	0.28
17877	0.23
69527	0.23
26440	0.22
16468	0.21
17714	0.14
231329	0.11
20020	0.09
57743	0.04
215387	0.03
20877	0.01
16870	-0.01
216850	-0.04
14056	-0.06
59029	-0.08
110816	-0.08
17216	-0.10
14211	-0.10
16551	-0.11
21915	-0.13
22273	-0.14
108689	-0.16
75605	-0.17
229949	-0.23
216987	-0.23
70465	-0.26
108679	-0.27
81489	-0.29
98956	-0.29
20591	-0.32
17688	-0.33
11479	-0.33
19357	-0.35
14679	-0.39
110095	-0.48
81500	-0.50
75624	-0.55
66634	-0.55
27221	-0.55
19014	-0.57
22289	-0.57
18969	-0.68
68743	-0.70
56150	-0.74
67849	-0.78
214899	-0.79
67027	-0.81
56421	-0.83
76044	-0.85
12544	-0.90
60530	-1.04
74255	-1.31
71147	-1.35
19361	-1.40
382985	-1.44
