20068	23.75
75617	23.37
19942	23.02
268449	22.65
27207	21.44
65019	21.19
26451	20.90
20055	20.68
20091	20.52
20054	19.92
22186	19.56
19989	19.52
19899	19.49
67281	19.01
66480	18.73
14109	18.62
67945	18.41
19941	17.89
27176	17.59
114641	17.49
13627	16.15
19933	15.89
73830	14.33
19944	14.31
67942	10.93
16341	10.83
13629	10.61
18148	9.27
16898	9.16
12857	8.53
20104	7.19
12465	6.96
12461	6.85
15528	6.66
66242	5.79
20655	5.79
67204	4.72
11949	4.66
22166	4.46
13681	4.43
19166	4.35
30926	4.35
19175	4.13
22154	4.01
66537	4.01
69692	3.77
57320	3.69
26445	3.61
14433	3.60
15481	3.56
12567	3.46
75398	3.39
26443	3.36
20918	3.29
19167	3.22
22218	3.13
22187	3.11
18813	2.98
66164	2.87
57296	2.69
66311	2.63
13669	2.39
66229	2.39
66409	2.18
27397	2.13
55989	2.12
68991	2.04
22143	2.04
19173	1.96
66942	1.89
56351	1.83
66235	1.82
11950	1.80
66197	1.78
15331	1.76
12469	1.72
21915	1.71
11461	1.48
235036	1.44
15387	1.44
26440	1.27
15519	1.26
18538	1.25
65961	1.22
192170	1.15
67089	1.12
20021	1.04
107508	1.02
53421	0.99
28071	0.98
69527	0.97
81898	0.93
22631	0.83
13806	0.82
24015	0.79
56505	0.79
228026	0.70
22335	0.58
67177	0.57
12301	0.56
386649	0.48
19179	0.47
20174	0.47
21974	0.47
81489	0.46
14056	0.46
67027	0.45
110749	0.45
81500	0.43
20682	0.39
108689	0.38
77591	0.37
27398	0.32
98956	0.30
100502766	0.30
59029	0.29
17688	0.29
18648	0.28
56321	0.27
11799	0.27
214899	0.24
110816	0.22
14679	0.19
11566	0.19
56403	0.14
67212	0.13
17216	0.08
17877	0.07
229949	0.05
74255	0.03
101592	0.02
19357	0.01
17714	-0.01
11479	-0.04
20020	-0.05
18971	-0.10
56150	-0.14
16468	-0.15
75605	-0.15
70465	-0.17
16870	-0.18
23996	-0.19
22289	-0.20
231329	-0.20
15510	-0.20
68743	-0.20
216850	-0.22
66471	-0.27
215387	-0.37
110095	-0.38
20877	-0.42
14211	-0.49
16551	-0.53
15278	-0.53
57743	-0.53
67849	-0.55
66634	-0.59
56421	-0.60
21379	-0.63
108679	-0.65
216987	-0.68
75624	-0.68
19361	-0.75
12544	-0.78
15161	-0.80
234388	-0.83
382985	-0.90
60530	-0.90
19014	-0.95
27221	-1.00
12181	-1.00
216156	-1.04
20591	-1.07
18969	-1.14
76044	-1.22
71147	-1.32
22273	-1.48
56436	-1.78
