20091	23.19
27176	22.87
268449	21.29
13627	20.71
19951	19.52
66480	19.39
20068	18.83
65019	18.72
26451	18.08
75617	18.08
27207	17.06
19899	15.79
19942	15.68
19941	15.65
20055	14.62
16341	14.37
114641	14.16
19933	13.92
20054	13.65
22186	13.58
67281	13.42
14109	13.39
73830	13.08
67945	12.63
18148	11.94
13629	11.74
19944	11.72
12465	9.52
12461	9.48
67942	9.14
16898	9.12
20104	8.42
12857	6.40
11949	5.97
13681	5.73
19166	5.61
20655	5.58
30926	5.33
15528	5.19
26443	5.14
15481	5.12
12567	4.82
22154	4.65
19167	4.62
22218	4.57
67204	4.48
12469	4.42
18813	4.30
22187	4.23
66242	4.14
15331	3.88
66537	3.82
20918	3.77
67089	3.74
11950	3.68
56351	3.63
26440	3.56
69692	3.52
26445	3.43
66409	3.42
66229	3.41
15387	3.40
22166	3.37
14433	3.31
13669	3.30
19175	3.21
66164	3.16
75398	3.03
57296	2.94
57320	2.87
15519	2.72
192170	2.65
69527	2.61
66235	2.60
13806	2.50
55989	2.39
11461	2.34
65961	2.27
68991	2.25
18538	2.24
66942	2.24
22335	2.18
107508	1.99
74255	1.98
12301	1.98
81898	1.95
59029	1.85
19173	1.85
56403	1.73
22143	1.71
21974	1.70
14679	1.65
19179	1.58
21915	1.57
20021	1.57
27397	1.53
28071	1.48
22631	1.47
15510	1.43
56505	1.42
24015	1.38
108689	1.29
231329	1.24
11566	1.22
20174	1.13
19357	1.04
81500	1.03
66311	1.01
17688	0.90
228026	0.86
18648	0.82
66197	0.80
75605	0.79
216987	0.74
14056	0.68
17714	0.67
70465	0.66
108679	0.58
77591	0.51
386649	0.51
23996	0.45
22289	0.35
235036	0.35
81489	0.33
17877	0.32
66471	0.32
101592	0.30
15278	0.18
110749	0.13
75624	0.13
16468	0.11
214899	0.10
56321	0.09
67177	0.06
100502766	0.06
53421	0.00
216850	-0.03
98956	-0.04
20682	-0.05
229949	-0.07
67027	-0.09
110816	-0.18
20020	-0.19
18971	-0.20
110095	-0.24
11479	-0.24
18969	-0.25
20591	-0.27
11799	-0.29
17216	-0.30
27398	-0.32
16551	-0.34
382985	-0.39
14211	-0.42
68743	-0.46
22273	-0.46
66634	-0.48
57743	-0.49
20877	-0.62
56150	-0.67
15161	-0.68
56421	-0.71
12181	-0.73
21379	-0.81
16870	-0.85
67849	-0.88
19014	-0.95
60530	-1.02
12544	-1.11
215387	-1.16
19361	-1.20
71147	-1.21
216156	-1.22
76044	-1.24
234388	-1.35
67212	-1.45
27221	-1.57
56436	-1.97
