15161	10.13
216850	4.64
19357	4.37
20591	3.99
231329	3.91
192170	3.15
20918	2.67
18813	2.60
13669	2.54
18538	2.46
17688	2.45
66942	2.42
75605	2.37
22631	2.23
22187	2.04
19014	1.94
16468	1.92
13629	1.73
17216	1.67
101592	1.64
67177	1.63
22154	1.56
15387	1.55
12461	1.54
22289	1.54
13681	1.53
22143	1.51
107508	1.43
56436	1.40
14433	1.38
216987	1.32
14211	1.32
18148	1.30
23996	1.25
21379	1.22
11461	1.16
53421	1.16
21974	1.15
15519	1.13
74255	1.12
12544	1.10
12567	1.09
56403	1.09
66471	1.06
14056	1.04
81898	1.03
19175	1.01
65961	1.01
19361	1.00
73830	0.98
56150	0.90
110816	0.88
66197	0.86
215387	0.86
26445	0.84
11479	0.84
18969	0.82
15331	0.81
18971	0.81
20655	0.77
20682	0.72
27221	0.69
15481	0.69
70465	0.69
27397	0.69
67942	0.67
19166	0.67
57296	0.66
386649	0.65
19179	0.63
100502766	0.62
13627	0.62
12469	0.58
71147	0.57
22273	0.56
22218	0.56
27398	0.56
27207	0.56
110749	0.51
98956	0.47
68991	0.47
108679	0.45
108689	0.44
20055	0.43
11799	0.41
55989	0.41
18648	0.40
19942	0.38
22166	0.35
57320	0.34
65019	0.29
26451	0.28
12181	0.28
56505	0.27
60530	0.26
214899	0.26
20054	0.24
20068	0.18
66634	0.18
67204	0.17
81489	0.16
57743	0.14
66242	0.14
76044	0.12
16898	0.12
19933	0.12
14109	0.11
19944	0.09
12465	0.07
16551	0.07
16341	0.05
15510	0.04
13806	0.04
59029	0.04
27176	0.04
19173	0.03
56321	0.03
77591	0.03
268449	0.02
67089	0.02
66229	0.01
20174	0.00
19899	-0.00
15528	-0.01
67945	-0.01
216156	-0.04
19951	-0.05
12857	-0.05
66311	-0.07
26443	-0.09
67849	-0.09
114641	-0.10
20104	-0.10
56351	-0.12
11566	-0.14
20877	-0.15
17877	-0.16
19989	-0.19
20091	-0.20
66409	-0.20
67281	-0.22
75617	-0.24
22186	-0.24
26440	-0.24
15278	-0.28
19941	-0.29
68743	-0.29
382985	-0.30
66480	-0.30
11950	-0.35
19167	-0.37
67212	-0.39
28071	-0.42
11949	-0.43
16870	-0.48
110095	-0.50
14679	-0.50
67027	-0.55
229949	-0.56
75624	-0.57
24015	-0.58
17714	-0.60
21915	-0.61
234388	-0.68
69692	-0.68
20021	-0.69
56421	-0.76
66164	-0.77
75398	-0.87
30926	-0.88
228026	-0.89
66537	-0.95
69527	-0.97
235036	-1.00
12301	-1.01
66235	-1.02
22335	-1.31
81500	-1.96
