108679	6.92
19175	6.50
66164	5.91
19166	5.80
22335	5.56
74255	5.50
23996	5.43
19173	5.10
73830	4.91
75398	4.76
26445	4.75
68991	4.66
20918	4.62
22218	4.59
192170	4.56
66409	4.41
27398	4.24
20174	4.13
22187	4.10
56505	4.10
19179	4.08
386649	4.05
12857	3.91
57296	3.68
234388	3.64
67089	3.49
26440	3.37
12465	3.36
66229	3.31
66242	3.20
57320	3.19
67027	3.11
26443	3.08
81898	3.04
11949	2.98
69527	2.90
12567	2.86
22273	2.77
56436	2.62
19167	2.62
11950	2.52
66537	2.50
27176	2.40
19357	2.35
67212	2.35
81489	2.34
27397	2.28
66480	2.24
67942	2.23
14433	2.23
59029	2.16
15387	2.11
66235	2.11
15481	2.07
12469	2.05
216156	2.03
19899	1.98
13681	1.98
12461	1.94
66942	1.93
22186	1.85
56150	1.84
235036	1.82
19942	1.80
18813	1.76
18969	1.72
65961	1.67
15161	1.66
30926	1.60
18538	1.58
19989	1.57
20054	1.56
18648	1.53
75624	1.52
19014	1.47
56421	1.45
66197	1.41
67204	1.38
382985	1.34
70465	1.33
13806	1.32
20091	1.30
22166	1.29
12181	1.26
13629	1.24
12301	1.23
18148	1.21
20068	1.19
20655	1.13
22143	1.12
110816	1.06
19951	1.04
66471	1.02
21379	0.99
16341	0.98
27207	0.93
12544	0.92
67945	0.86
22154	0.85
14109	0.84
17216	0.81
20055	0.81
57743	0.79
75617	0.77
56351	0.76
14056	0.75
19941	0.75
22631	0.74
268449	0.70
15528	0.69
20591	0.69
28071	0.67
17714	0.64
107508	0.57
17877	0.51
11566	0.50
15519	0.46
21915	0.43
19944	0.41
11479	0.38
26451	0.36
24015	0.32
68743	0.28
16468	0.28
67177	0.27
19933	0.23
55989	0.22
16898	0.17
216850	0.10
17688	0.02
15331	0.01
231329	0.00
15278	-0.00
66311	-0.00
53421	-0.01
69692	-0.04
11461	-0.05
229949	-0.05
13627	-0.07
98956	-0.13
16870	-0.14
11799	-0.17
214899	-0.17
77591	-0.18
67281	-0.18
100502766	-0.26
22289	-0.26
114641	-0.29
65019	-0.31
76044	-0.34
18971	-0.37
108689	-0.38
56321	-0.40
56403	-0.42
20877	-0.47
216987	-0.48
67849	-0.50
66634	-0.53
15510	-0.56
101592	-0.67
20020	-0.69
75605	-0.73
215387	-0.76
19361	-0.78
14679	-0.90
228026	-0.93
81500	-0.93
110749	-0.97
27221	-0.98
13669	-0.98
60530	-1.04
20104	-1.28
20682	-1.46
16551	-1.51
21974	-1.53
14211	-1.75
110095	-2.12
71147	-2.15
