20055	22.95
14109	22.75
22186	21.90
19899	21.35
20068	20.40
67945	20.23
19942	20.17
19951	19.92
26451	18.69
268449	18.68
67281	18.33
27207	18.30
65019	17.93
75617	17.90
114641	17.75
20091	16.56
19941	15.90
66480	15.52
19944	15.49
19933	15.42
73830	15.21
27176	14.44
19989	13.65
13627	11.99
13629	11.32
67942	10.69
12857	9.60
16341	7.99
16898	7.29
18148	7.29
20104	6.34
15528	6.14
20655	5.95
57320	5.80
12465	5.75
66242	5.63
12461	5.46
14433	4.61
22154	4.46
19175	4.33
67204	3.86
12567	3.77
18813	3.69
22166	3.57
22143	3.52
30926	3.48
13681	3.34
15481	3.18
20918	3.18
66537	3.14
19173	3.01
26445	2.83
69692	2.82
19166	2.73
22187	2.65
11949	2.62
234388	2.62
13669	2.45
27397	2.43
235036	2.33
66942	2.29
55989	2.17
66311	2.11
56351	2.06
66164	2.04
68991	2.03
22218	1.98
26443	1.91
15519	1.88
21915	1.85
11461	1.79
66235	1.73
75398	1.72
19167	1.72
20021	1.56
216156	1.51
66229	1.49
20174	1.48
27398	1.44
192170	1.43
65961	1.40
66409	1.38
110816	1.37
57296	1.37
386649	1.35
12469	1.14
13806	1.11
18971	1.09
66471	1.03
28071	0.88
24015	0.88
11950	0.86
67212	0.84
66197	0.83
19357	0.79
81898	0.77
21379	0.69
12301	0.68
56505	0.66
22631	0.65
12181	0.58
18538	0.57
228026	0.50
81489	0.50
77591	0.48
19179	0.48
18648	0.46
15331	0.45
69527	0.44
56403	0.44
107508	0.37
98956	0.32
67177	0.31
11479	0.28
15278	0.27
100502766	0.24
20020	0.24
17877	0.21
15387	0.18
67089	0.16
20682	0.12
110749	0.11
216850	0.10
53421	0.10
22289	0.08
23996	0.01
11799	-0.00
11566	-0.04
21974	-0.04
108689	-0.08
229949	-0.10
16870	-0.15
16468	-0.17
15161	-0.18
70465	-0.19
15510	-0.19
17688	-0.29
17216	-0.33
26440	-0.33
81500	-0.33
68743	-0.34
14211	-0.37
216987	-0.38
22273	-0.40
56321	-0.42
108679	-0.43
110095	-0.43
56421	-0.54
382985	-0.54
214899	-0.55
14056	-0.55
67027	-0.55
17714	-0.56
22335	-0.58
20591	-0.60
56436	-0.61
16551	-0.64
231329	-0.68
101592	-0.71
66634	-0.72
56150	-0.74
75605	-0.74
57743	-0.75
59029	-0.75
215387	-0.85
76044	-0.93
27221	-0.94
74255	-0.96
75624	-0.99
20877	-1.00
14679	-1.01
67849	-1.02
12544	-1.07
19014	-1.16
60530	-1.27
19361	-1.29
18969	-1.29
71147	-1.71
