20054	22.95
19899	21.64
14109	21.07
19951	20.68
19942	20.36
27207	19.20
20068	18.79
22186	18.71
26451	18.56
20091	18.00
65019	18.00
268449	17.82
75617	17.53
67945	16.83
67281	16.25
114641	15.99
66480	15.55
27176	14.81
19989	14.62
19941	14.09
19944	13.80
73830	13.32
19933	13.20
13627	13.01
67942	10.57
13629	10.41
16341	8.95
16898	8.22
18148	8.05
12857	8.02
15528	6.44
20104	5.94
20655	5.75
12461	5.40
12465	5.28
66242	4.91
22166	4.51
22154	4.38
67204	4.16
57320	4.12
20918	3.98
12567	3.95
18813	3.79
13681	3.73
19175	3.51
14433	3.37
11949	3.31
66537	3.26
26445	3.22
27397	3.09
19166	3.09
22187	3.07
30926	3.05
13669	3.00
26443	2.78
19173	2.73
19167	2.67
15481	2.65
22143	2.64
22218	2.60
69692	2.56
21915	2.38
66942	2.31
66311	2.29
66164	2.29
56351	2.21
11461	2.19
235036	2.16
68991	2.15
55989	1.97
57296	1.94
66235	1.87
12469	1.81
66197	1.73
65961	1.66
15387	1.66
75398	1.62
192170	1.58
22631	1.58
15331	1.56
66471	1.49
66229	1.47
67177	1.32
11950	1.25
66409	1.25
18538	1.22
15519	1.12
20174	1.04
56403	0.96
386649	0.91
19357	0.88
13806	0.88
53421	0.88
26440	0.83
28071	0.81
20021	0.81
234388	0.80
27398	0.79
21379	0.76
216850	0.72
11799	0.72
18971	0.69
81898	0.67
77591	0.62
24015	0.56
81489	0.49
18648	0.47
110749	0.46
228026	0.44
100502766	0.43
11479	0.43
20020	0.43
56505	0.39
229949	0.37
20682	0.34
14056	0.34
14679	0.31
56150	0.28
11566	0.28
110816	0.25
101592	0.22
98956	0.22
70465	0.22
23996	0.19
69527	0.17
17877	0.17
12301	0.16
19361	0.16
22289	0.13
67089	0.12
15161	0.11
15510	0.10
67212	0.08
107508	0.08
17216	0.07
16468	0.06
21974	0.05
15278	-0.03
16870	-0.08
17688	-0.17
22335	-0.21
68743	-0.25
67849	-0.26
19179	-0.30
75605	-0.31
216156	-0.31
56321	-0.31
108689	-0.34
20591	-0.35
17714	-0.36
214899	-0.36
59029	-0.37
12181	-0.37
74255	-0.41
81500	-0.44
14211	-0.45
110095	-0.48
20877	-0.55
56436	-0.62
56421	-0.64
16551	-0.66
76044	-0.66
382985	-0.80
216987	-0.82
108679	-0.82
57743	-0.84
22273	-0.85
215387	-0.90
231329	-0.97
60530	-0.99
67027	-0.99
66634	-1.00
19014	-1.05
71147	-1.07
12544	-1.09
18969	-1.16
27221	-1.31
75624	-1.40
