75617	25.27
268449	24.04
19951	23.75
65019	22.13
19942	21.77
26451	21.69
114641	21.61
20054	20.40
27207	20.02
67281	19.88
22186	19.03
19989	18.83
20055	18.79
20091	18.67
67945	18.37
19899	18.04
19941	18.02
66480	17.61
19933	16.30
14109	16.03
19944	15.92
27176	15.87
13627	12.95
73830	12.42
67942	11.53
16341	9.41
13629	8.77
16898	8.72
18148	8.54
12857	8.43
15528	7.38
20104	7.27
12461	6.57
66242	6.47
12465	6.38
30926	5.71
22166	5.54
20655	5.25
67204	4.83
19166	4.82
14433	4.72
13681	4.63
11949	4.44
66537	4.43
19175	4.23
57320	4.11
19167	3.83
12567	3.79
26443	3.76
18813	3.67
26445	3.60
20918	3.51
22154	3.47
22143	3.38
69692	3.25
19173	3.09
75398	3.08
15481	3.03
66164	2.98
27397	2.88
66311	2.79
13669	2.77
22218	2.71
11950	2.52
57296	2.45
55989	2.44
66942	2.32
56351	2.24
66229	2.21
66235	2.12
15331	2.06
192170	2.05
12469	1.96
65961	1.95
66197	1.89
68991	1.86
22187	1.86
66409	1.81
15519	1.68
26440	1.68
18538	1.56
11461	1.55
21915	1.33
67212	1.33
28071	1.21
24015	1.21
20021	1.19
67089	1.16
107508	1.09
12301	1.07
56403	1.05
235036	0.99
20174	0.99
15278	0.98
56505	0.95
15387	0.95
22335	0.92
69527	0.86
27398	0.76
21974	0.70
19179	0.70
15510	0.66
22631	0.65
228026	0.64
110816	0.54
66471	0.45
17688	0.39
19357	0.39
231329	0.36
18648	0.35
100502766	0.30
216987	0.29
77591	0.29
81898	0.28
11479	0.28
386649	0.26
17877	0.25
53421	0.24
17714	0.21
20020	0.18
70465	0.17
13806	0.14
11566	0.13
74255	0.06
14056	0.06
56321	0.04
81489	0.03
23996	0.03
57743	0.02
18971	-0.00
59029	-0.01
14679	-0.01
17216	-0.02
110749	-0.04
75624	-0.07
216850	-0.08
20682	-0.09
75605	-0.10
21379	-0.12
98956	-0.12
229949	-0.13
15161	-0.17
22289	-0.18
108689	-0.19
81500	-0.19
67177	-0.19
11799	-0.24
101592	-0.24
67027	-0.24
14211	-0.27
16468	-0.34
16870	-0.36
66634	-0.37
214899	-0.44
108679	-0.46
68743	-0.46
234388	-0.48
12181	-0.55
110095	-0.66
215387	-0.66
20591	-0.69
216156	-0.73
16551	-0.74
56150	-0.75
12544	-0.83
18969	-0.85
20877	-0.89
382985	-0.90
67849	-1.02
27221	-1.09
71147	-1.10
60530	-1.12
19014	-1.14
76044	-1.16
22273	-1.18
56421	-1.27
19361	-1.39
56436	-1.64
