19989	23.19
65019	22.89
19951	20.52
26451	20.28
268449	19.76
20068	18.67
75617	18.06
20055	18.00
27207	17.90
66480	17.89
13627	17.85
19942	17.59
19899	17.46
19933	17.35
20054	16.56
19941	16.20
114641	15.95
27176	15.67
14109	15.57
67281	15.06
22186	14.61
16341	14.20
73830	13.32
19944	12.92
67945	12.61
13629	11.96
18148	11.83
20104	10.26
12465	9.19
67942	9.05
12461	8.72
16898	8.35
12857	7.40
15528	6.67
11949	5.56
67204	5.18
13681	4.83
15481	4.81
19166	4.81
30926	4.79
12469	4.78
18813	4.72
12567	4.68
20655	4.64
22154	4.59
22218	4.41
66537	4.25
19167	4.25
26443	4.04
66242	3.89
13669	3.85
11950	3.84
66409	3.72
22166	3.68
57320	3.52
15387	3.52
66164	3.48
20918	3.35
55989	3.33
19175	3.20
65961	3.09
69692	3.04
66235	3.01
67089	2.99
15519	2.97
66229	2.88
26445	2.56
22143	2.51
14433	2.45
26440	2.44
57296	2.40
22187	2.40
56351	2.37
12301	2.28
75398	2.28
56403	2.14
15331	2.12
19179	2.09
66942	2.09
192170	2.03
68991	1.94
22631	1.92
22335	1.91
107508	1.91
69527	1.89
18538	1.85
28071	1.84
74255	1.76
56505	1.76
15510	1.75
24015	1.72
27397	1.72
11461	1.68
59029	1.59
19173	1.53
19357	1.48
14679	1.39
21974	1.34
228026	1.31
20021	1.30
81898	1.30
235036	1.23
66471	1.19
17688	1.19
11566	1.18
231329	1.18
77591	1.15
75624	1.10
70465	1.06
216987	1.04
18648	0.89
66197	0.85
386649	0.85
21915	0.71
81489	0.60
67177	0.59
56321	0.50
66311	0.44
18971	0.37
108679	0.36
17714	0.33
14056	0.32
110749	0.31
53421	0.30
108689	0.27
110816	0.25
81500	0.24
11799	0.22
17877	0.22
229949	0.17
15278	0.17
13806	0.16
101592	0.14
20682	0.12
98956	0.10
23996	0.09
75605	0.09
20174	0.08
16468	0.06
22289	0.04
17216	-0.02
27398	-0.03
11479	-0.04
214899	-0.07
110095	-0.12
67027	-0.17
68743	-0.17
57743	-0.19
20020	-0.20
100502766	-0.26
56150	-0.32
14211	-0.34
216850	-0.39
234388	-0.40
16551	-0.52
16870	-0.62
66634	-0.70
56421	-0.74
18969	-0.74
21379	-0.79
382985	-0.80
67212	-0.81
20591	-0.84
15161	-0.85
12544	-0.91
67849	-0.94
20877	-1.02
22273	-1.06
76044	-1.08
19361	-1.10
19014	-1.17
215387	-1.18
60530	-1.19
12181	-1.29
27221	-1.31
216156	-1.52
56436	-1.79
71147	-1.79
