19933	10.33
20091	10.26
26451	9.12
13627	8.86
268449	8.73
65019	8.63
66480	8.45
19989	8.42
16341	8.16
114641	7.97
19944	7.92
19941	7.65
27207	7.34
20068	7.27
19951	7.19
27176	6.78
75617	6.71
20054	6.34
67281	6.26
13629	6.21
20055	5.94
19899	5.92
18148	5.62
19942	5.57
12461	5.37
16898	5.12
73830	4.87
22186	4.69
14109	4.65
15528	4.51
12465	4.00
18813	3.89
67945	3.86
30926	3.70
15331	3.43
12567	3.37
15278	3.01
15481	2.99
67942	2.90
55989	2.86
28071	2.83
56351	2.82
13681	2.45
66235	2.44
24015	2.42
15510	2.42
15387	2.42
66409	2.39
12301	2.39
12469	2.36
70465	2.23
22154	2.18
66164	2.17
13669	2.12
22218	2.09
216987	2.08
66229	2.05
65961	2.05
56403	2.05
57320	2.00
15519	1.99
67204	1.87
11566	1.86
69692	1.84
22143	1.72
235036	1.72
11949	1.44
19167	1.41
27397	1.40
107508	1.39
75398	1.34
14679	1.31
14433	1.30
66942	1.17
21974	1.12
56505	1.10
192170	1.09
20655	1.06
17688	1.04
59029	1.01
101592	0.97
81500	0.97
56321	0.93
20918	0.91
26443	0.90
22631	0.88
110816	0.83
20682	0.83
12857	0.82
110749	0.73
19357	0.72
66537	0.72
81489	0.71
67089	0.67
67212	0.61
228026	0.60
66242	0.58
98956	0.58
77591	0.58
18971	0.57
75624	0.56
108689	0.55
53421	0.52
74255	0.49
20174	0.49
69527	0.48
231329	0.47
11799	0.46
108679	0.43
11950	0.42
17216	0.41
11461	0.41
17714	0.41
22335	0.38
57743	0.35
67177	0.30
13806	0.30
12181	0.30
16551	0.23
60530	0.22
19166	0.19
14056	0.17
22289	0.17
18538	0.17
26445	0.13
19179	0.11
67849	0.08
66197	0.06
19361	0.06
22166	0.03
66471	0.01
17877	0.00
75605	-0.03
26440	-0.04
20591	-0.07
110095	-0.08
20020	-0.10
14211	-0.11
19014	-0.14
66634	-0.17
18648	-0.20
214899	-0.26
21379	-0.27
15161	-0.32
20877	-0.33
22187	-0.37
57296	-0.37
215387	-0.41
68743	-0.48
386649	-0.48
216156	-0.51
234388	-0.52
100502766	-0.53
216850	-0.57
71147	-0.71
76044	-0.72
12544	-0.73
56150	-0.74
229949	-0.77
81898	-0.78
19175	-0.78
23996	-0.79
67027	-0.79
16468	-0.95
27221	-0.98
68991	-1.04
16870	-1.08
11479	-1.17
18969	-1.19
20021	-1.28
21915	-1.31
19173	-1.39
66311	-1.41
27398	-1.42
56421	-1.49
382985	-1.59
56436	-1.95
22273	-2.07
