56505	10.04
12465	7.33
192170	6.78
12567	6.06
18813	5.68
12181	5.61
66942	5.60
216156	5.53
12461	5.24
13806	4.98
18971	4.81
235036	4.71
12469	4.68
18648	4.52
22273	4.23
20021	4.13
23996	4.02
15510	3.91
70465	3.90
21915	3.75
18148	3.74
13681	3.72
15519	3.69
55989	3.64
66409	3.63
22154	3.57
74255	3.42
386649	3.31
21379	3.30
22143	3.28
27398	3.20
66229	3.20
19899	3.17
27397	3.16
234388	3.15
56436	3.14
56321	3.14
12301	3.14
107508	3.03
26445	2.99
73830	2.95
17216	2.92
98956	2.91
24015	2.90
15481	2.89
19173	2.85
56421	2.84
110816	2.81
27176	2.77
56403	2.72
108679	2.56
56351	2.54
22335	2.50
17688	2.48
30926	2.48
216987	2.47
18538	2.44
59029	2.41
19175	2.38
14433	2.37
69527	2.33
77591	2.33
13629	2.32
18969	2.29
15387	2.28
14211	2.26
26443	2.25
26440	2.22
231329	2.19
15161	2.19
66471	2.13
19179	2.11
15528	2.08
12544	1.93
57320	1.92
13669	1.92
11461	1.92
66164	1.91
101592	1.82
66235	1.76
19166	1.74
67204	1.66
67089	1.65
81898	1.60
11566	1.55
66480	1.54
108689	1.52
14056	1.51
20054	1.48
19944	1.46
20591	1.46
19167	1.37
81489	1.36
22187	1.32
19942	1.32
19357	1.30
66634	1.28
216850	1.26
69692	1.21
19014	1.20
16341	1.19
215387	1.17
19989	1.13
67212	1.10
14109	1.08
67942	1.05
20055	1.04
75624	1.01
20068	0.99
57296	0.88
22166	0.86
28071	0.84
27207	0.84
53421	0.83
16898	0.82
67027	0.81
22186	0.79
22218	0.78
20877	0.77
57743	0.75
268449	0.74
16468	0.73
75398	0.73
65961	0.66
56150	0.66
66311	0.65
67177	0.65
13627	0.64
110095	0.63
27221	0.63
66197	0.62
60530	0.60
11949	0.53
20104	0.49
19951	0.47
228026	0.42
75605	0.39
75617	0.36
14679	0.35
67945	0.34
11479	0.34
15331	0.31
19361	0.25
66242	0.23
81500	0.20
16551	0.20
22631	0.19
17714	0.19
110749	0.13
21974	0.10
68743	0.08
20091	0.08
20655	0.08
67281	0.07
100502766	0.06
19933	0.01
11950	0.01
20020	0.00
19941	-0.03
76044	-0.05
68991	-0.07
66537	-0.12
20682	-0.13
114641	-0.16
26451	-0.19
12857	-0.19
11799	-0.20
16870	-0.37
229949	-0.40
65019	-0.42
17877	-0.44
67849	-0.57
214899	-0.61
20918	-0.75
382985	-0.76
71147	-0.77
15278	-1.37
22289	-1.67
