22289	10.51
15161	5.90
16468	4.23
75605	4.12
20020	3.99
11461	2.57
53421	2.49
101592	2.41
66229	2.35
21974	2.29
13681	2.18
216850	2.17
14679	2.10
107508	2.10
19014	2.06
21379	1.93
18648	1.87
216987	1.75
13669	1.74
27397	1.67
56351	1.64
15510	1.56
13629	1.50
20174	1.46
56436	1.42
81898	1.38
15481	1.34
110816	1.32
19357	1.30
56403	1.30
23996	1.29
231329	1.28
22154	1.28
20655	1.23
15387	1.22
214899	1.18
98956	1.15
12181	1.12
15528	1.10
22631	1.10
13806	1.09
56421	1.09
24015	0.97
26440	0.96
17714	0.93
19166	0.91
100502766	0.91
19173	0.89
17688	0.81
386649	0.77
22166	0.69
67089	0.69
20021	0.69
192170	0.67
70465	0.65
15519	0.64
16551	0.63
12469	0.63
235036	0.62
11479	0.61
22273	0.58
66942	0.54
74255	0.54
18813	0.52
19175	0.51
18971	0.49
110095	0.43
66197	0.41
67942	0.41
66471	0.39
81489	0.39
12465	0.38
11950	0.38
66235	0.36
75398	0.36
19167	0.36
14433	0.35
12461	0.34
26445	0.34
56321	0.34
59029	0.33
27176	0.32
16898	0.29
228026	0.28
66242	0.26
65961	0.24
14056	0.23
75624	0.16
19899	0.15
66537	0.14
13627	0.13
12857	0.11
12567	0.09
56505	0.05
22218	0.04
14211	0.03
67204	-0.01
234388	-0.03
22187	-0.03
68991	-0.05
66164	-0.05
57296	-0.06
20104	-0.07
67945	-0.07
14109	-0.08
16870	-0.08
77591	-0.10
17216	-0.10
71147	-0.17
66480	-0.18
20918	-0.18
108689	-0.19
55989	-0.21
216156	-0.21
60530	-0.23
19179	-0.23
22186	-0.24
20877	-0.26
22143	-0.26
19989	-0.27
26443	-0.27
76044	-0.27
12544	-0.28
20682	-0.29
57320	-0.30
19944	-0.32
22335	-0.32
18148	-0.33
108679	-0.34
73830	-0.34
20055	-0.35
215387	-0.35
75617	-0.35
66409	-0.35
56150	-0.36
27207	-0.41
11799	-0.41
67212	-0.42
26451	-0.42
19942	-0.46
18538	-0.46
11949	-0.47
30926	-0.51
11566	-0.54
12301	-0.55
114641	-0.57
20054	-0.60
67281	-0.62
268449	-0.65
21915	-0.66
20068	-0.69
67177	-0.69
68743	-0.70
65019	-0.72
67849	-0.73
66311	-0.78
382985	-0.80
17877	-0.81
20091	-0.84
19941	-0.88
19361	-0.90
81500	-0.90
27221	-0.94
229949	-0.97
28071	-1.05
19951	-1.07
15331	-1.12
27398	-1.12
16341	-1.12
18969	-1.13
19933	-1.16
66634	-1.21
57743	-1.26
15278	-1.40
67027	-1.53
69527	-1.84
110749	-2.23
69692	-2.26
