27176	7.78
12857	6.95
22186	6.42
14109	6.30
26451	6.17
75617	5.97
20054	5.95
19951	5.79
57320	5.79
13627	5.77
20055	5.75
19942	5.68
19989	5.58
65019	5.50
67942	5.36
20068	5.25
268449	5.22
22187	5.21
67945	5.18
19899	5.15
19933	4.97
73830	4.96
19175	4.93
56351	4.87
27207	4.87
66537	4.80
22166	4.78
13629	4.72
11949	4.71
15528	4.68
20091	4.64
19941	4.47
19944	4.23
18148	4.20
67281	4.12
16898	3.98
14433	3.97
26445	3.85
66480	3.81
15481	3.64
19166	3.57
22154	3.57
20918	3.46
114641	3.44
11950	3.23
19179	3.17
22273	2.99
27398	2.95
12461	2.90
56436	2.89
19167	2.87
26443	2.79
21915	2.77
19173	2.76
75398	2.72
234388	2.71
66242	2.62
69527	2.61
22218	2.61
15519	2.58
11566	2.44
27397	2.42
12465	2.39
22631	2.35
13681	2.34
16341	2.34
386649	2.28
15510	2.23
11461	2.23
69692	2.18
13806	2.18
68991	2.09
13669	2.01
65961	1.98
26440	1.92
66471	1.83
67204	1.83
18813	1.68
216156	1.65
66235	1.64
18538	1.52
66311	1.45
23996	1.43
81500	1.42
57296	1.37
67212	1.36
67089	1.35
110095	1.27
12469	1.27
71147	1.26
20591	1.23
12301	1.15
20021	1.13
19357	1.12
228026	1.08
20104	1.06
56505	0.94
17688	0.92
22335	0.90
67027	0.88
107508	0.86
15331	0.83
22143	0.82
59029	0.81
192170	0.78
20020	0.77
216850	0.74
30926	0.70
53421	0.70
81489	0.66
382985	0.59
66197	0.51
22289	0.44
11799	0.41
18648	0.41
231329	0.41
16870	0.27
56321	0.22
76044	0.20
15278	0.15
55989	0.15
74255	0.14
15161	0.14
21379	0.13
12567	0.12
18969	0.11
15387	0.08
20174	0.08
17877	0.07
66409	0.04
56421	0.03
110749	-0.08
235036	-0.11
56403	-0.13
81898	-0.15
75624	-0.16
229949	-0.18
101592	-0.29
100502766	-0.29
66942	-0.32
16468	-0.33
98956	-0.43
67177	-0.46
216987	-0.47
28071	-0.48
57743	-0.53
12544	-0.56
66164	-0.57
77591	-0.58
66229	-0.59
16551	-0.60
14056	-0.61
27221	-0.63
67849	-0.68
108689	-0.75
108679	-0.76
215387	-0.77
66634	-0.78
17714	-0.79
56150	-0.83
68743	-0.83
11479	-0.88
19014	-0.97
110816	-0.99
14211	-1.13
18971	-1.13
24015	-1.14
19361	-1.25
14679	-1.30
20682	-1.34
20877	-1.42
21974	-1.51
17216	-1.53
214899	-1.54
75605	-1.81
12181	-1.82
60530	-2.15
70465	-2.41
