16870	2.70
22631	1.28
56351	1.22
55989	1.02
15331	1.01
192170	1.00
75605	0.94
14056	0.91
216850	0.86
13806	0.84
20104	0.83
20020	0.72
18648	0.71
53421	0.69
66164	0.68
15387	0.67
12567	0.66
66480	0.61
66471	0.58
13669	0.57
66942	0.55
67945	0.52
386649	0.51
235036	0.50
19942	0.50
27397	0.49
70465	0.49
11461	0.49
23996	0.48
18813	0.48
65961	0.47
67177	0.44
26451	0.43
19944	0.43
21915	0.42
20918	0.40
19951	0.39
234388	0.38
17877	0.38
57296	0.38
66409	0.37
268449	0.36
27207	0.36
19361	0.35
16898	0.35
66229	0.35
20055	0.34
14433	0.32
65019	0.32
56436	0.30
14109	0.30
66235	0.29
19899	0.27
56403	0.27
13681	0.27
214899	0.26
21974	0.24
18148	0.24
28071	0.24
21379	0.23
68991	0.22
19933	0.22
114641	0.21
67204	0.20
67212	0.20
27221	0.19
19941	0.19
27176	0.18
15278	0.18
107508	0.17
59029	0.17
12181	0.17
67281	0.16
24015	0.15
75617	0.14
17216	0.14
18971	0.13
60530	0.13
56321	0.13
20054	0.12
20091	0.12
110816	0.11
12461	0.10
13627	0.10
215387	0.10
216987	0.08
22186	0.08
15528	0.08
14211	0.07
16551	0.07
76044	0.04
26445	0.03
56150	0.03
66197	0.03
22289	0.01
108689	0.00
15519	-0.01
22154	-0.02
15161	-0.02
19014	-0.03
16341	-0.03
56505	-0.04
19989	-0.05
19175	-0.05
74255	-0.07
20068	-0.09
14679	-0.11
69692	-0.12
20877	-0.13
20174	-0.13
73830	-0.13
98956	-0.14
19179	-0.14
81500	-0.15
75398	-0.15
66537	-0.19
18538	-0.19
19357	-0.22
68743	-0.23
11799	-0.23
12465	-0.24
77591	-0.25
13629	-0.27
11566	-0.28
20591	-0.29
30926	-0.30
216156	-0.30
57320	-0.33
67942	-0.33
12469	-0.34
19173	-0.34
100502766	-0.37
101592	-0.38
22335	-0.38
22218	-0.39
81489	-0.41
11949	-0.44
15481	-0.44
12544	-0.47
22166	-0.49
110095	-0.52
12857	-0.53
12301	-0.53
67849	-0.54
22273	-0.54
15510	-0.56
75624	-0.57
17688	-0.58
11479	-0.58
108679	-0.61
110749	-0.62
27398	-0.63
66634	-0.63
81898	-0.65
71147	-0.67
229949	-0.67
22143	-0.71
11950	-0.71
22187	-0.72
66311	-0.74
19167	-0.77
57743	-0.78
26443	-0.79
67089	-0.81
66242	-0.85
26440	-0.88
19166	-0.95
67027	-0.99
16468	-1.05
382985	-1.23
231329	-1.24
228026	-1.28
17714	-1.30
20655	-1.34
69527	-1.44
56421	-1.46
20021	-1.46
18969	-2.24
