67849	15.99
16551	14.54
11799	13.75
215387	12.23
100502766	8.91
60530	8.67
19361	7.50
12544	6.75
56150	6.66
66197	6.07
68743	6.05
14211	5.85
110749	5.46
76044	5.06
27221	4.23
66311	4.09
14056	4.04
22154	3.35
67177	3.18
17216	3.07
15331	2.71
18971	2.43
22143	2.18
66634	2.15
18969	1.84
18538	1.77
19357	1.69
192170	1.14
108689	1.12
12567	1.11
66471	0.93
21915	0.88
18648	0.85
20174	0.77
81500	0.71
19014	0.59
53421	0.49
22273	0.48
67027	0.47
14679	0.45
13806	0.39
11949	0.35
70465	0.32
16870	0.26
11461	0.26
16898	0.25
57743	0.24
59029	0.24
22631	0.24
13681	0.24
15161	0.23
13627	0.18
56505	0.18
17714	0.13
56421	0.12
22187	0.11
71147	0.09
110095	0.06
27398	0.05
216987	0.05
228026	0.05
27176	0.05
17877	0.02
19944	0.01
15387	0.00
67942	-0.02
81489	-0.03
14433	-0.03
108679	-0.06
216156	-0.06
56436	-0.06
12181	-0.07
22166	-0.08
20682	-0.13
26440	-0.13
75624	-0.14
20020	-0.15
65961	-0.15
66164	-0.16
66229	-0.18
57296	-0.19
56321	-0.19
13629	-0.20
69692	-0.20
26445	-0.21
69527	-0.23
20591	-0.26
21379	-0.27
231329	-0.29
17688	-0.31
235036	-0.31
20104	-0.33
16341	-0.34
229949	-0.37
18813	-0.37
268449	-0.38
19951	-0.42
81898	-0.44
110816	-0.45
12461	-0.45
19942	-0.46
98956	-0.47
22335	-0.47
20021	-0.47
75398	-0.50
11950	-0.50
13669	-0.50
11566	-0.52
18148	-0.53
15481	-0.53
67212	-0.54
214899	-0.54
15278	-0.54
74255	-0.55
67945	-0.55
20055	-0.55
20918	-0.56
19173	-0.57
11479	-0.59
27207	-0.60
21974	-0.61
19989	-0.62
56351	-0.64
16468	-0.68
19899	-0.69
77591	-0.71
65019	-0.71
56403	-0.72
55989	-0.73
66480	-0.73
23996	-0.73
216850	-0.77
234388	-0.78
382985	-0.80
66235	-0.81
75605	-0.82
386649	-0.86
19941	-0.86
22186	-0.86
19179	-0.88
114641	-0.89
24015	-0.89
20068	-0.89
101592	-0.91
75617	-0.92
107508	-0.95
15510	-0.96
19167	-0.97
14109	-0.98
66242	-0.98
20054	-1.00
28071	-1.01
20091	-1.02
12465	-1.03
27397	-1.03
30926	-1.04
19933	-1.06
66537	-1.08
19175	-1.09
66942	-1.11
26443	-1.12
67281	-1.15
26451	-1.17
22218	-1.17
67089	-1.19
12301	-1.19
12857	-1.20
22289	-1.20
73830	-1.25
57320	-1.26
66409	-1.27
12469	-1.30
68991	-1.33
20655	-1.42
19166	-1.53
15519	-1.55
67204	-1.67
15528	-1.98
