22187	8.15
108679	4.84
268449	4.71
75617	4.68
20021	4.62
216850	4.17
67281	4.09
14109	4.02
12857	4.02
20055	3.98
27207	3.85
81489	3.83
19933	3.82
19989	3.77
19941	3.74
114641	3.73
67945	3.64
22631	3.63
66480	3.60
26451	3.55
13681	3.53
20068	3.51
20655	3.46
22186	3.38
15387	3.38
19942	3.36
20091	3.35
67942	3.29
19951	3.29
19944	3.24
56351	3.22
20054	3.18
67204	3.16
27176	3.16
22218	3.14
56436	3.13
14433	3.12
26443	3.10
19175	3.03
19899	3.01
192170	2.99
16898	2.95
65019	2.93
22335	2.90
15481	2.89
57320	2.86
67027	2.71
13627	2.68
20020	2.67
73830	2.65
19167	2.62
15331	2.59
19166	2.56
57296	2.54
66409	2.53
11949	2.51
19173	2.35
16341	2.34
13629	2.30
75398	2.16
30926	2.07
11950	2.02
66242	1.93
15278	1.91
67089	1.85
26445	1.85
17714	1.83
67212	1.77
107508	1.77
66164	1.69
66235	1.68
19179	1.67
68991	1.63
74255	1.62
21379	1.49
13806	1.48
15528	1.48
22143	1.47
18538	1.44
27397	1.42
66537	1.42
22166	1.39
15519	1.38
12465	1.35
12461	1.34
22273	1.32
18148	1.29
19357	1.28
66942	1.24
19014	1.23
23996	1.16
27398	1.15
12469	1.12
65961	1.11
66197	0.98
69527	0.94
81500	0.94
20104	0.91
15510	0.90
28071	0.88
11461	0.87
81898	0.76
234388	0.72
55989	0.67
57743	0.67
22289	0.63
382985	0.62
14679	0.57
13669	0.56
12567	0.42
20682	0.40
18813	0.35
386649	0.34
26440	0.30
66311	0.26
59029	0.25
15161	0.20
19361	0.18
14056	0.16
67177	0.16
17877	0.12
22154	0.10
100502766	0.08
11799	0.06
53421	-0.02
12301	-0.05
214899	-0.08
235036	-0.09
18648	-0.09
70465	-0.17
67849	-0.17
20591	-0.18
228026	-0.19
66471	-0.21
110816	-0.27
12544	-0.29
16468	-0.39
56505	-0.41
75605	-0.44
16870	-0.49
110749	-0.53
20877	-0.56
66229	-0.61
76044	-0.63
69692	-0.66
108689	-0.71
229949	-0.72
216156	-0.73
20174	-0.75
66634	-0.76
56150	-0.78
56321	-0.82
68743	-0.88
56421	-0.89
18969	-0.98
77591	-1.05
110095	-1.06
17216	-1.13
11479	-1.14
215387	-1.18
56403	-1.19
101592	-1.21
98956	-1.22
11566	-1.22
21915	-1.26
12181	-1.38
16551	-1.42
60530	-1.60
21974	-1.63
24015	-1.64
18971	-1.69
27221	-1.75
231329	-1.79
216987	-1.81
71147	-1.97
75624	-2.20
14211	-2.30
17688	-2.56
