235036	6.56
22273	5.62
216156	5.44
70465	5.31
12181	5.17
110816	4.75
18813	4.71
56436	4.51
15510	4.47
98956	4.33
27398	4.00
55989	3.86
15278	3.84
24015	3.62
66409	3.49
19014	3.35
20174	3.30
13681	2.99
56403	2.98
66942	2.84
75624	2.82
27397	2.80
13629	2.71
66229	2.68
67212	2.67
66164	2.49
192170	2.37
11950	2.26
69527	2.25
14433	2.20
107508	2.20
23996	2.19
15161	2.17
108679	2.17
216850	2.16
53421	2.09
56321	2.05
67204	1.99
18648	1.98
67177	1.96
20591	1.93
216987	1.91
15528	1.88
12461	1.87
12857	1.84
13669	1.83
12465	1.81
13806	1.79
12469	1.73
234388	1.63
71147	1.60
19173	1.51
20918	1.49
66242	1.48
11949	1.47
18971	1.46
28071	1.45
18148	1.44
77591	1.43
22186	1.40
67942	1.40
56505	1.29
27176	1.25
20020	1.22
21915	1.20
17714	1.20
57743	1.15
18969	1.04
16468	1.03
20021	0.99
67027	0.98
26443	0.94
56421	0.91
22335	0.91
17216	0.88
101592	0.85
75398	0.84
19899	0.82
20055	0.76
19944	0.76
12544	0.76
110749	0.74
59029	0.73
66235	0.70
20054	0.69
12567	0.69
57296	0.69
19179	0.69
19175	0.65
14109	0.62
228026	0.60
11566	0.56
16898	0.55
66471	0.53
30926	0.51
66634	0.50
56351	0.47
15481	0.46
27221	0.42
12301	0.39
67849	0.39
67089	0.39
76044	0.33
66311	0.32
100502766	0.27
20682	0.23
11479	0.22
19942	0.20
386649	0.20
11461	0.15
69692	0.13
20655	0.13
15519	0.09
11799	0.05
57320	0.04
22154	0.02
19361	0.00
67945	-0.02
26445	-0.05
56150	-0.05
19357	-0.06
15387	-0.11
65961	-0.12
20068	-0.12
60530	-0.12
19167	-0.19
81898	-0.21
16341	-0.21
27207	-0.22
20104	-0.27
20877	-0.27
15331	-0.31
81489	-0.32
231329	-0.33
73830	-0.34
16551	-0.35
19941	-0.35
66480	-0.38
75617	-0.39
268449	-0.40
66197	-0.40
214899	-0.42
17877	-0.44
67281	-0.47
18538	-0.47
110095	-0.48
65019	-0.48
68743	-0.50
14056	-0.54
16870	-0.55
26440	-0.57
229949	-0.57
22631	-0.63
19951	-0.63
114641	-0.65
22143	-0.65
22166	-0.66
26451	-0.70
19933	-0.70
13627	-0.71
20091	-0.79
19989	-0.81
17688	-0.90
22289	-1.03
14211	-1.05
81500	-1.09
74255	-1.15
215387	-1.17
19166	-1.27
75605	-1.28
22187	-1.29
14679	-1.39
108689	-1.47
22218	-1.54
68991	-1.55
66537	-1.63
382985	-1.82
21974	-2.32
