81898	7.57
19014	4.91
77591	4.41
75605	4.09
382985	3.93
22289	2.54
56403	2.15
67027	2.07
21974	1.81
231329	1.81
28071	1.46
107508	1.34
13629	1.26
27398	1.25
13669	1.21
20591	1.18
15387	1.12
16468	1.09
16341	1.01
22273	0.95
228026	0.93
216850	0.82
19173	0.81
14679	0.81
192170	0.80
57296	0.79
76044	0.78
12857	0.76
56421	0.73
216156	0.72
55989	0.71
12567	0.69
22218	0.68
66229	0.65
56505	0.62
66471	0.56
19899	0.54
17714	0.52
56321	0.47
30926	0.44
110095	0.43
53421	0.43
108689	0.43
14211	0.43
16551	0.34
70465	0.34
66164	0.33
74255	0.31
110749	0.31
15331	0.31
108679	0.30
65961	0.30
66242	0.30
73830	0.30
20020	0.26
20682	0.26
18148	0.24
19951	0.24
15161	0.24
101592	0.23
11949	0.23
26443	0.21
11950	0.20
69527	0.15
22187	0.15
81500	0.13
57320	0.12
67177	0.11
67281	0.10
19989	0.10
14109	0.08
66311	0.08
56436	0.07
18971	0.04
17216	0.00
68743	-0.00
110816	-0.01
12465	-0.03
27397	-0.03
16898	-0.04
19357	-0.05
66480	-0.05
81489	-0.07
20091	-0.07
20918	-0.08
67212	-0.08
67942	-0.13
19941	-0.14
18648	-0.15
114641	-0.16
13627	-0.16
20021	-0.17
66942	-0.18
75617	-0.18
235036	-0.22
19942	-0.25
27207	-0.26
20104	-0.26
17688	-0.28
22186	-0.28
59029	-0.30
22335	-0.31
68991	-0.31
268449	-0.31
66409	-0.31
26451	-0.35
20055	-0.36
13681	-0.40
19361	-0.41
19167	-0.42
21379	-0.42
19179	-0.42
21915	-0.43
20068	-0.44
67089	-0.45
60530	-0.46
67849	-0.46
12469	-0.48
11479	-0.48
17877	-0.52
20877	-0.54
20054	-0.55
15278	-0.56
67945	-0.56
11566	-0.57
14056	-0.57
15510	-0.58
26440	-0.61
20174	-0.61
66197	-0.63
22154	-0.63
65019	-0.64
13806	-0.65
19166	-0.65
27221	-0.65
56150	-0.69
234388	-0.72
12181	-0.72
75624	-0.72
23996	-0.72
11799	-0.73
22143	-0.74
24015	-0.77
12544	-0.78
19944	-0.79
100502766	-0.80
386649	-0.81
19175	-0.85
69692	-0.85
71147	-0.86
12461	-0.87
98956	-0.89
215387	-0.94
19933	-0.98
27176	-0.98
11461	-0.99
16870	-1.00
15519	-1.00
66634	-1.03
22631	-1.05
229949	-1.16
26445	-1.16
15481	-1.17
66537	-1.19
216987	-1.26
18538	-1.27
66235	-1.31
15528	-1.44
75398	-1.45
14433	-1.46
67204	-1.51
20655	-1.54
18813	-1.57
12301	-1.64
57743	-1.69
22166	-1.92
56351	-2.33
18969	-2.41
