20877	12.23
16551	11.56
67849	9.52
11799	8.79
60530	8.56
19361	7.69
14211	7.46
12544	7.11
100502766	6.97
56150	6.62
27221	6.04
68743	5.90
110749	5.63
76044	5.61
17216	5.35
14056	5.23
66197	4.94
66634	4.15
67177	4.05
22154	3.98
18969	3.65
18538	3.61
18971	3.57
66311	3.40
22143	2.98
19357	2.87
15331	2.20
17688	2.12
108689	1.99
66471	1.41
69692	1.38
192170	1.29
101592	1.17
20174	1.17
231329	1.12
12567	1.11
22631	0.94
57743	0.93
20020	0.86
12461	0.76
15387	0.71
21915	0.71
15161	0.68
11566	0.64
19179	0.57
74255	0.56
21974	0.56
11461	0.54
67027	0.53
56505	0.50
23996	0.49
22335	0.47
65961	0.45
81500	0.40
26440	0.40
77591	0.39
13681	0.38
108679	0.37
69527	0.36
67204	0.36
26445	0.34
53421	0.31
14433	0.30
16870	0.26
107508	0.25
59029	0.24
22187	0.24
18813	0.23
11949	0.20
75624	0.18
66409	0.18
17877	0.11
98956	0.11
17714	0.10
20682	0.10
24015	0.04
75398	0.04
19014	0.03
19944	0.03
66942	0.02
67942	-0.03
16468	-0.03
71147	-0.06
22166	-0.06
22273	-0.14
57296	-0.15
56436	-0.17
22289	-0.20
81898	-0.20
18148	-0.20
216987	-0.22
110816	-0.25
15519	-0.26
13669	-0.30
110095	-0.30
216850	-0.31
56403	-0.32
14679	-0.33
12469	-0.34
13627	-0.34
67089	-0.34
55989	-0.34
20591	-0.35
56421	-0.35
15481	-0.36
229949	-0.36
66537	-0.37
19951	-0.37
20104	-0.41
268449	-0.41
386649	-0.42
11479	-0.43
19942	-0.46
235036	-0.47
12465	-0.48
30926	-0.48
114641	-0.50
27176	-0.51
27398	-0.51
81489	-0.52
67945	-0.52
56321	-0.53
18648	-0.53
11950	-0.53
19166	-0.54
16898	-0.56
27207	-0.57
26443	-0.58
67281	-0.59
67212	-0.60
28071	-0.60
65019	-0.61
13629	-0.61
13806	-0.62
15510	-0.62
15278	-0.62
19175	-0.63
66229	-0.65
20068	-0.66
228026	-0.68
22218	-0.68
22186	-0.68
16341	-0.75
20021	-0.76
20655	-0.77
66480	-0.78
20054	-0.85
19933	-0.85
57320	-0.87
20055	-0.90
66235	-0.91
75617	-0.92
12181	-0.92
234388	-0.92
214899	-0.94
19167	-0.96
26451	-0.98
56351	-1.06
19173	-1.06
19899	-1.07
216156	-1.07
75605	-1.09
12857	-1.11
19941	-1.11
14109	-1.13
73830	-1.16
19989	-1.16
21379	-1.17
66242	-1.17
20091	-1.18
20918	-1.18
70465	-1.22
382985	-1.22
27397	-1.26
15528	-1.31
68991	-1.31
66164	-1.37
12301	-1.44
