12181	8.21
56436	7.47
22273	6.76
56505	6.54
23996	6.07
27398	5.64
20174	5.53
234388	5.53
21379	5.44
70465	5.26
110816	5.17
386649	4.86
57320	4.78
66229	4.75
192170	4.70
19173	4.67
18813	4.61
12465	4.53
12469	4.50
19175	4.37
15510	4.04
12567	3.98
235036	3.91
27397	3.87
12301	3.83
19179	3.67
15481	3.47
98956	3.33
67212	3.25
26445	3.16
108679	3.10
24015	3.08
21915	3.04
30926	3.00
66942	2.94
59029	2.92
12461	2.86
22143	2.60
13681	2.51
18971	2.51
66164	2.46
55989	2.37
66409	2.37
15528	2.35
216987	2.34
13629	2.22
56321	2.21
22154	2.14
18648	2.13
107508	2.09
66235	2.07
20021	2.03
13806	1.93
56351	1.91
75624	1.89
15519	1.89
22187	1.89
77591	1.86
15161	1.79
56403	1.79
74255	1.76
231329	1.73
19167	1.68
20655	1.65
26443	1.62
57296	1.62
81898	1.60
73830	1.57
20054	1.51
11566	1.43
15278	1.35
57743	1.29
28071	1.20
17216	1.19
11461	1.15
26440	1.13
67027	1.13
81489	1.06
66537	1.05
19166	1.04
19014	1.03
14433	0.97
53421	0.96
16898	0.94
18148	0.94
19899	0.89
67089	0.84
11950	0.84
22186	0.84
13669	0.83
12857	0.80
22335	0.78
19944	0.74
68991	0.74
214899	0.72
66480	0.71
17714	0.61
66311	0.60
69527	0.48
11949	0.47
15387	0.46
67177	0.44
67945	0.42
110749	0.33
65961	0.31
66242	0.26
101592	0.21
81500	0.20
27176	0.20
17688	0.19
14211	0.16
17877	0.16
27207	0.14
69692	0.13
14109	0.13
19942	0.09
76044	0.05
67849	0.00
20020	-0.04
66471	-0.05
20877	-0.06
229949	-0.08
67942	-0.10
110095	-0.10
75398	-0.12
11799	-0.17
68743	-0.20
18538	-0.21
20591	-0.21
22218	-0.21
12544	-0.23
16551	-0.26
75605	-0.27
19941	-0.29
66634	-0.30
20682	-0.30
20055	-0.31
16341	-0.34
22631	-0.37
108689	-0.38
19361	-0.39
67281	-0.39
382985	-0.40
16870	-0.40
19933	-0.48
20104	-0.51
114641	-0.52
60530	-0.60
18969	-0.61
71147	-0.63
75617	-0.64
16468	-0.65
67204	-0.65
56421	-0.72
20068	-0.73
20918	-0.73
228026	-0.74
26451	-0.76
13627	-0.79
27221	-0.85
15331	-0.95
66197	-0.95
216850	-0.97
11479	-0.99
19951	-1.04
215387	-1.07
56150	-1.09
19989	-1.22
22166	-1.28
268449	-1.35
100502766	-1.45
20091	-1.52
22289	-1.57
14679	-1.72
19357	-1.86
65019	-1.89
14056	-2.24
21974	-2.58
