20020	4.64
16468	4.56
20918	4.17
75605	3.32
11479	2.73
13681	2.23
20591	2.17
21379	2.16
81898	2.05
15161	1.75
28071	1.62
56403	1.51
13629	1.48
14056	1.48
19014	1.34
382985	1.32
81489	1.29
20174	1.26
22187	1.22
66197	1.22
18148	1.17
55989	1.13
107508	1.03
14679	0.92
56436	0.90
11461	0.87
19899	0.87
20682	0.86
27176	0.83
14109	0.82
214899	0.82
75398	0.80
67204	0.78
67177	0.76
22631	0.76
20655	0.74
20055	0.72
235036	0.69
66471	0.68
13669	0.64
27397	0.63
22218	0.61
22289	0.59
15510	0.58
15519	0.51
12567	0.51
14433	0.47
101592	0.42
13627	0.39
16898	0.34
192170	0.33
12461	0.31
15528	0.29
18813	0.26
67942	0.24
21974	0.22
66409	0.20
19357	0.20
18538	0.19
22186	0.18
67089	0.17
66942	0.14
26445	0.14
19175	0.14
18648	0.11
56421	0.11
19361	0.11
20021	0.10
56321	0.10
20054	0.10
15331	0.08
17714	0.06
110095	0.05
77591	0.02
27207	-0.00
19989	-0.03
268449	-0.03
19944	-0.04
19942	-0.05
234388	-0.05
16341	-0.06
20068	-0.08
22166	-0.09
17216	-0.10
73830	-0.13
21915	-0.16
66480	-0.21
75617	-0.22
19951	-0.22
67945	-0.23
12544	-0.27
108679	-0.27
68991	-0.28
11799	-0.29
65019	-0.30
215387	-0.31
19166	-0.33
26451	-0.33
17877	-0.36
12857	-0.37
57296	-0.37
26443	-0.38
20091	-0.39
15481	-0.41
56351	-0.41
100502766	-0.43
69527	-0.44
27398	-0.45
67212	-0.45
19941	-0.46
12465	-0.47
14211	-0.47
11950	-0.48
16870	-0.48
22273	-0.50
76044	-0.51
53421	-0.55
11949	-0.55
69692	-0.56
13806	-0.56
20104	-0.57
98956	-0.59
18969	-0.59
114641	-0.63
11566	-0.63
66242	-0.63
19173	-0.64
26440	-0.64
15387	-0.64
19933	-0.65
27221	-0.65
65961	-0.66
108689	-0.69
71147	-0.71
386649	-0.73
66229	-0.73
16551	-0.76
20877	-0.77
19167	-0.78
15278	-0.78
12181	-0.82
67281	-0.82
57743	-0.86
66634	-0.86
56150	-0.90
216156	-0.97
12301	-0.98
66235	-0.98
228026	-1.01
67849	-1.02
66311	-1.03
23996	-1.12
18971	-1.15
30926	-1.20
57320	-1.21
216987	-1.28
17688	-1.28
110749	-1.31
81500	-1.35
68743	-1.35
110816	-1.36
229949	-1.37
12469	-1.38
60530	-1.42
22154	-1.45
67027	-1.45
66164	-1.48
66537	-1.48
22335	-1.49
59029	-1.53
74255	-1.57
56505	-1.59
24015	-1.75
70465	-1.85
22143	-1.87
75624	-1.89
19179	-1.94
231329	-2.61
