231329	7.01
24015	6.55
18813	5.99
110816	5.75
66229	5.61
12469	5.53
56505	5.38
56403	5.35
15510	5.20
56321	5.18
66942	5.13
66471	5.07
66409	4.87
13669	4.83
75624	4.72
107508	4.64
12181	4.60
55989	4.56
70465	4.44
66235	4.33
59029	4.26
17688	4.21
386649	4.10
74255	4.06
12461	3.99
98956	3.88
12465	3.87
13681	3.87
77591	3.82
15481	3.78
12301	3.60
65961	3.59
101592	3.56
15519	3.53
19179	3.43
67089	3.15
15387	2.95
192170	2.93
18148	2.89
28071	2.88
17216	2.62
23996	2.57
20174	2.47
66164	2.44
216156	2.34
15161	2.31
67204	2.30
14679	2.27
66634	2.11
20104	2.08
19357	2.03
21379	1.91
66537	1.83
235036	1.80
20591	1.75
71147	1.73
56351	1.70
108679	1.70
18971	1.66
26440	1.64
22143	1.64
15278	1.54
16341	1.37
19175	1.37
15528	1.37
20020	1.32
27221	1.24
19173	1.23
21974	1.21
18538	1.20
12544	1.19
53421	1.17
14211	1.17
11566	1.16
27397	1.10
60530	1.07
65019	1.05
20091	1.04
18648	1.00
19014	0.98
17714	0.95
110095	0.94
19166	0.90
14433	0.87
19167	0.87
19933	0.86
19361	0.79
57320	0.78
18969	0.76
75398	0.74
19989	0.74
26443	0.72
22631	0.72
108689	0.72
30926	0.68
13629	0.64
19942	0.61
68743	0.57
22154	0.56
56436	0.56
234388	0.53
16551	0.49
11461	0.43
16468	0.42
13627	0.40
21915	0.30
14056	0.30
12567	0.30
20068	0.29
27176	0.26
26445	0.22
268449	0.19
22335	0.17
20682	0.08
56150	0.07
20877	0.05
15331	0.05
57743	0.05
76044	0.03
22218	0.03
19941	0.01
17877	0.01
66480	-0.00
56421	-0.02
26451	-0.03
67849	-0.04
69527	-0.05
382985	-0.06
13806	-0.11
57296	-0.11
100502766	-0.12
11949	-0.15
215387	-0.22
19944	-0.23
75617	-0.25
67212	-0.27
67027	-0.29
22166	-0.33
11950	-0.35
110749	-0.35
75605	-0.37
20054	-0.38
69692	-0.40
19899	-0.43
20655	-0.47
20021	-0.48
81898	-0.49
229949	-0.57
16898	-0.59
228026	-0.62
67177	-0.62
67942	-0.63
27207	-0.68
19951	-0.68
11479	-0.71
73830	-0.72
66242	-0.78
16870	-0.78
20055	-0.82
114641	-0.83
27398	-0.86
11799	-0.90
67281	-0.94
22289	-1.03
81500	-1.07
22273	-1.17
68991	-1.17
81489	-1.21
66197	-1.24
214899	-1.26
216850	-1.28
66311	-1.29
67945	-1.39
14109	-1.53
22186	-1.64
22187	-1.75
20918	-1.81
12857	-2.27
