66311	7.96
15331	5.57
27397	4.39
18538	4.31
69692	3.99
17216	3.92
12567	3.84
234388	3.76
20174	3.75
18971	3.74
66235	3.60
19361	3.35
66471	3.33
14211	3.33
27176	3.21
19173	3.14
216156	3.04
12544	2.98
66634	2.91
16898	2.87
67945	2.82
20655	2.77
56150	2.76
22143	2.53
56505	2.46
69527	2.43
19942	2.39
76044	2.38
20055	2.38
27398	2.36
12181	2.35
15528	2.34
67177	2.34
60530	2.32
56403	2.31
17688	2.28
19899	2.27
22166	2.25
66197	2.24
55989	2.24
27221	2.24
235036	2.23
59029	2.10
18969	2.07
22154	2.06
66242	2.04
66229	2.02
66480	2.00
110749	1.96
18813	1.95
56351	1.89
19175	1.86
13806	1.86
192170	1.86
20054	1.85
56321	1.84
66164	1.84
11799	1.83
18148	1.77
14109	1.76
68991	1.73
70465	1.71
19951	1.71
67942	1.71
12301	1.65
26445	1.64
73830	1.63
26440	1.62
19989	1.57
19166	1.49
56436	1.46
19357	1.42
11461	1.39
19167	1.36
68743	1.35
20068	1.33
26443	1.33
24015	1.32
15161	1.30
67849	1.28
12465	1.27
108689	1.26
16551	1.26
11566	1.25
66942	1.25
66537	1.24
23996	1.22
21379	1.20
14056	1.17
98956	1.17
67212	1.12
100502766	1.12
22218	1.11
57320	1.10
75398	1.07
18648	1.01
67281	0.92
26451	0.89
20877	0.88
110816	0.88
22186	0.88
15519	0.85
75617	0.82
12469	0.80
12857	0.72
215387	0.71
20091	0.71
30926	0.69
229949	0.65
77591	0.64
27207	0.59
22273	0.58
81898	0.57
13681	0.48
16341	0.47
268449	0.43
20021	0.43
57296	0.43
20682	0.42
16870	0.41
22187	0.38
382985	0.38
14679	0.37
12461	0.36
11949	0.32
114641	0.30
216987	0.30
11950	0.26
15387	0.23
74255	0.20
67204	0.20
81500	0.20
13627	0.16
16468	0.11
19941	0.07
15510	0.07
53421	0.07
65019	0.06
108679	0.04
28071	0.03
386649	0.00
19179	-0.02
19944	-0.13
216850	-0.16
66409	-0.16
65961	-0.18
21974	-0.20
81489	-0.21
17877	-0.29
107508	-0.32
67089	-0.35
231329	-0.40
214899	-0.43
56421	-0.44
22631	-0.44
15481	-0.45
228026	-0.49
22289	-0.52
22335	-0.57
13669	-0.59
57743	-0.60
20020	-0.61
71147	-0.63
20591	-0.66
75624	-0.66
19014	-0.67
110095	-0.71
13629	-0.95
11479	-0.95
101592	-1.05
67027	-1.12
19933	-1.15
20918	-1.26
20104	-1.31
75605	-1.34
17714	-1.74
14433	-1.95
15278	-2.32
