13669	4.02
15387	3.77
67089	3.76
14679	3.69
231329	3.64
22289	3.64
16341	3.35
14211	3.30
56403	3.16
24015	2.96
107508	2.79
19357	2.76
81898	2.29
20591	2.29
77591	2.19
17688	2.14
14056	2.07
22154	2.04
12461	1.98
15161	1.98
66480	1.94
16468	1.82
12469	1.81
214899	1.81
66235	1.77
75605	1.74
66409	1.71
19989	1.70
101592	1.66
11566	1.64
12567	1.61
26440	1.61
55989	1.60
18148	1.57
13627	1.51
15510	1.50
20091	1.34
66471	1.31
28071	1.31
59029	1.27
22631	1.25
216987	1.21
65019	1.19
15331	1.18
12465	1.15
20020	1.15
20104	1.12
67204	1.10
19166	1.09
69692	1.06
18538	1.05
16551	1.03
18971	1.01
13681	1.00
13629	0.99
228026	0.98
66242	0.93
108689	0.93
15519	0.93
18813	0.90
17216	0.89
268449	0.87
67942	0.84
26451	0.82
66634	0.80
74255	0.78
69527	0.72
22218	0.72
20068	0.70
56321	0.69
30926	0.67
19899	0.63
19933	0.58
12301	0.57
215387	0.56
11950	0.54
27221	0.53
114641	0.48
19951	0.47
76044	0.47
19942	0.41
11461	0.38
19944	0.37
27207	0.36
192170	0.36
19167	0.36
11949	0.34
11479	0.34
110749	0.33
65961	0.30
71147	0.28
27176	0.28
20682	0.24
60530	0.24
22335	0.23
68991	0.22
216850	0.22
73830	0.22
75617	0.20
100502766	0.20
66311	0.15
19941	0.14
18969	0.13
22143	0.11
56150	0.10
20174	0.10
386649	0.08
15528	0.06
20055	0.05
57320	0.03
67281	0.01
16870	-0.01
20054	-0.04
16898	-0.04
110095	-0.08
22166	-0.16
22186	-0.17
23996	-0.18
19179	-0.19
21915	-0.20
66942	-0.26
53421	-0.27
56505	-0.29
382985	-0.29
229949	-0.31
12181	-0.32
26443	-0.33
57296	-0.35
15278	-0.35
14109	-0.39
56351	-0.40
68743	-0.42
67177	-0.43
67945	-0.44
26445	-0.45
66197	-0.47
19361	-0.47
75398	-0.55
12544	-0.56
66537	-0.56
20877	-0.61
15481	-0.64
22273	-0.70
17877	-0.70
11799	-0.72
98956	-0.74
56421	-0.74
17714	-0.75
19173	-0.80
70465	-0.80
12857	-1.00
235036	-1.04
57743	-1.06
67212	-1.07
19014	-1.08
81500	-1.21
110816	-1.23
27398	-1.23
13806	-1.28
19175	-1.32
234388	-1.33
108679	-1.34
67027	-1.48
20655	-1.51
20021	-1.53
81489	-1.54
66164	-1.58
22187	-1.58
20918	-1.63
27397	-1.64
14433	-1.69
56436	-1.69
66229	-1.73
18648	-1.75
75624	-1.97
67849	-1.99
21379	-2.32
216156	-2.58
