22154	15.42
15519	5.64
14433	5.47
18538	5.39
114641	5.35
18648	5.04
22166	4.88
12465	4.70
11461	4.67
67281	4.65
19173	4.63
67945	4.57
18971	4.35
14211	4.34
30926	4.29
12469	4.28
13806	4.23
12567	4.16
192170	4.16
66480	4.08
57320	4.06
15481	3.87
13681	3.81
67942	3.79
19166	3.78
18813	3.77
19933	3.75
19944	3.74
17216	3.72
27207	3.71
23996	3.70
66537	3.70
15331	3.64
15387	3.63
22335	3.61
66235	3.59
56351	3.58
15161	3.57
20054	3.52
19357	3.51
75617	3.47
56505	3.43
19361	3.39
22631	3.38
19179	3.38
20068	3.38
26440	3.33
20174	3.28
26451	3.23
26445	3.22
15510	3.19
70465	3.19
15528	3.15
59029	3.14
11799	3.14
17688	3.10
12301	3.09
100502766	3.01
12461	2.99
215387	2.98
56150	2.97
19167	2.94
16898	2.89
386649	2.87
19941	2.81
19175	2.81
19899	2.79
268449	2.73
108679	2.69
19942	2.68
20055	2.64
67177	2.62
216156	2.60
26443	2.60
21915	2.53
20091	2.51
66229	2.50
12181	2.44
14109	2.40
73830	2.37
60530	2.32
66471	2.30
27176	2.23
12544	2.23
81489	2.22
20877	2.18
66311	2.16
18969	2.15
66942	2.14
22187	2.09
19951	2.04
76044	2.01
27397	1.96
66197	1.95
67849	1.95
16551	1.94
55989	1.89
13627	1.85
66242	1.77
57743	1.75
20104	1.72
66634	1.71
19989	1.71
68743	1.70
27221	1.67
65019	1.65
216987	1.64
12857	1.58
110749	1.58
67212	1.52
20020	1.51
22186	1.51
110816	1.50
20918	1.47
231329	1.45
11949	1.36
74255	1.36
18148	1.31
22273	1.28
67089	1.21
20021	1.12
11950	1.10
14056	1.04
66164	1.01
56421	0.95
13629	0.94
56403	0.88
20655	0.82
234388	0.81
13669	0.81
67204	0.78
24015	0.66
27398	0.61
69692	0.61
228026	0.60
75624	0.44
68991	0.42
53421	0.38
108689	0.27
107508	0.26
110095	0.24
65961	0.22
229949	0.21
57296	0.17
11566	0.17
81898	0.16
22218	0.16
66409	0.12
81500	0.11
21974	0.11
56436	0.07
16870	0.06
98956	0.02
14679	-0.01
235036	-0.07
28071	-0.20
77591	-0.21
16341	-0.26
20591	-0.26
17877	-0.28
19014	-0.44
11479	-0.63
21379	-0.65
20682	-0.71
214899	-0.74
22289	-0.99
71147	-1.14
56321	-1.25
382985	-1.26
67027	-1.49
16468	-1.63
216850	-1.87
101592	-1.92
75605	-2.04
15278	-2.25
17714	-2.30
69527	-2.37
75398	-2.84
