22143	15.42
11461	7.68
12567	6.45
12461	6.41
12465	6.40
66480	5.86
13681	5.82
13627	5.77
13629	5.51
15481	5.48
27176	5.34
27207	4.77
15387	4.73
18813	4.70
22631	4.65
19989	4.65
20091	4.59
12469	4.55
18538	4.55
14211	4.55
19899	4.50
18971	4.48
20054	4.46
23996	4.43
192170	4.39
20055	4.38
59029	4.36
19942	4.30
56351	4.29
73830	4.29
14433	4.25
19944	4.22
15161	4.22
26451	4.18
18148	4.16
268449	4.07
19951	4.01
215387	3.98
26445	3.96
56505	3.94
17216	3.94
13806	3.94
75617	3.85
67942	3.83
16898	3.83
22187	3.77
65019	3.77
19933	3.72
15519	3.65
19179	3.65
56150	3.64
22335	3.64
67945	3.63
20655	3.57
20174	3.57
22186	3.54
19357	3.52
18648	3.50
19175	3.50
20068	3.47
14109	3.44
114641	3.36
19166	3.36
20877	3.35
26440	3.32
19941	3.23
15331	3.22
386649	3.15
100502766	3.12
57320	3.10
66235	3.09
11799	3.02
67281	3.00
16341	2.99
110749	2.87
11949	2.81
16551	2.80
67177	2.78
19173	2.71
67089	2.65
12301	2.62
13669	2.60
22166	2.59
19167	2.57
26443	2.48
66471	2.47
66537	2.39
67849	2.37
17688	2.35
12544	2.29
56403	2.20
60530	2.20
20104	2.18
216156	2.14
22273	2.12
53421	2.10
27221	2.07
21915	2.06
21974	2.04
14056	2.03
18969	2.02
15510	2.00
19361	1.96
67204	1.90
57296	1.81
30926	1.79
108689	1.78
66229	1.74
66197	1.72
68991	1.70
56436	1.69
66311	1.66
15528	1.65
20020	1.56
12857	1.56
231329	1.54
234388	1.52
74255	1.50
81489	1.48
68743	1.47
76044	1.41
12181	1.37
70465	1.33
56421	1.29
20591	1.28
108679	1.24
65961	1.23
110816	1.23
11950	1.22
24015	1.20
81898	1.14
107508	1.13
66242	1.09
69692	1.08
55989	1.08
14679	1.07
66634	1.02
57743	0.96
16870	0.93
66409	0.92
228026	0.86
20021	0.85
66942	0.84
27397	0.81
67027	0.80
66164	0.72
75624	0.65
22218	0.57
216987	0.56
11566	0.52
229949	0.51
11479	0.49
27398	0.45
110095	0.44
235036	0.17
20918	0.10
21379	0.02
20682	-0.02
56321	-0.09
67212	-0.18
77591	-0.19
98956	-0.29
75605	-0.37
17877	-0.61
214899	-0.63
81500	-0.66
22289	-0.70
75398	-0.92
28071	-1.03
382985	-1.09
19014	-1.15
101592	-1.15
17714	-1.20
216850	-1.45
71147	-1.46
16468	-1.47
69527	-1.48
15278	-3.19
