19166	10.21
66537	9.96
19167	9.69
26440	8.07
26445	7.78
26443	6.66
19173	6.48
15528	6.44
19942	6.10
19175	5.71
20068	5.54
67942	5.21
68991	5.01
75617	4.98
65019	4.98
66197	4.94
67945	4.94
22143	4.88
67281	4.83
20655	4.78
114641	4.65
11950	4.63
66242	4.58
14109	4.57
18648	4.56
20055	4.51
14433	4.46
19951	4.46
12857	4.43
19899	4.32
59029	4.29
268449	4.26
67089	4.25
66480	4.16
22631	3.94
22218	3.94
18538	3.83
66235	3.79
67204	3.78
26451	3.75
20091	3.68
22186	3.60
15519	3.58
20054	3.57
19944	3.52
27207	3.52
27176	3.49
11461	3.48
19179	3.46
14679	3.37
19989	3.37
22335	3.37
66311	3.36
56351	3.35
11949	3.32
13681	3.31
57320	3.26
12469	3.21
23996	3.18
12301	3.15
12461	3.00
15510	2.98
19941	2.88
75398	2.83
13806	2.72
18148	2.71
57296	2.70
19933	2.69
27397	2.59
22154	2.59
15331	2.44
11566	2.43
16898	2.37
386649	2.36
22187	2.30
13627	2.26
73830	2.25
21915	2.25
15387	2.16
30926	2.15
56150	1.93
74255	1.73
16341	1.72
12465	1.72
67212	1.61
19357	1.60
11799	1.52
18813	1.47
14211	1.47
15481	1.45
234388	1.44
20918	1.39
66164	1.32
110095	1.31
12567	1.30
20021	1.29
66229	1.24
13669	1.17
11479	1.15
56421	1.14
55989	1.14
69692	1.13
16870	1.12
27398	1.06
65961	1.02
71147	0.95
20174	0.86
67177	0.85
76044	0.81
56436	0.76
75624	0.75
20591	0.69
66471	0.61
53421	0.60
27221	0.50
24015	0.49
17688	0.47
66942	0.44
16551	0.42
229949	0.42
12544	0.38
20020	0.35
17877	0.29
15161	0.23
100502766	0.22
19361	0.20
66409	0.15
70465	0.15
18969	0.14
66634	0.11
14056	0.11
108679	0.09
20104	0.03
28071	0.02
60530	0.02
81898	-0.02
192170	-0.05
67849	-0.06
215387	-0.06
110749	-0.06
20877	-0.08
216850	-0.09
231329	-0.11
107508	-0.12
21974	-0.16
56505	-0.18
22273	-0.21
101592	-0.29
17714	-0.32
81489	-0.32
216987	-0.33
13629	-0.35
57743	-0.37
69527	-0.47
20682	-0.49
18971	-0.52
16468	-0.61
56403	-0.61
382985	-0.65
21379	-0.66
17216	-0.69
110816	-0.84
19014	-0.84
68743	-0.87
77591	-0.88
228026	-0.91
235036	-0.98
22289	-1.00
15278	-1.04
12181	-1.10
81500	-1.15
56321	-1.20
216156	-1.28
98956	-1.36
108689	-1.42
75605	-1.59
214899	-1.92
67027	-2.16
