20054	21.90
67945	20.30
14109	20.00
19951	19.56
19942	19.12
20068	19.03
20055	18.71
19899	18.50
268449	18.16
27207	17.73
65019	17.26
67281	17.00
75617	16.48
26451	16.19
19944	15.60
114641	15.47
20091	14.61
19941	14.57
73830	14.40
66480	14.36
27176	13.85
19989	13.58
19933	13.57
12857	12.70
67942	12.48
13627	11.81
13629	10.51
16898	7.18
16341	7.10
18148	6.42
20655	6.42
15528	6.15
66242	6.03
14433	5.70
57320	5.21
11949	5.16
19175	4.80
12465	4.79
20104	4.69
12461	4.67
26445	4.48
22187	4.36
22166	3.60
75398	3.57
22154	3.54
67204	3.51
20918	3.38
30926	3.35
11950	3.21
66537	3.10
19166	3.09
13681	3.06
15481	2.99
19173	2.95
12567	2.79
11461	2.62
234388	2.51
26443	2.45
57296	2.42
69692	2.39
18813	2.32
22218	2.30
19167	2.24
68991	2.20
66311	2.01
13669	1.95
66164	1.93
27397	1.92
20021	1.85
192170	1.83
235036	1.69
22143	1.51
24015	1.49
67212	1.48
22273	1.43
66197	1.40
21379	1.40
56351	1.39
27398	1.32
13806	1.29
66235	1.16
81898	1.14
69527	1.04
22335	1.03
55989	1.00
66229	0.99
66942	0.97
15519	0.93
21915	0.88
15278	0.86
216156	0.84
18648	0.84
20174	0.79
53421	0.78
81489	0.76
228026	0.72
12469	0.69
22631	0.63
66409	0.58
67177	0.53
12301	0.51
26440	0.47
16468	0.45
107508	0.40
65961	0.40
18538	0.34
100502766	0.27
15510	0.26
386649	0.23
56403	0.23
67089	0.19
216850	0.18
16870	0.17
22289	0.12
110816	0.10
15387	0.09
23996	0.09
110749	0.09
19357	0.08
20682	0.08
12181	0.07
56436	0.03
18971	0.03
15331	-0.02
56505	-0.06
19179	-0.07
67027	-0.11
110095	-0.12
77591	-0.13
11479	-0.13
17714	-0.13
17877	-0.14
66471	-0.15
14056	-0.15
21974	-0.17
231329	-0.18
108689	-0.19
20591	-0.24
20020	-0.24
214899	-0.28
28071	-0.28
15161	-0.33
75605	-0.38
11799	-0.45
56421	-0.47
229949	-0.50
57743	-0.51
98956	-0.51
16551	-0.55
17688	-0.60
14211	-0.63
11566	-0.67
215387	-0.68
108679	-0.69
66634	-0.71
17216	-0.71
76044	-0.77
19014	-0.82
382985	-0.86
81500	-0.86
20877	-0.86
68743	-0.89
101592	-0.90
56321	-0.95
14679	-0.99
12544	-1.04
59029	-1.06
67849	-1.06
18969	-1.07
71147	-1.14
56150	-1.24
70465	-1.27
74255	-1.30
75624	-1.43
27221	-1.53
60530	-1.57
216987	-1.64
19361	-2.44
