19175	8.35
20918	8.15
73830	6.85
26445	6.01
23996	5.74
15481	5.64
20655	5.21
22218	5.09
57320	4.98
386649	4.91
27176	4.85
81489	4.81
192170	4.66
19166	4.46
22631	4.39
22186	4.36
19179	4.35
15387	4.29
19989	4.23
20021	4.10
13806	4.01
15331	4.01
12465	4.00
12857	3.99
66480	3.98
19173	3.97
108679	3.96
67945	3.92
11461	3.86
26443	3.84
15519	3.83
22154	3.77
66537	3.73
56436	3.66
68991	3.61
14109	3.60
19167	3.47
27207	3.41
81898	3.41
13627	3.38
67281	3.34
57296	3.28
268449	3.26
56351	3.21
19899	3.19
19941	3.13
19951	3.11
20055	3.07
22335	3.03
14433	3.00
19942	2.89
13629	2.89
13681	2.87
234388	2.83
26440	2.82
74255	2.72
19933	2.67
12461	2.66
20054	2.65
22273	2.59
19944	2.56
11949	2.53
20091	2.40
18538	2.32
22166	2.30
75617	2.29
59029	2.27
67089	2.16
22143	2.09
56505	2.09
67942	2.05
20020	2.04
16341	2.03
12567	1.93
114641	1.90
216156	1.89
20068	1.86
12469	1.84
75398	1.80
11950	1.74
65019	1.71
81500	1.69
67027	1.67
18148	1.66
26451	1.45
19357	1.39
67212	1.34
20174	1.32
216850	1.22
67204	1.22
107508	1.20
16898	1.14
27397	1.09
53421	1.05
12301	1.04
22289	0.85
56421	0.84
108689	0.80
11799	0.73
27398	0.70
67849	0.68
75605	0.60
16468	0.58
66471	0.56
30926	0.52
15528	0.50
100502766	0.50
101592	0.43
66409	0.41
21915	0.38
11479	0.34
69527	0.33
13669	0.31
66229	0.25
215387	0.24
382985	0.23
214899	0.15
66197	0.14
20877	0.11
18813	0.11
18648	0.10
69692	0.09
66242	0.08
110749	0.04
17877	0.02
66235	0.01
20591	-0.03
14056	-0.05
17714	-0.06
231329	-0.06
12544	-0.09
14679	-0.10
15510	-0.10
55989	-0.11
57743	-0.11
11566	-0.12
65961	-0.15
66164	-0.18
16551	-0.19
18969	-0.29
66942	-0.30
27221	-0.36
66311	-0.36
67177	-0.36
20104	-0.37
18971	-0.40
19014	-0.40
16870	-0.42
17216	-0.43
68743	-0.48
12181	-0.55
56150	-0.55
15161	-0.60
56321	-0.62
19361	-0.66
14211	-0.72
20682	-0.72
229949	-0.77
66634	-0.84
60530	-0.85
77591	-0.93
235036	-0.96
76044	-1.04
110816	-1.17
98956	-1.23
21379	-1.29
110095	-1.46
21974	-1.58
17688	-1.59
70465	-1.66
75624	-1.73
216987	-1.75
56403	-2.00
28071	-2.04
71147	-2.21
24015	-2.58
15278	-2.63
228026	-2.70
