19167	8.85
19166	7.97
16341	7.65
26443	7.28
15387	7.19
12301	7.18
67089	6.70
26440	6.20
66537	6.09
11950	6.02
56351	5.50
74255	5.45
26445	5.30
67204	5.29
22335	5.29
22631	5.22
11949	5.17
19175	5.11
22187	5.09
59029	4.96
66235	4.88
66409	4.87
68991	4.79
66480	4.72
75398	4.70
20021	4.59
19989	4.57
18538	4.56
15331	4.54
20091	4.41
12469	4.40
11566	4.39
18148	4.33
73830	4.14
15528	4.11
15481	4.00
12465	3.97
22166	3.94
30926	3.91
81898	3.73
66164	3.65
19179	3.62
15519	3.61
108679	3.47
13681	3.25
65019	3.24
75617	3.22
66229	3.15
268449	3.15
20918	3.14
19951	3.13
12857	3.03
56150	2.99
57296	2.91
23996	2.79
69527	2.77
14109	2.75
65961	2.75
20068	2.71
19357	2.71
19942	2.70
114641	2.70
13627	2.62
20655	2.61
20055	2.60
27207	2.59
55989	2.55
12461	2.53
12567	2.41
57320	2.41
19933	2.41
19941	2.32
14679	2.30
22186	2.30
26451	2.26
386649	2.16
231329	2.14
28071	2.09
20104	2.09
66197	2.08
67281	2.07
66242	2.01
81489	2.00
20054	1.98
27176	1.98
15510	1.97
192170	1.96
19899	1.95
67945	1.84
19944	1.79
69692	1.78
16468	1.75
18648	1.73
234388	1.67
56403	1.43
56505	1.41
67212	1.39
19173	1.30
66311	1.27
67942	1.25
13669	1.24
14056	1.22
13806	1.15
21915	1.11
75605	1.09
22289	1.07
66471	1.06
11461	1.04
11799	1.02
15278	0.98
18813	0.89
22273	0.86
17688	0.86
57743	0.78
20174	0.78
19014	0.75
21974	0.72
16870	0.71
13629	0.70
70465	0.68
214899	0.68
56436	0.66
24015	0.62
216850	0.61
27397	0.59
22154	0.57
20020	0.56
19361	0.48
110749	0.48
17714	0.45
12544	0.39
66942	0.39
14433	0.38
14211	0.37
56421	0.36
16898	0.34
67027	0.29
22143	0.16
17877	0.13
108689	0.07
76044	0.04
20591	0.04
216987	0.03
77591	-0.02
66634	-0.07
18969	-0.09
11479	-0.14
60530	-0.15
229949	-0.16
216156	-0.21
27398	-0.26
107508	-0.26
27221	-0.27
228026	-0.30
75624	-0.38
20682	-0.39
382985	-0.40
101592	-0.43
16551	-0.44
15161	-0.54
67849	-0.55
68743	-0.67
215387	-0.68
17216	-0.69
18971	-0.72
67177	-0.91
100502766	-1.08
20877	-1.17
56321	-1.19
110095	-1.41
12181	-1.43
235036	-1.44
21379	-1.54
71147	-1.60
81500	-2.05
98956	-2.08
53421	-2.14
110816	-2.44
