11949	11.16
11950	10.99
12857	9.26
27398	7.42
216156	6.76
56436	6.08
21379	5.62
13806	5.45
22335	5.44
57320	5.27
19173	5.22
23996	4.64
19175	4.50
18648	4.34
20174	4.23
14433	4.23
234388	4.15
57296	3.87
15510	3.78
192170	3.71
13629	3.60
69527	3.59
19179	3.51
12465	3.46
12469	3.44
26443	3.41
67212	3.35
30926	3.22
26445	3.16
56505	3.08
20655	2.99
15481	2.96
20021	2.77
19167	2.59
22187	2.59
81898	2.57
59029	2.52
56421	2.43
67027	2.42
15387	2.38
11461	2.35
67942	2.30
27397	2.25
12181	2.25
73830	2.22
66242	2.15
22154	2.12
26440	2.08
53421	2.05
108679	1.95
107508	1.86
56403	1.84
67089	1.77
74255	1.74
19166	1.52
12301	1.48
18971	1.46
66235	1.43
22186	1.43
386649	1.41
231329	1.40
12567	1.40
12461	1.39
19014	1.39
16898	1.39
22631	1.32
20918	1.32
18813	1.31
22143	1.28
70465	1.22
68991	1.18
11566	1.17
15278	1.15
57743	1.13
16468	1.08
71147	0.96
214899	0.95
13681	0.89
15161	0.87
22218	0.86
66229	0.86
67177	0.72
228026	0.63
27176	0.60
77591	0.59
20591	0.58
21915	0.58
20020	0.56
19899	0.50
235036	0.49
20877	0.48
110749	0.47
18969	0.45
81489	0.44
101592	0.29
13627	0.29
75624	0.29
17714	0.28
110095	0.27
13669	0.25
98956	0.24
66537	0.24
24015	0.24
75605	0.17
17216	0.12
81500	0.09
16341	0.08
56321	0.07
66471	0.07
66480	0.04
100502766	0.02
19357	0.01
15331	-0.00
11479	-0.01
75398	-0.08
19944	-0.14
215387	-0.14
67204	-0.14
17877	-0.15
68743	-0.17
15519	-0.19
22166	-0.21
18538	-0.24
18148	-0.26
14211	-0.27
15528	-0.29
66311	-0.35
11799	-0.37
20054	-0.40
27207	-0.42
16551	-0.43
19989	-0.46
216850	-0.50
67849	-0.51
56351	-0.51
69692	-0.53
20682	-0.54
65961	-0.56
110816	-0.57
14109	-0.57
55989	-0.59
60530	-0.63
14679	-0.63
16870	-0.64
12544	-0.66
229949	-0.67
66409	-0.69
21974	-0.70
76044	-0.79
108689	-0.82
20055	-0.85
17688	-0.87
19361	-0.89
27221	-0.94
28071	-0.94
19942	-0.96
67945	-1.04
20091	-1.06
216987	-1.17
20068	-1.18
19941	-1.19
66634	-1.22
14056	-1.24
382985	-1.29
66942	-1.37
268449	-1.37
19933	-1.38
75617	-1.39
56150	-1.44
22289	-1.46
19951	-1.48
66197	-1.59
26451	-1.89
66164	-1.90
67281	-1.91
114641	-1.98
20104	-2.07
65019	-2.42
