20591	10.51
16468	3.93
21974	3.64
81898	2.72
214899	2.54
15161	2.39
19357	2.31
76044	1.79
75605	1.71
231329	1.59
20020	1.54
14056	1.50
28071	1.48
18538	1.44
15387	1.44
14679	1.35
16341	1.35
17688	1.18
228026	1.11
15278	1.08
22218	1.07
74255	0.99
17216	0.95
66409	0.93
11566	0.92
382985	0.92
68991	0.89
56150	0.88
22187	0.85
114641	0.78
13669	0.73
67089	0.70
67942	0.69
14211	0.63
20918	0.63
19166	0.63
26440	0.60
216850	0.59
20655	0.44
26451	0.43
14109	0.43
16551	0.42
67177	0.40
77591	0.39
19989	0.35
15331	0.34
66634	0.30
19014	0.29
66235	0.28
13627	0.27
17877	0.24
27207	0.24
73830	0.20
20104	0.17
18148	0.17
66480	0.16
18971	0.15
60530	0.14
67281	0.13
20055	0.13
75398	0.13
66197	0.12
22186	0.12
268449	0.09
20054	0.08
24015	0.07
67945	0.07
22631	0.04
20091	0.04
110095	0.04
65019	0.03
81489	0.03
20682	0.01
75617	0.01
17714	0.00
67027	0.00
66242	-0.01
19899	-0.01
67204	-0.05
13681	-0.06
68743	-0.08
55989	-0.08
53421	-0.12
13629	-0.14
19933	-0.14
27397	-0.15
11479	-0.16
20068	-0.18
19951	-0.20
215387	-0.20
56351	-0.21
100502766	-0.21
66942	-0.23
19942	-0.24
101592	-0.26
20021	-0.26
27176	-0.27
19361	-0.27
108689	-0.29
12567	-0.31
12857	-0.31
107508	-0.34
65961	-0.34
19941	-0.34
66311	-0.35
26445	-0.38
11949	-0.44
66164	-0.45
12544	-0.48
67849	-0.48
56403	-0.49
15519	-0.51
21915	-0.52
235036	-0.53
66471	-0.55
69527	-0.56
110816	-0.57
19944	-0.57
192170	-0.58
15528	-0.59
27221	-0.62
11461	-0.63
69692	-0.65
11950	-0.66
18969	-0.67
16870	-0.68
110749	-0.70
22154	-0.70
67212	-0.73
98956	-0.75
108679	-0.75
16898	-0.76
71147	-0.80
59029	-0.80
57296	-0.81
19167	-0.81
15481	-0.83
56421	-0.84
56436	-0.88
19175	-0.96
57743	-0.97
22143	-0.99
22166	-1.00
70465	-1.01
216987	-1.03
21379	-1.03
14433	-1.05
11799	-1.05
12181	-1.05
27398	-1.05
229949	-1.08
18813	-1.10
15510	-1.11
12461	-1.13
75624	-1.13
26443	-1.14
81500	-1.19
20877	-1.20
386649	-1.21
57320	-1.27
66537	-1.36
23996	-1.42
22273	-1.46
56321	-1.48
12465	-1.49
30926	-1.52
18648	-1.52
66229	-1.52
19179	-1.53
22335	-1.54
12301	-1.55
216156	-1.57
12469	-1.58
13806	-1.66
20174	-1.67
19173	-1.80
56505	-1.94
234388	-2.01
