26443	9.17
11950	8.42
26440	7.95
11949	7.93
19167	7.52
67089	7.05
12469	6.87
19166	6.85
19179	6.61
59029	6.48
12465	5.99
66235	5.67
23996	5.60
20021	5.56
22273	5.44
67204	5.40
19175	5.34
30926	5.34
22218	5.29
26445	5.09
12461	4.95
19173	4.65
15387	4.61
12857	4.55
108679	4.42
74255	4.39
16341	4.22
57296	4.12
67212	3.89
22631	3.74
66537	3.65
22154	3.64
12301	3.62
22143	3.61
15510	3.50
66242	3.44
67027	3.38
22166	3.37
75398	3.30
15481	3.29
57320	3.25
107508	3.15
67942	3.05
56351	3.04
22187	3.03
66480	2.94
386649	2.91
15519	2.90
20918	2.90
69527	2.70
57743	2.68
14433	2.56
66409	2.56
20174	2.50
56436	2.41
75624	2.29
11461	2.28
18648	2.27
24015	2.19
15528	2.18
19989	2.18
192170	2.17
11566	2.14
13806	2.12
18538	2.08
68991	2.04
234388	2.01
66229	2.00
13681	1.91
20091	1.91
27398	1.89
73830	1.81
56505	1.80
18148	1.62
12567	1.59
18813	1.58
70465	1.55
27397	1.45
14056	1.42
81489	1.40
15331	1.36
231329	1.25
69692	1.16
81898	1.15
114641	1.14
56421	1.11
27207	1.09
22186	1.03
19357	1.01
17714	0.98
66164	0.98
65019	0.96
13627	0.93
20068	0.92
21379	0.91
20655	0.90
75617	0.90
268449	0.89
19942	0.86
55989	0.82
19014	0.81
19361	0.78
216156	0.78
17877	0.72
13629	0.70
18969	0.70
71147	0.69
81500	0.63
108689	0.62
16870	0.60
19951	0.58
19941	0.55
18971	0.50
56150	0.49
215387	0.47
60530	0.46
15161	0.45
67281	0.44
19944	0.39
20104	0.38
110749	0.38
14679	0.37
19933	0.34
14211	0.34
19899	0.27
17216	0.25
21974	0.23
11479	0.22
56403	0.22
11799	0.19
66942	0.18
216987	0.17
16898	0.12
27176	0.10
65961	0.04
229949	0.04
66634	0.04
77591	0.03
13669	0.01
66197	-0.01
53421	-0.06
67849	-0.07
20055	-0.21
110095	-0.21
76044	-0.23
12544	-0.23
12181	-0.30
214899	-0.31
20591	-0.32
66471	-0.34
26451	-0.36
20682	-0.38
66311	-0.39
67945	-0.39
27221	-0.43
16468	-0.44
110816	-0.46
20877	-0.47
382985	-0.50
14109	-0.50
28071	-0.57
21915	-0.57
20054	-0.58
98956	-0.60
101592	-0.60
17688	-0.62
56321	-0.63
16551	-0.68
67177	-0.71
68743	-0.75
100502766	-0.99
75605	-1.06
15278	-1.08
228026	-1.14
20020	-1.31
216850	-1.49
22289	-1.54
235036	-2.90
