11461	9.84
15387	9.61
56351	7.16
13681	6.20
12469	5.52
22218	5.22
11566	5.04
14679	5.02
22154	4.65
15519	4.52
22187	4.39
66235	4.12
19167	4.04
12461	3.96
22166	3.94
12465	3.94
18648	3.85
19179	3.85
15331	3.82
74255	3.82
59029	3.75
22335	3.74
15481	3.73
23996	3.63
20918	3.63
66537	3.62
26445	3.61
13806	3.58
19166	3.57
22143	3.38
26443	3.28
108679	3.27
192170	3.21
13627	3.19
14433	3.15
15510	3.14
12301	3.09
26440	3.08
16341	3.02
386649	2.99
68991	2.98
19357	2.72
11950	2.60
66409	2.55
18148	2.51
53421	2.50
19175	2.44
24015	2.43
20655	2.35
11949	2.34
66480	2.33
67204	2.32
56421	2.28
20020	2.23
18538	2.19
19173	2.17
55989	2.14
81489	2.14
16468	2.12
67089	2.04
18813	1.96
20091	1.92
57296	1.92
13669	1.91
75617	1.84
66164	1.83
81898	1.81
56150	1.75
19014	1.75
56436	1.75
66471	1.73
56403	1.72
114641	1.68
19944	1.68
56505	1.63
234388	1.63
20055	1.58
67281	1.56
65961	1.55
19933	1.48
19989	1.47
27207	1.47
108689	1.45
19942	1.45
15528	1.43
57320	1.37
65019	1.33
66197	1.33
22273	1.32
14109	1.28
70465	1.28
20682	1.28
12567	1.26
73830	1.25
21974	1.25
12181	1.21
14056	1.19
231329	1.15
15161	1.12
107508	1.10
20591	1.10
268449	1.06
26451	1.03
67945	0.99
75624	0.97
229949	0.94
16870	0.94
215387	0.94
101592	0.92
11479	0.90
20104	0.88
19951	0.83
66942	0.82
12857	0.81
66229	0.78
16898	0.78
216850	0.76
20021	0.74
216987	0.72
57743	0.69
20054	0.65
20068	0.65
22186	0.63
17688	0.62
27176	0.60
13629	0.57
30926	0.56
16551	0.54
77591	0.49
67942	0.43
11799	0.42
75605	0.39
110749	0.38
14211	0.38
19899	0.34
67849	0.33
19941	0.33
27397	0.31
17216	0.24
20877	0.24
56321	0.21
69692	0.21
60530	0.21
20174	0.19
69527	0.19
19361	0.17
67177	0.15
68743	0.14
18969	0.11
27221	0.06
22289	0.04
15278	0.00
235036	-0.12
17714	-0.15
28071	-0.19
66311	-0.21
110816	-0.21
67027	-0.29
98956	-0.33
382985	-0.34
71147	-0.36
216156	-0.37
21915	-0.44
75398	-0.48
21379	-0.63
66634	-0.63
76044	-0.69
100502766	-0.70
66242	-0.80
81500	-0.81
110095	-0.89
67212	-0.91
18971	-0.96
12544	-0.97
214899	-1.05
228026	-1.15
17877	-1.24
27398	-1.77
