13806	5.48
18648	4.91
110095	4.34
14433	4.14
56421	2.60
69692	2.15
16898	2.09
15278	1.95
71147	1.91
11949	1.86
56150	1.85
69527	1.83
13627	1.72
11479	1.69
67027	1.57
13629	1.50
57320	1.49
17688	1.42
67942	1.42
66634	1.32
20091	1.31
27398	1.29
16341	1.23
18148	1.13
75624	1.11
22289	1.11
77591	1.10
20655	1.08
66311	1.06
65019	1.06
19933	1.05
66480	1.04
66409	1.04
19941	1.02
75605	1.01
21974	0.98
15510	0.97
11950	0.96
214899	0.93
26451	0.91
19357	0.88
18969	0.87
19989	0.86
22154	0.86
66242	0.86
28071	0.86
24015	0.84
27176	0.83
66235	0.79
75617	0.75
17714	0.73
81500	0.72
22186	0.72
67177	0.71
19951	0.70
20068	0.64
22273	0.63
66164	0.63
20104	0.60
22143	0.60
21379	0.60
382985	0.59
81898	0.58
16468	0.54
12857	0.53
268449	0.51
110749	0.51
20054	0.50
231329	0.50
14109	0.49
107508	0.48
57743	0.46
20055	0.44
16551	0.44
19944	0.43
20174	0.42
114641	0.42
66471	0.41
19014	0.38
67281	0.38
13681	0.34
18538	0.33
20591	0.28
76044	0.22
19361	0.21
235036	0.20
19899	0.20
17216	0.14
101592	0.13
229949	0.12
108689	0.09
65961	0.09
19942	0.09
11566	0.09
70465	0.08
15528	0.08
98956	0.07
20877	0.05
110816	0.03
67204	0.03
100502766	0.02
14679	-0.03
27207	-0.03
13669	-0.08
56403	-0.09
60530	-0.10
14211	-0.11
12461	-0.11
81489	-0.11
11799	-0.12
12301	-0.13
67212	-0.16
67849	-0.18
27397	-0.19
20918	-0.19
15161	-0.21
67089	-0.21
12469	-0.21
30926	-0.22
56505	-0.25
15387	-0.26
74255	-0.28
22218	-0.30
67945	-0.33
12544	-0.35
19167	-0.35
68743	-0.35
66197	-0.36
68991	-0.48
21915	-0.49
18971	-0.50
18813	-0.50
55989	-0.51
27221	-0.52
17877	-0.53
66229	-0.57
66942	-0.59
216987	-0.62
66537	-0.66
73830	-0.68
215387	-0.68
56351	-0.68
16870	-0.69
19166	-0.71
216156	-0.74
15331	-0.76
26440	-0.77
26443	-0.78
12465	-0.85
75398	-0.88
20020	-0.89
22166	-0.91
15481	-0.92
12567	-0.92
20021	-0.93
108679	-0.98
216850	-1.01
56321	-1.04
59029	-1.11
53421	-1.12
22335	-1.14
22631	-1.15
12181	-1.19
15519	-1.25
19173	-1.25
20682	-1.28
26445	-1.43
14056	-1.63
386649	-1.65
19179	-1.88
57296	-1.97
234388	-2.10
192170	-2.12
19175	-2.12
56436	-2.35
22187	-2.70
11461	-2.82
23996	-2.95
