16870	1.27
12465	1.20
15528	1.05
22631	0.94
11566	0.92
69692	0.92
13806	0.87
56321	0.86
66164	0.80
65961	0.78
66409	0.78
12469	0.77
382985	0.75
66242	0.71
108689	0.70
21915	0.65
66311	0.63
56505	0.62
68991	0.62
18148	0.61
15481	0.58
16341	0.57
235036	0.56
75398	0.55
12461	0.54
18813	0.54
27221	0.53
68743	0.53
22154	0.51
66942	0.50
101592	0.49
55989	0.48
56150	0.47
67204	0.45
74255	0.44
17877	0.44
22166	0.42
77591	0.41
18648	0.39
27398	0.38
20055	0.37
11799	0.34
26451	0.33
192170	0.32
19167	0.31
75624	0.31
18969	0.30
13681	0.29
69527	0.28
59029	0.27
17688	0.27
24015	0.26
15519	0.26
98956	0.24
26445	0.22
66480	0.22
13627	0.21
22143	0.21
11950	0.20
19361	0.19
66634	0.18
386649	0.17
20091	0.17
27176	0.16
110749	0.14
16898	0.14
57296	0.13
23996	0.13
19166	0.13
66197	0.13
19173	0.13
228026	0.12
81500	0.12
11949	0.11
27397	0.11
14433	0.10
108679	0.10
234388	0.08
15510	0.07
13669	0.07
11461	0.07
30926	0.07
14211	0.06
19951	0.05
70465	0.05
66471	0.05
22335	0.04
107508	0.03
12181	0.03
57743	0.03
67849	0.02
19942	0.01
26443	-0.02
67177	-0.03
19899	-0.03
20021	-0.05
56421	-0.05
75617	-0.06
19179	-0.06
17216	-0.06
12544	-0.06
19989	-0.07
66235	-0.07
27207	-0.07
216156	-0.08
14109	-0.09
67281	-0.09
66537	-0.10
56403	-0.10
20054	-0.10
76044	-0.12
110816	-0.13
20068	-0.13
57320	-0.13
65019	-0.16
22218	-0.16
67942	-0.18
19933	-0.18
20655	-0.18
66229	-0.18
12301	-0.19
73830	-0.20
18538	-0.20
12567	-0.21
19944	-0.23
110095	-0.25
56351	-0.25
19014	-0.25
67945	-0.27
268449	-0.28
21974	-0.31
15387	-0.33
56436	-0.35
215387	-0.36
16551	-0.36
19357	-0.36
20877	-0.37
100502766	-0.38
20174	-0.40
53421	-0.40
231329	-0.41
15161	-0.41
26440	-0.41
19175	-0.41
15278	-0.44
81489	-0.44
114641	-0.46
19941	-0.49
22186	-0.50
20020	-0.56
13629	-0.57
216987	-0.57
21379	-0.57
60530	-0.57
28071	-0.58
67089	-0.58
12857	-0.58
14679	-0.61
11479	-0.63
22273	-0.67
20682	-0.67
71147	-0.69
75605	-0.69
20918	-0.72
67212	-0.74
81898	-0.76
20104	-0.77
22187	-0.77
15331	-0.81
67027	-0.82
20591	-0.97
17714	-1.06
22289	-1.08
214899	-1.16
18971	-1.19
14056	-1.21
216850	-1.37
16468	-2.42
