216987	7.01
74255	6.43
12469	5.58
17688	5.43
15387	5.29
24015	4.94
107508	4.84
12461	4.63
66942	4.59
192170	4.51
12465	4.24
19179	4.09
56505	4.03
20020	3.91
15161	3.87
13669	3.77
18813	3.74
77591	3.74
21974	3.64
19357	3.57
75624	3.52
56403	3.49
15481	3.43
81898	3.28
66409	3.21
66229	3.18
19166	3.16
101592	2.99
67089	2.94
59029	2.85
26440	2.81
23996	2.68
17216	2.68
16341	2.68
70465	2.67
65961	2.59
14679	2.55
15510	2.53
66471	2.49
56321	2.48
12181	2.37
108679	2.28
18148	2.24
11950	2.24
15519	2.23
55989	2.21
20174	2.19
13681	2.16
22218	2.14
98956	2.11
11949	2.09
386649	2.06
110816	2.05
18538	2.01
66235	1.96
26445	1.85
214899	1.81
216156	1.73
14211	1.73
12301	1.66
11566	1.62
75605	1.62
26443	1.60
22289	1.59
19167	1.57
22154	1.54
18971	1.53
16468	1.50
22143	1.45
22273	1.40
108689	1.39
57320	1.38
18969	1.38
12544	1.37
67027	1.34
53421	1.34
13629	1.29
20591	1.28
19014	1.27
22335	1.25
19989	1.24
20091	1.18
66634	1.16
12567	1.15
22631	1.15
15278	1.15
110095	1.15
215387	1.12
18648	1.11
13627	1.08
69527	0.96
60530	0.95
19933	0.89
67204	0.88
110749	0.86
30926	0.85
16551	0.78
56436	0.78
65019	0.72
66537	0.72
13806	0.71
268449	0.65
66164	0.65
57296	0.63
14433	0.56
28071	0.51
228026	0.50
20104	0.47
73830	0.45
75617	0.44
19942	0.42
76044	0.41
20655	0.41
234388	0.40
19175	0.40
68743	0.38
20068	0.36
27221	0.24
56150	0.23
69692	0.21
114641	0.19
19944	0.11
68991	0.11
57743	0.09
19941	0.08
66480	0.08
27176	0.06
19173	0.03
15331	0.03
67281	0.02
20021	0.00
67942	-0.01
66197	-0.04
26451	-0.06
22187	-0.06
27398	-0.07
11461	-0.07
75398	-0.08
22166	-0.11
71147	-0.12
56421	-0.13
67212	-0.13
22186	-0.18
27207	-0.18
17714	-0.19
14056	-0.19
19951	-0.20
66242	-0.21
19361	-0.23
27397	-0.27
20877	-0.29
67177	-0.31
21379	-0.33
56351	-0.33
21915	-0.40
229949	-0.41
16898	-0.44
15528	-0.47
17877	-0.47
19899	-0.47
81489	-0.52
81500	-0.56
382985	-0.67
11479	-0.68
20054	-0.68
235036	-0.76
100502766	-0.78
66311	-0.81
11799	-0.86
12857	-0.93
20055	-0.97
67945	-1.01
67849	-1.05
14109	-1.10
20682	-1.24
16870	-1.35
20918	-1.79
216850	-2.61
