56436	7.36
23996	6.43
19173	6.25
19179	5.96
57320	5.63
216156	5.53
19175	5.16
386649	5.12
12181	4.92
66537	4.45
67212	4.36
27398	4.28
22273	4.15
57296	4.09
68991	3.85
66471	3.78
21915	3.76
26445	3.73
66235	3.67
20021	3.64
65961	3.61
19944	3.58
12857	3.55
13806	3.54
11461	3.49
12301	3.29
14433	3.23
20174	3.15
56403	3.10
56505	3.04
73830	3.02
192170	2.95
22187	2.83
235036	2.76
19167	2.75
20655	2.71
20054	2.62
59029	2.53
22186	2.51
27397	2.43
16898	2.21
24015	2.13
30926	2.08
108679	2.08
14109	2.05
22335	2.01
11950	1.96
56321	1.96
67945	1.86
19899	1.82
18813	1.81
26443	1.81
18648	1.80
19933	1.78
13669	1.76
12465	1.71
22218	1.67
18971	1.65
21379	1.63
22631	1.63
12469	1.60
19166	1.60
15519	1.58
15481	1.56
22154	1.52
13629	1.48
22166	1.44
67204	1.35
66311	1.29
81898	1.20
56351	1.17
107508	1.10
67089	1.07
15161	1.05
26440	1.02
66229	0.99
81489	0.96
75398	0.91
56421	0.86
27176	0.83
22143	0.81
12461	0.81
20055	0.80
14211	0.74
27221	0.73
20918	0.72
101592	0.67
19941	0.66
17877	0.62
68743	0.55
216987	0.53
76044	0.48
66242	0.48
16870	0.47
19942	0.46
74255	0.41
231329	0.40
20682	0.38
11799	0.35
17216	0.33
27207	0.30
382985	0.30
11566	0.25
53421	0.22
16468	0.21
26451	0.20
15528	0.17
67942	0.15
75624	0.15
100502766	0.14
69527	0.12
67281	0.11
15387	0.08
229949	0.08
77591	0.08
108689	0.04
110816	0.03
69692	0.03
66164	0.02
15331	-0.01
110749	-0.01
20591	-0.03
15278	-0.04
216850	-0.05
66197	-0.07
15510	-0.13
19357	-0.14
55989	-0.15
16551	-0.17
11949	-0.25
67027	-0.25
98956	-0.26
57743	-0.27
114641	-0.30
67177	-0.30
268449	-0.36
20091	-0.40
12567	-0.40
65019	-0.42
66942	-0.42
18969	-0.43
56150	-0.43
28071	-0.46
12544	-0.46
66480	-0.47
20068	-0.48
14679	-0.52
20104	-0.52
18148	-0.55
18538	-0.56
75617	-0.57
19361	-0.63
19014	-0.66
20020	-0.68
214899	-0.72
20877	-0.78
66634	-0.81
19951	-0.83
110095	-0.85
70465	-0.87
13681	-0.92
215387	-0.92
11479	-0.92
60530	-0.99
14056	-1.08
67849	-1.16
16341	-1.22
17714	-1.27
71147	-1.27
66409	-1.28
21974	-1.33
19989	-1.35
75605	-1.49
81500	-1.52
17688	-1.73
22289	-2.01
228026	-2.10
13627	-2.40
