55989	9.92
66409	8.06
66164	7.85
110816	7.84
12181	6.58
21379	6.56
70465	5.92
66942	5.45
56321	5.08
18813	4.94
13681	4.89
28071	4.87
20174	4.71
56505	4.57
98956	4.56
24015	4.51
56436	4.33
56403	4.20
192170	4.17
216156	3.91
66229	3.57
27397	3.48
65961	3.32
18148	3.21
67177	3.08
19899	3.02
107508	3.00
12469	2.90
77591	2.80
19944	2.80
234388	2.76
13669	2.75
15510	2.68
15278	2.66
27398	2.44
20054	2.33
15528	2.31
12465	2.31
12567	2.29
18971	2.28
21915	2.23
17216	2.19
20055	2.16
12461	1.96
14109	1.93
11566	1.88
53421	1.86
20021	1.82
26451	1.81
216987	1.80
16898	1.80
27176	1.74
20104	1.72
19933	1.71
22186	1.69
81898	1.61
19942	1.53
13629	1.50
12301	1.49
101592	1.48
108679	1.48
15481	1.46
19951	1.44
67204	1.43
386649	1.40
15519	1.36
73830	1.27
17688	1.27
56351	1.26
20091	1.23
15387	1.22
66480	1.18
75617	1.16
75624	1.12
74255	1.12
65019	1.07
75398	1.02
57320	1.01
23996	1.00
20068	0.99
16341	0.97
18969	0.96
18648	0.95
110749	0.94
67281	0.94
268449	0.93
81489	0.86
27207	0.83
67945	0.83
17714	0.82
19014	0.82
15161	0.79
19941	0.77
27221	0.76
216850	0.69
18538	0.68
20591	0.62
229949	0.56
66471	0.54
20682	0.50
11461	0.50
22273	0.49
57743	0.49
30926	0.49
66235	0.46
14433	0.41
13806	0.41
114641	0.38
19989	0.35
13627	0.30
69527	0.28
19173	0.23
26445	0.23
100502766	0.21
228026	0.20
22154	0.17
16468	0.07
14679	0.07
60530	0.06
56421	0.03
12544	0.02
56150	-0.00
66634	-0.05
22143	-0.07
20918	-0.09
57296	-0.11
20655	-0.11
22631	-0.12
110095	-0.13
66311	-0.21
214899	-0.22
68743	-0.24
69692	-0.25
19175	-0.25
75605	-0.26
17877	-0.27
66197	-0.30
20877	-0.31
67212	-0.37
67942	-0.44
81500	-0.44
215387	-0.47
14211	-0.47
19361	-0.48
67849	-0.48
22289	-0.53
67089	-0.58
19179	-0.62
68991	-0.63
14056	-0.66
19167	-0.67
15331	-0.68
16870	-0.76
231329	-0.76
76044	-0.77
11799	-0.79
108689	-0.91
16551	-0.92
22187	-0.96
22166	-0.98
11479	-0.99
20020	-1.00
21974	-1.04
12857	-1.09
66537	-1.17
66242	-1.21
19166	-1.25
59029	-1.25
26443	-1.34
22218	-1.44
382985	-1.45
26440	-1.46
67027	-1.69
71147	-2.02
19357	-2.10
11949	-2.16
11950	-2.47
22335	-2.90
