19179	14.26
19175	11.87
59029	11.62
26445	11.57
56436	11.54
386649	11.07
19173	10.45
19166	10.30
26440	9.25
19167	8.90
26443	8.46
192170	8.05
57296	7.91
66537	7.78
12465	7.65
67089	7.27
12469	7.25
74255	6.88
234388	6.43
15481	6.34
66229	6.27
216156	6.07
57320	5.74
22187	5.74
12461	5.66
22335	5.60
13681	5.56
18813	5.50
20021	5.43
15387	5.28
56505	5.09
68991	5.00
12181	4.84
108679	4.77
22273	4.64
27397	4.52
22154	4.43
11461	4.17
73830	4.04
20174	4.02
107508	3.99
13806	3.99
14433	3.83
12567	3.73
27398	3.72
22143	3.70
22631	3.63
81898	3.53
15519	3.44
11950	3.40
67212	3.40
18648	3.27
12301	3.19
22166	3.18
67204	3.05
66409	2.94
66235	2.86
65961	2.82
22218	2.79
66942	2.76
56403	2.70
15510	2.68
231329	2.68
70465	2.63
75624	2.58
216987	2.57
30926	2.54
11949	2.53
53421	2.36
18538	2.36
24015	2.28
15161	2.27
12857	2.27
21379	2.19
110816	1.79
56351	1.75
66164	1.75
75398	1.74
66471	1.68
27176	1.64
17216	1.63
15528	1.60
13669	1.56
20655	1.43
19942	1.33
17714	1.32
20591	1.29
55989	1.27
20020	1.25
27207	1.24
21915	1.22
12544	1.19
20918	1.16
17877	1.10
69527	1.06
66480	1.04
110749	1.03
66242	1.03
19944	1.02
19899	1.01
235036	1.00
101592	0.92
56321	0.89
56421	0.89
81489	0.87
98956	0.87
18969	0.78
18148	0.76
18971	0.75
16341	0.74
15331	0.70
16870	0.68
57743	0.62
215387	0.49
11566	0.48
20682	0.48
16898	0.46
19989	0.45
14211	0.39
27221	0.35
67942	0.34
19357	0.24
77591	0.24
16468	0.19
108689	0.19
20055	0.19
69692	0.17
13629	0.14
229949	0.13
17688	0.11
14056	0.11
20091	0.09
22186	0.09
14109	0.08
13627	0.08
14679	0.06
19361	0.05
20068	0.03
19941	0.02
20054	0.01
67945	-0.04
67177	-0.10
56150	-0.11
75617	-0.12
19014	-0.13
11799	-0.14
21974	-0.18
19951	-0.19
19933	-0.22
28071	-0.23
67849	-0.26
100502766	-0.35
114641	-0.42
75605	-0.44
67027	-0.49
60530	-0.49
67281	-0.58
16551	-0.62
11479	-0.63
68743	-0.65
66634	-0.66
214899	-0.72
20877	-0.73
268449	-0.75
66197	-0.75
20104	-0.79
66311	-0.96
26451	-1.09
76044	-1.11
216850	-1.12
81500	-1.18
65019	-1.21
110095	-1.23
15278	-1.40
22289	-1.42
71147	-1.63
382985	-1.84
228026	-2.95
