55989	8.65
66409	8.26
12469	7.99
13669	6.84
18813	6.83
107508	6.68
56403	6.68
12181	6.58
216987	6.55
12301	6.40
70465	6.38
15510	6.37
67204	6.14
12461	6.09
67089	5.99
66164	5.68
12465	5.44
75624	5.30
13681	5.11
59029	4.97
231329	4.94
110816	4.85
16341	4.84
15387	4.76
15519	4.76
18148	4.63
66235	4.58
66229	4.57
235036	4.51
56351	4.51
98956	4.31
11566	4.13
77591	4.11
14679	4.10
28071	4.03
66942	3.95
56505	3.67
21379	3.62
19167	3.60
15528	3.40
15481	3.39
216156	3.08
30926	3.01
53421	2.99
21974	2.96
20174	2.90
15278	2.88
26440	2.74
15161	2.50
14211	2.49
74255	2.43
22631	2.43
20104	2.42
56321	2.38
66480	2.34
13627	2.30
23996	2.28
101592	2.22
22335	2.19
19179	2.18
386649	2.13
234388	2.13
11950	2.11
56436	1.99
17216	1.89
18648	1.87
13629	1.85
17688	1.79
75398	1.79
19944	1.74
12567	1.74
65019	1.74
20091	1.72
57743	1.71
57296	1.67
19173	1.63
19933	1.60
27176	1.58
65961	1.58
60530	1.57
26443	1.54
27397	1.51
16551	1.49
22186	1.49
66471	1.44
81898	1.39
19989	1.38
26451	1.36
19942	1.34
17714	1.33
21915	1.32
18538	1.26
26445	1.25
19899	1.22
20068	1.21
66634	1.20
22154	1.20
192170	1.09
268449	1.01
19014	1.00
16898	0.99
20591	0.97
11461	0.96
19941	0.91
75617	0.90
114641	0.88
20054	0.88
228026	0.84
14433	0.80
19951	0.79
19357	0.74
71147	0.67
22143	0.66
68743	0.65
22218	0.62
13806	0.62
20055	0.56
11949	0.54
19166	0.53
69692	0.51
67945	0.51
18971	0.50
22166	0.49
56150	0.41
27207	0.36
67281	0.35
68991	0.34
19175	0.32
20021	0.32
229949	0.26
76044	0.25
22273	0.24
108679	0.24
17877	0.22
57320	0.22
20682	0.15
73830	0.15
22289	0.07
66537	0.05
215387	0.04
67177	0.04
110095	0.00
18969	-0.00
110749	-0.02
66311	-0.08
81489	-0.09
56421	-0.18
67942	-0.21
75605	-0.26
16870	-0.34
67212	-0.35
66197	-0.36
108689	-0.38
69527	-0.54
20020	-0.58
12544	-0.60
19361	-0.64
27398	-0.67
14109	-0.70
15331	-0.74
16468	-0.76
214899	-0.77
20877	-0.89
11799	-0.98
66242	-0.98
81500	-1.03
382985	-1.11
27221	-1.14
20655	-1.14
11479	-1.19
67027	-1.27
100502766	-1.31
14056	-1.44
12857	-1.47
20918	-1.64
216850	-1.75
67849	-1.90
22187	-2.58
