19166	15.55
19175	13.89
23996	11.57
26440	11.54
66537	11.54
19167	10.94
26443	9.95
386649	8.16
19179	8.14
59029	8.00
19173	7.90
22166	7.78
68991	7.65
57320	7.22
57296	7.13
13681	6.58
67089	6.27
67942	6.21
11950	6.20
27397	6.10
73830	6.02
22187	6.01
14433	5.86
74255	5.84
11949	5.83
75398	5.77
19942	5.76
192170	5.61
56436	5.40
22218	5.30
11461	5.29
12465	5.12
22335	5.09
12857	5.02
27176	5.00
12567	4.96
66242	4.87
66480	4.83
20021	4.75
15387	4.73
67212	4.73
12469	4.50
22186	4.48
12461	4.46
27207	4.19
19944	4.10
15528	4.04
22154	3.96
67204	3.94
20655	3.85
15481	3.79
234388	3.73
18813	3.72
22631	3.61
66229	3.61
19951	3.61
20068	3.60
66409	3.60
268449	3.54
75617	3.52
81898	3.48
19989	3.43
13806	3.39
19899	3.39
18148	3.37
27398	3.34
108679	3.28
15331	3.23
20055	3.22
22143	3.22
216156	3.16
22273	3.16
67945	3.16
20174	2.99
66235	2.95
18538	2.89
15161	2.86
20054	2.83
12301	2.79
66164	2.76
18648	2.72
65019	2.67
56505	2.64
30926	2.63
14109	2.62
56351	2.60
16341	2.57
20091	2.56
107508	2.56
69692	2.55
114641	2.50
67281	2.33
69527	2.21
19933	2.16
13627	2.12
19941	2.06
26451	2.04
66942	1.95
231329	1.85
20918	1.85
15519	1.78
65961	1.77
21915	1.64
16898	1.62
66311	1.55
18969	1.39
15510	1.38
66197	1.32
57743	1.32
12544	1.30
53421	1.25
16870	1.25
24015	1.25
56403	1.10
56150	1.10
70465	1.07
12181	1.06
55989	1.06
75624	1.03
13669	1.00
66471	0.85
20020	0.84
19014	0.53
11799	0.41
14679	0.36
20591	0.34
215387	0.34
101592	0.29
16468	0.28
14211	0.27
235036	0.23
17877	0.22
229949	0.22
216987	0.22
108689	0.16
216850	0.14
20104	0.13
110749	0.10
15278	0.10
56421	0.04
19357	0.04
20682	0.03
77591	0.01
17216	-0.02
81489	-0.03
21379	-0.05
98956	-0.11
20877	-0.21
76044	-0.26
17688	-0.29
17714	-0.30
13629	-0.31
14056	-0.38
22289	-0.38
71147	-0.39
27221	-0.39
21974	-0.45
66634	-0.54
110095	-0.58
28071	-0.63
67027	-0.64
11479	-0.69
11566	-0.73
56321	-0.77
16551	-0.80
68743	-0.85
60530	-0.90
110816	-0.92
18971	-0.92
382985	-1.00
67849	-1.02
67177	-1.02
75605	-1.08
214899	-1.16
100502766	-1.17
19361	-1.19
81500	-1.26
228026	-1.43
