19166	16.68
19167	14.75
59029	14.17
67089	14.00
26443	12.28
26445	11.54
23996	9.25
66537	9.03
11950	8.95
22166	8.07
19179	8.04
22335	7.95
12469	7.51
74255	7.47
19173	7.25
11949	7.14
19175	6.97
68991	6.39
15387	6.39
13681	6.23
22218	6.20
75398	6.04
12465	5.86
12461	5.84
16341	5.62
386649	5.40
12301	5.14
67204	5.12
15528	5.04
57296	5.00
18538	4.97
66235	4.77
66409	4.74
56436	4.29
30926	4.24
15519	4.15
15510	4.07
66229	3.94
15481	3.82
18648	3.62
18813	3.60
19989	3.56
20021	3.37
56351	3.34
22143	3.33
22154	3.32
18148	3.29
192170	3.29
66242	3.28
66480	3.18
22631	3.08
67942	3.04
81898	3.01
14679	3.00
27397	2.93
15331	2.91
66164	2.86
22187	2.82
231329	2.81
12567	2.78
24015	2.74
73830	2.69
75624	2.69
69527	2.67
56150	2.64
11461	2.57
15161	2.57
19942	2.46
57320	2.44
20091	2.44
56505	2.41
70465	2.25
65961	2.23
20174	2.22
19357	2.15
67212	2.09
22273	2.08
13627	2.05
13806	1.95
14433	1.92
20655	1.92
108679	1.88
27176	1.85
12857	1.81
12544	1.79
69692	1.78
107508	1.77
13669	1.74
75617	1.74
17688	1.70
20068	1.68
216987	1.64
27207	1.63
66942	1.62
21915	1.62
17714	1.61
21974	1.61
65019	1.59
66197	1.54
66311	1.43
14211	1.43
28071	1.43
55989	1.42
268449	1.31
114641	1.29
19951	1.27
56403	1.27
27398	1.22
71147	1.18
66634	1.18
57743	1.14
216156	1.13
11566	1.10
19899	1.02
234388	1.02
16898	0.97
20591	0.96
14056	0.86
18969	0.85
26451	0.84
19941	0.83
20055	0.83
110095	0.78
18971	0.74
12181	0.69
60530	0.67
76044	0.64
17216	0.64
22289	0.60
66471	0.58
77591	0.57
19361	0.51
108689	0.50
22186	0.47
17877	0.40
215387	0.40
67281	0.40
16870	0.36
20918	0.30
56421	0.24
19944	0.22
53421	0.13
11479	0.12
19933	0.08
67177	0.04
14109	0.04
16468	0.02
67945	0.02
20104	-0.04
19014	-0.09
20877	-0.13
110749	-0.18
81489	-0.20
98956	-0.23
20020	-0.24
67027	-0.25
16551	-0.27
11799	-0.28
20054	-0.33
229949	-0.41
101592	-0.50
15278	-0.51
21379	-0.57
214899	-0.61
110816	-0.61
27221	-0.61
216850	-0.64
100502766	-0.64
56321	-0.69
67849	-0.69
228026	-0.77
382985	-0.79
20682	-0.88
68743	-1.05
75605	-1.07
13629	-1.17
81500	-1.36
235036	-1.46
