19167	17.04
19166	15.09
26440	12.28
59029	11.57
19175	10.44
19179	10.43
26445	9.95
67089	9.24
22335	9.17
66537	9.06
19173	8.49
23996	8.46
30926	8.14
12465	8.14
22218	7.28
11950	7.21
12469	7.09
12461	6.90
11949	6.85
16341	6.73
22166	6.66
57296	6.56
74255	6.51
66235	5.65
67204	5.54
56436	5.36
68991	5.32
19989	5.14
12857	5.10
75398	4.99
18813	4.98
12301	4.87
192170	4.64
15387	4.63
27397	4.52
75617	4.34
13681	4.30
15528	4.26
66242	4.20
386649	4.18
73830	4.18
20091	4.04
66480	4.04
19942	4.00
15519	3.93
66229	3.92
66409	3.86
22187	3.84
20068	3.76
67212	3.70
57320	3.53
15481	3.51
56351	3.50
114641	3.42
22273	3.41
27207	3.39
19951	3.36
18148	3.29
22631	3.28
66164	3.14
20918	3.10
20021	3.08
67942	3.07
11461	3.03
18648	2.89
75624	2.88
19941	2.82
65019	2.81
14109	2.80
20655	2.79
268449	2.79
20055	2.78
27176	2.74
15331	2.71
22143	2.60
13627	2.57
65961	2.49
22154	2.48
22186	2.45
15510	2.43
18538	2.43
69527	2.35
19899	2.34
67281	2.33
14433	2.31
56505	2.30
13806	2.26
20174	2.25
108679	2.24
26451	2.23
67945	2.23
66942	2.11
69692	2.10
19357	2.08
70465	2.04
12567	2.00
27398	1.99
19944	1.97
20054	1.91
57743	1.90
234388	1.81
28071	1.78
216156	1.62
81898	1.60
231329	1.60
24015	1.54
14679	1.53
56403	1.51
19933	1.51
55989	1.50
13669	1.39
107508	1.38
19014	1.33
21915	1.33
11566	1.28
16870	1.22
12181	1.09
81489	1.08
66311	1.02
17714	0.96
21379	0.94
20104	0.90
71147	0.89
16898	0.85
15161	0.77
67027	0.74
216987	0.72
75605	0.62
16468	0.57
14056	0.55
66197	0.54
13629	0.41
56150	0.40
77591	0.39
56421	0.33
19361	0.32
11799	0.22
214899	0.21
101592	0.18
81500	0.17
17877	0.16
18969	0.14
56321	0.14
12544	0.10
110095	0.06
110749	0.06
53421	-0.00
229949	-0.02
67849	-0.08
17688	-0.09
20020	-0.09
11479	-0.16
108689	-0.23
66471	-0.23
66634	-0.26
20591	-0.27
21974	-0.33
27221	-0.38
216850	-0.38
14211	-0.46
110816	-0.49
76044	-0.50
15278	-0.51
215387	-0.58
68743	-0.68
98956	-0.76
228026	-0.78
20682	-0.79
16551	-0.79
60530	-0.93
382985	-1.04
20877	-1.12
67177	-1.13
18971	-1.13
22289	-1.14
100502766	-1.27
235036	-1.34
17216	-2.17
