268449	22.31
20068	21.69
19951	20.90
65019	20.62
75617	20.51
20091	20.28
27207	20.01
114641	19.29
19933	18.77
20054	18.69
20055	18.56
19989	18.08
67281	18.01
19942	17.99
66480	17.48
19941	17.15
19899	17.12
14109	16.87
67945	16.42
22186	16.19
19944	16.03
27176	15.72
13627	15.11
73830	12.76
13629	10.20
67942	9.58
16341	9.17
16898	9.16
20104	9.12
18148	8.95
15528	7.06
12461	7.05
12857	6.97
12465	6.18
20655	6.17
30926	5.48
66242	4.99
14433	4.61
13681	4.36
18813	4.21
22154	4.18
12567	3.96
66537	3.91
67204	3.84
11949	3.79
22166	3.75
15481	3.72
20918	3.55
19166	3.41
57320	3.31
22143	3.23
66164	3.12
13669	2.92
56351	2.82
27397	2.73
75398	2.72
65961	2.72
69692	2.68
12469	2.66
57296	2.64
55989	2.45
19167	2.43
15519	2.37
68991	2.34
22218	2.26
26443	2.23
66235	2.21
19175	2.12
26445	2.04
66942	1.89
235036	1.81
11950	1.79
11461	1.74
66409	1.57
15331	1.54
192170	1.52
28071	1.52
15387	1.46
22187	1.45
12301	1.41
66197	1.41
24015	1.36
18648	1.31
19173	1.29
66229	1.29
66311	1.29
11566	1.13
15510	1.04
17688	1.03
22631	1.03
56403	0.97
228026	0.91
21915	0.89
107508	0.89
26440	0.84
21974	0.82
69527	0.79
19357	0.69
81489	0.67
18538	0.66
15278	0.55
67089	0.48
110816	0.46
22289	0.43
20682	0.43
56505	0.41
20021	0.36
70465	0.36
100502766	0.34
75605	0.33
229949	0.33
56321	0.33
20020	0.28
67177	0.28
11479	0.27
81898	0.24
11799	0.24
234388	0.20
17877	0.17
13806	0.15
74255	0.14
67212	0.13
77591	0.13
53421	0.11
98956	0.04
108689	0.03
101592	0.02
18971	-0.03
216987	-0.03
27398	-0.04
231329	-0.06
75624	-0.07
386649	-0.08
81500	-0.11
110095	-0.13
14679	-0.14
15161	-0.14
57743	-0.18
20174	-0.19
59029	-0.20
14056	-0.20
16468	-0.24
19179	-0.27
66471	-0.28
16870	-0.29
68743	-0.32
110749	-0.33
216850	-0.33
214899	-0.35
17714	-0.36
22335	-0.36
20591	-0.42
14211	-0.46
16551	-0.55
12181	-0.60
108679	-0.61
56150	-0.62
17216	-0.63
21379	-0.70
216156	-0.76
67027	-0.84
66634	-0.89
215387	-0.98
382985	-1.00
19014	-1.06
23996	-1.09
18969	-1.10
67849	-1.16
20877	-1.17
71147	-1.30
60530	-1.32
19361	-1.36
56421	-1.40
76044	-1.41
27221	-1.53
12544	-1.68
56436	-1.69
22273	-1.89
