20068	24.04
75617	23.57
65019	22.88
19951	22.65
26451	22.31
19989	21.29
27207	20.27
20091	19.76
19942	19.55
114641	19.48
67281	19.09
20054	18.68
66480	18.59
19941	18.48
19933	18.26
22186	18.16
20055	17.82
27176	17.34
19944	16.89
19899	16.68
67945	16.52
14109	15.49
13627	14.65
73830	12.50
16341	10.35
67942	10.20
13629	9.99
18148	9.28
20104	8.73
16898	8.61
12857	7.36
12461	6.70
15528	6.40
12465	6.31
20655	5.22
14433	5.18
30926	5.08
66242	5.05
20918	4.71
67204	4.69
13681	4.65
11949	4.55
22166	4.26
19166	4.16
22154	4.07
15481	3.70
75398	3.67
26445	3.54
57320	3.48
12567	3.32
22187	3.26
66537	3.25
19167	3.24
22218	3.15
56351	2.98
69692	2.97
18813	2.97
19175	2.96
26443	2.79
22143	2.73
13669	2.70
15331	2.46
66942	2.44
12469	2.42
55989	2.37
11950	2.35
66164	2.20
192170	2.07
66409	2.05
66311	1.95
15519	1.91
15387	1.90
66235	1.88
65961	1.87
11461	1.78
57296	1.77
66197	1.65
68991	1.63
27397	1.60
12301	1.57
66229	1.48
67089	1.32
26440	1.31
13806	1.22
69527	1.21
19173	1.18
28071	1.15
107508	1.11
22631	1.06
15510	1.02
24015	1.01
67212	0.96
56403	0.95
15278	0.94
235036	0.93
22335	0.89
21974	0.87
19357	0.86
20174	0.74
18538	0.73
20021	0.70
231329	0.65
108689	0.65
56505	0.64
18648	0.61
100502766	0.53
228026	0.51
81898	0.44
386649	0.43
21915	0.43
20682	0.36
17688	0.32
81489	0.24
77591	0.24
70465	0.24
66471	0.23
67027	0.22
216987	0.19
14056	0.19
11566	0.18
110816	0.17
16468	0.16
75605	0.14
56321	0.14
19179	0.12
81500	0.10
22289	0.09
67177	0.09
17877	0.06
59029	0.05
14679	0.05
74255	0.03
20020	0.02
17714	0.00
11479	-0.01
27398	-0.03
216850	-0.03
11799	-0.08
18971	-0.09
108679	-0.17
110095	-0.19
57743	-0.21
98956	-0.23
68743	-0.27
229949	-0.28
14211	-0.29
214899	-0.31
110749	-0.33
234388	-0.36
20877	-0.38
53421	-0.38
101592	-0.39
21379	-0.40
382985	-0.40
215387	-0.41
17216	-0.43
15161	-0.44
16870	-0.52
66634	-0.53
19014	-0.56
16551	-0.60
75624	-0.63
56150	-0.65
20591	-0.65
56421	-0.69
12544	-0.71
23996	-0.75
60530	-0.76
67849	-1.03
12181	-1.04
18969	-1.08
71147	-1.24
19361	-1.25
76044	-1.25
216156	-1.35
22273	-1.37
27221	-1.50
56436	-1.94
