19989	22.87
66480	19.04
13627	18.83
19899	17.78
19951	17.59
268449	17.34
19942	16.25
20068	15.87
26451	15.72
20091	15.67
27207	15.62
75617	15.23
20055	14.81
20054	14.44
19941	14.13
65019	14.00
22186	13.85
67945	13.82
73830	13.36
14109	13.15
19944	13.08
19933	12.25
13629	12.03
67281	12.02
16898	11.94
114641	11.20
18148	10.89
67942	10.67
16341	9.41
12461	8.65
20655	7.78
12465	7.43
20104	6.78
12857	6.70
14433	6.31
13681	5.53
11949	5.38
22154	5.34
15528	5.22
26445	5.00
15481	4.88
12567	4.85
22187	4.85
13806	4.68
18813	4.42
19175	4.41
15331	4.02
57320	3.94
19166	3.91
75398	3.70
56351	3.69
66242	3.65
13669	3.54
192170	3.54
57296	3.49
22166	3.49
69692	3.49
67204	3.43
19167	3.43
30926	3.41
21915	3.21
19173	3.20
20918	3.16
66229	2.97
11461	2.90
11950	2.88
27397	2.86
20174	2.77
26443	2.74
66537	2.65
66164	2.57
12469	2.53
69527	2.51
66409	2.48
20021	2.40
22143	2.23
67089	2.08
18538	2.06
68991	2.01
22218	1.98
56403	1.95
15387	1.93
386649	1.91
66235	1.90
26440	1.85
27398	1.74
235036	1.74
56505	1.69
66311	1.66
23996	1.64
55989	1.59
24015	1.58
15519	1.48
81898	1.44
18648	1.41
107508	1.40
65961	1.33
66471	1.25
21379	1.25
12301	1.20
15510	1.20
66942	1.17
66197	1.16
98956	1.03
15161	1.00
53421	0.97
19179	0.87
228026	0.83
234388	0.83
216850	0.83
108689	0.81
81500	0.79
59029	0.65
22273	0.60
22631	0.60
110749	0.58
28071	0.58
19357	0.52
17877	0.48
18969	0.42
67177	0.36
56321	0.34
20591	0.32
14679	0.29
14056	0.28
21974	0.28
216987	0.26
100502766	0.23
16468	0.23
216156	0.20
11479	0.19
20682	0.18
229949	0.16
11566	0.13
108679	0.11
22335	0.10
70465	0.06
231329	0.06
20877	0.05
74255	0.04
12181	0.04
20020	0.04
11799	0.03
15278	0.01
110816	0.01
17216	0.00
77591	-0.02
101592	-0.06
17688	-0.11
16551	-0.11
16870	-0.14
17714	-0.19
81489	-0.20
75624	-0.24
22289	-0.27
18971	-0.35
110095	-0.38
67027	-0.39
57743	-0.47
71147	-0.47
56421	-0.48
215387	-0.51
56436	-0.54
68743	-0.56
12544	-0.57
75605	-0.59
19014	-0.61
14211	-0.62
56150	-0.65
67212	-0.74
67849	-0.78
382985	-0.79
66634	-0.79
27221	-0.87
76044	-0.96
214899	-0.98
19361	-1.32
60530	-1.33
