75617	22.69
19951	21.44
268449	20.27
114641	20.08
20068	20.02
26451	20.01
67281	19.70
20055	19.20
19942	19.17
20054	18.30
65019	18.22
20091	17.90
22186	17.73
66480	17.67
19899	17.51
19941	17.43
67945	17.12
19989	17.06
14109	17.02
19933	16.71
19944	15.83
27176	15.62
13627	14.41
73830	13.90
67942	9.83
13629	9.65
16898	9.31
16341	9.26
18148	8.85
12857	8.65
20104	7.34
12461	6.62
30926	6.40
15528	6.33
12465	6.24
66242	5.43
14433	5.06
20655	4.87
22154	4.77
11949	4.60
13681	4.41
66537	4.33
19166	4.33
12567	4.20
26445	4.19
15481	4.15
57320	4.11
19175	4.10
67204	4.03
20918	3.85
22143	3.71
18813	3.69
19167	3.66
22166	3.52
192170	3.45
22187	3.41
26443	3.39
11461	3.27
69692	3.12
56351	3.00
57296	2.81
27397	2.68
22218	2.59
66164	2.59
68991	2.50
66229	2.39
12469	2.31
75398	2.28
19173	2.21
13669	2.10
15331	2.10
66942	1.97
11950	1.64
26440	1.63
15387	1.57
55989	1.54
66409	1.50
22631	1.47
66311	1.44
81898	1.40
66235	1.39
66197	1.36
67212	1.25
15519	1.25
23996	1.24
12301	1.14
13806	1.12
22335	1.09
19179	0.99
65961	0.97
20021	0.93
28071	0.91
20174	0.84
235036	0.83
18648	0.74
59029	0.73
107508	0.68
56403	0.65
81489	0.61
100502766	0.60
21915	0.59
67089	0.58
20020	0.56
11799	0.55
56505	0.52
18538	0.45
53421	0.42
21974	0.36
24015	0.36
20682	0.36
11566	0.33
27398	0.33
18971	0.32
17877	0.30
234388	0.30
70465	0.28
69527	0.25
81500	0.24
19357	0.24
108689	0.24
22289	0.24
110749	0.23
98956	0.23
67177	0.22
15278	0.21
15510	0.20
386649	0.19
17688	0.17
216156	0.14
16468	0.13
108679	0.10
56321	0.08
14056	0.07
110816	0.04
15161	0.01
216850	-0.00
74255	-0.01
228026	-0.03
75605	-0.03
229949	-0.07
66471	-0.08
67027	-0.11
77591	-0.14
231329	-0.18
57743	-0.19
21379	-0.22
214899	-0.26
56150	-0.28
17714	-0.29
17216	-0.33
68743	-0.33
16551	-0.40
67849	-0.40
20591	-0.41
22273	-0.42
12181	-0.48
14679	-0.52
11479	-0.53
215387	-0.57
382985	-0.59
20877	-0.60
14211	-0.64
216987	-0.68
101592	-0.69
56436	-0.71
19014	-0.73
12544	-0.78
16870	-0.84
56421	-0.84
110095	-0.85
76044	-0.91
19361	-0.99
18969	-1.03
75624	-1.13
60530	-1.20
71147	-1.44
27221	-1.45
66634	-1.52
