17216	10.41
12544	10.29
60530	9.36
19361	8.85
76044	8.23
110749	7.73
66634	6.76
67849	6.69
67177	6.16
215387	6.04
14211	5.95
18971	5.80
18538	5.75
18969	5.74
14056	5.73
56150	5.37
100502766	4.97
17688	4.59
20877	4.23
16551	4.20
66471	4.01
11799	3.86
68743	3.81
108689	3.03
66311	2.96
56321	2.67
21915	2.24
22154	2.07
15331	1.92
22143	1.67
98956	1.61
66197	1.51
18813	1.47
13669	1.46
18148	1.35
19357	1.28
216987	1.24
11461	1.18
56403	1.00
56505	0.98
101592	0.96
56421	0.95
69692	0.89
11566	0.84
110816	0.84
14433	0.83
235036	0.76
234388	0.73
13806	0.73
65961	0.69
20020	0.69
20174	0.63
55989	0.63
12567	0.58
107508	0.56
229949	0.53
21974	0.53
22166	0.50
81500	0.49
192170	0.47
16870	0.43
21379	0.42
15161	0.42
53421	0.42
12181	0.39
19179	0.38
71147	0.36
23996	0.35
66942	0.33
15510	0.30
19014	0.29
69527	0.25
231329	0.24
18648	0.23
67027	0.22
66537	0.22
59029	0.21
15519	0.20
20682	0.19
110095	0.17
22631	0.06
56436	-0.06
66409	-0.09
27398	-0.13
77591	-0.13
70465	-0.20
67204	-0.22
22218	-0.27
12461	-0.30
16898	-0.36
22187	-0.36
19175	-0.36
26443	-0.38
26445	-0.39
57296	-0.40
22335	-0.43
75624	-0.45
19173	-0.49
13681	-0.51
228026	-0.52
11479	-0.53
57320	-0.53
19944	-0.55
28071	-0.56
13629	-0.60
17877	-0.61
26440	-0.61
22289	-0.62
20655	-0.63
214899	-0.65
216850	-0.65
66235	-0.66
16468	-0.66
108679	-0.69
12465	-0.72
67212	-0.74
19166	-0.76
67945	-0.79
382985	-0.82
68991	-0.82
75398	-0.83
216156	-0.85
81898	-0.86
386649	-0.87
27176	-0.87
74255	-0.88
20591	-0.94
22273	-0.94
56351	-0.94
66164	-0.94
20054	-0.94
20021	-0.98
20104	-0.98
19933	-0.99
19951	-1.00
11950	-1.01
65019	-1.01
15387	-1.01
81489	-1.03
75605	-1.04
73830	-1.08
15528	-1.08
20068	-1.09
66229	-1.10
16341	-1.11
24015	-1.14
30926	-1.14
11949	-1.14
14679	-1.15
14109	-1.21
19167	-1.22
66242	-1.22
114641	-1.22
57743	-1.23
12469	-1.27
12857	-1.29
20091	-1.31
20055	-1.31
19941	-1.32
12301	-1.33
15278	-1.34
67942	-1.38
13627	-1.39
67281	-1.40
19942	-1.41
27207	-1.45
17714	-1.48
268449	-1.50
27397	-1.52
75617	-1.53
22186	-1.53
26451	-1.53
19989	-1.57
19899	-1.62
66480	-1.66
15481	-1.72
20918	-1.75
67089	-1.84
