66242	6.27
26445	6.10
19175	5.73
27398	5.56
19173	5.46
67942	5.18
66229	4.96
30926	4.89
68991	4.78
67212	4.72
15528	4.60
26443	4.52
23996	4.52
21915	4.39
57320	4.39
56436	4.14
70465	4.11
19166	4.01
12567	3.95
66537	3.91
216156	3.87
57296	3.81
19167	3.69
66164	3.61
19899	3.58
12857	3.52
235036	3.48
386649	3.40
19942	3.30
18813	3.28
13681	3.24
20174	3.16
20055	3.09
12465	3.06
11950	2.99
73830	2.94
26440	2.93
20068	2.88
27176	2.86
66235	2.86
192170	2.85
66480	2.84
21379	2.80
66409	2.80
26451	2.73
27207	2.68
19179	2.68
67204	2.64
66942	2.61
22166	2.59
15510	2.55
18648	2.50
234388	2.43
20054	2.43
107508	2.43
20655	2.42
18148	2.42
14109	2.37
59029	2.36
11949	2.35
67945	2.35
20021	2.28
75398	2.27
55989	2.26
22273	2.25
12461	2.18
75617	2.17
19951	2.13
22143	1.96
12469	1.96
114641	1.95
65961	1.94
22186	1.92
15481	1.87
56505	1.76
20091	1.72
12181	1.72
108679	1.70
17714	1.69
69692	1.68
20591	1.67
56351	1.65
19944	1.63
56403	1.63
268449	1.60
28071	1.54
19989	1.53
24015	1.51
14433	1.50
67281	1.50
22335	1.45
20918	1.42
65019	1.42
20104	1.40
16898	1.38
19941	1.30
15161	1.30
53421	1.27
11461	1.24
13627	1.18
13669	1.14
16341	1.11
216987	1.10
71147	1.09
74255	1.09
22187	1.09
12301	1.05
75624	0.98
56321	0.97
110816	0.93
15387	0.89
67089	0.87
15331	0.85
22154	0.81
16468	0.77
13806	0.74
19933	0.71
17877	0.69
15519	0.69
20020	0.69
216850	0.63
22218	0.59
81500	0.57
20682	0.49
77591	0.46
11566	0.46
13629	0.35
15278	0.31
22631	0.31
19014	0.20
66311	0.16
229949	0.11
17216	0.11
81898	0.08
98956	0.06
101592	0.01
18538	-0.00
69527	-0.00
214899	-0.03
17688	-0.04
382985	-0.06
11799	-0.10
16870	-0.14
22289	-0.15
228026	-0.19
231329	-0.27
66634	-0.31
67027	-0.37
57743	-0.38
76044	-0.43
19361	-0.45
18971	-0.47
67177	-0.47
108689	-0.53
60530	-0.56
110749	-0.56
110095	-0.66
56150	-0.71
19357	-0.71
67849	-0.75
66197	-0.83
75605	-0.85
14679	-0.85
81489	-0.94
68743	-0.95
56421	-0.99
11479	-0.99
14211	-1.03
20877	-1.03
16551	-1.08
12544	-1.15
14056	-1.24
215387	-1.26
66471	-1.43
27221	-1.52
21974	-1.64
100502766	-1.82
18969	-1.98
