22273	7.42
67212	6.95
57320	6.06
69527	6.03
216156	5.64
19173	5.61
27397	5.56
56436	5.40
12857	5.33
19175	5.21
66242	5.05
67942	4.94
234388	4.28
20021	4.24
21379	4.00
23996	3.72
192170	3.65
11950	3.46
26445	3.34
19179	3.32
11949	3.20
20174	3.20
20655	2.95
68991	2.88
67027	2.71
386649	2.63
19899	2.58
57296	2.47
235036	2.44
21915	2.36
73830	2.31
15278	2.30
107508	2.08
56505	2.06
74255	2.01
19167	2.00
26443	1.99
19166	1.90
22335	1.89
66229	1.87
75398	1.79
27176	1.74
14433	1.72
108679	1.70
66409	1.68
69692	1.68
16898	1.66
12567	1.62
30926	1.61
15528	1.59
19942	1.58
66164	1.51
20054	1.44
65961	1.42
66537	1.42
18971	1.41
56321	1.34
81500	1.33
22186	1.32
228026	1.29
214899	1.25
13629	1.25
15510	1.24
19944	1.24
12181	1.24
26440	1.22
13806	1.22
67177	1.20
110816	1.18
14109	1.18
67089	1.17
20918	1.15
66311	1.12
12469	1.12
110749	1.07
22166	1.06
17714	1.04
59029	0.92
28071	0.92
382985	0.89
15161	0.88
67204	0.84
66235	0.83
20055	0.79
20068	0.76
18648	0.76
66634	0.74
18813	0.71
22187	0.70
81898	0.63
22143	0.61
11479	0.58
17877	0.58
20020	0.56
12465	0.55
18969	0.53
75624	0.50
18148	0.47
22154	0.45
77591	0.45
57743	0.41
229949	0.38
70465	0.38
67281	0.37
16341	0.37
66480	0.36
12461	0.36
27207	0.33
67945	0.33
19951	0.32
17216	0.32
71147	0.32
66942	0.30
66471	0.26
19014	0.24
75617	0.23
53421	0.14
19941	0.12
20877	0.05
55989	0.03
98956	-0.00
16468	-0.02
17688	-0.02
268449	-0.03
13669	-0.03
20091	-0.03
56421	-0.03
26451	-0.04
100502766	-0.04
12301	-0.06
231329	-0.07
13681	-0.09
27221	-0.13
19357	-0.15
12544	-0.22
114641	-0.25
22218	-0.26
56403	-0.27
110095	-0.27
101592	-0.32
65019	-0.32
67849	-0.32
19989	-0.32
76044	-0.34
15387	-0.34
19933	-0.40
11799	-0.44
216850	-0.45
11566	-0.47
14211	-0.51
215387	-0.51
16870	-0.58
18538	-0.61
20682	-0.63
24015	-0.67
68743	-0.69
15331	-0.78
56351	-0.81
108689	-0.85
56150	-0.85
216987	-0.86
60530	-0.97
13627	-1.00
66197	-1.02
14056	-1.02
22289	-1.05
16551	-1.11
20591	-1.12
19361	-1.15
21974	-1.23
11461	-1.26
15481	-1.39
20104	-1.42
75605	-1.55
15519	-1.68
81489	-1.69
22631	-1.77
14679	-2.14
