55989	7.42
67204	5.88
65961	5.73
66409	5.60
235036	4.87
66942	4.82
66164	4.68
16341	4.37
18148	4.04
24015	4.03
56403	3.92
15519	3.92
12301	3.84
13669	3.73
56351	3.69
15278	3.52
11566	3.50
77591	3.43
67089	3.27
70465	3.15
66235	3.11
56321	3.00
66229	2.98
110816	2.90
216987	2.88
20104	2.83
75398	2.80
18813	2.61
107508	2.59
66480	2.45
17714	2.43
12469	2.34
19167	2.26
15387	2.20
14211	2.18
67177	2.16
22218	2.09
12465	1.96
14679	1.86
20091	1.84
26443	1.78
30926	1.73
12461	1.69
19899	1.68
13681	1.68
74255	1.65
15528	1.65
216850	1.62
17688	1.61
56505	1.59
27397	1.54
26451	1.52
16898	1.50
81898	1.48
22289	1.48
19989	1.48
65019	1.46
214899	1.46
21379	1.45
26440	1.43
19933	1.41
66197	1.36
75617	1.36
21974	1.31
18538	1.26
20068	1.21
216156	1.20
19942	1.17
14109	1.17
71147	1.17
19941	1.17
56436	1.16
268449	1.15
15510	1.13
192170	1.10
19357	1.08
12181	1.08
114641	1.08
59029	1.07
75624	1.01
19951	0.98
27398	0.92
27207	0.91
20918	0.88
20054	0.88
228026	0.86
20174	0.84
19166	0.83
108679	0.82
20055	0.81
67281	0.81
382985	0.79
19179	0.74
69692	0.74
19361	0.70
17216	0.70
68991	0.67
20021	0.67
16551	0.66
16468	0.65
19173	0.65
17877	0.64
76044	0.64
98956	0.61
19944	0.61
66471	0.61
27176	0.58
13627	0.58
68743	0.53
56150	0.52
231329	0.51
73830	0.47
13629	0.43
75605	0.42
11950	0.41
14056	0.39
66537	0.32
69527	0.31
18971	0.31
66634	0.30
66242	0.28
20682	0.24
110749	0.20
60530	0.13
15481	0.11
57320	0.07
21915	0.03
22166	0.02
12567	-0.00
57296	-0.05
110095	-0.08
18648	-0.10
101592	-0.14
66311	-0.15
19175	-0.16
22631	-0.19
81489	-0.19
22143	-0.20
23996	-0.23
11799	-0.27
57743	-0.27
15161	-0.28
22186	-0.28
11479	-0.34
11949	-0.34
11461	-0.35
386649	-0.39
19014	-0.42
20020	-0.42
67945	-0.45
100502766	-0.46
67849	-0.46
234388	-0.46
20655	-0.48
67942	-0.51
67027	-0.53
27221	-0.56
22335	-0.57
229949	-0.58
215387	-0.60
26445	-0.63
15331	-0.67
67212	-0.68
56421	-0.71
18969	-0.74
16870	-0.74
14433	-0.76
108689	-0.84
12857	-0.90
22273	-0.94
20877	-1.01
22154	-1.03
20591	-1.05
81500	-1.12
12544	-1.16
53421	-1.60
22187	-2.04
13806	-2.31
