12465	8.42
26443	8.14
19167	7.64
16341	7.20
114641	7.08
66480	6.83
27207	6.40
11949	6.19
75617	6.02
12461	6.00
11950	5.98
12469	5.98
20068	5.71
66235	5.65
19944	5.63
26451	5.48
57296	5.46
19941	5.45
22335	5.34
19989	5.33
15528	5.29
268449	5.08
59029	5.05
67089	4.99
12301	4.90
27397	4.89
73830	4.79
20091	4.79
67945	4.75
66537	4.70
67281	4.70
18813	4.59
19173	4.55
19166	4.53
19933	4.45
19951	4.35
67204	4.34
22143	4.29
19179	4.29
26440	4.24
18148	4.22
12857	4.15
67212	3.91
22218	3.91
16898	3.91
15481	3.90
66409	3.90
65019	3.84
13627	3.82
66242	3.73
19942	3.71
20104	3.70
19899	3.64
57320	3.62
56351	3.57
20054	3.48
75398	3.47
12567	3.46
27176	3.41
13681	3.40
19175	3.37
22186	3.35
22273	3.22
13629	3.22
15510	3.13
20055	3.05
24015	3.01
216156	3.00
14109	2.92
18648	2.92
11566	2.91
66229	2.78
15519	2.73
67942	2.71
15387	2.66
26445	2.63
23996	2.54
55989	2.53
69692	2.52
66164	2.50
107508	2.50
20174	2.48
70465	2.42
66942	2.42
14433	2.31
65961	2.28
56505	2.16
12181	2.15
22166	2.15
56403	2.14
234388	2.08
20918	2.07
192170	2.03
57743	2.01
68991	1.85
13669	1.84
74255	1.80
22154	1.79
28071	1.73
108679	1.63
27398	1.61
20021	1.60
56436	1.54
75624	1.54
15278	1.47
17714	1.45
13806	1.23
66311	1.22
17688	1.19
67027	1.19
69527	1.13
81489	1.09
15331	1.01
18538	0.94
77591	0.87
231329	0.85
14056	0.83
56321	0.82
386649	0.74
20655	0.70
108689	0.70
81898	0.69
21915	0.69
216987	0.68
21974	0.67
19014	0.59
22631	0.56
22187	0.52
21379	0.51
235036	0.49
214899	0.44
11461	0.41
17877	0.39
14211	0.25
98956	0.20
19361	0.15
66634	0.11
229949	0.07
14679	0.07
110816	0.06
110749	0.04
101592	0.03
100502766	-0.01
18971	-0.04
66197	-0.09
75605	-0.12
68743	-0.19
228026	-0.22
81500	-0.29
15161	-0.29
20682	-0.30
16870	-0.34
16468	-0.40
11799	-0.41
56421	-0.43
215387	-0.48
19357	-0.49
20591	-0.51
53421	-0.53
110095	-0.57
17216	-0.60
16551	-0.65
67849	-0.70
76044	-0.71
60530	-0.73
71147	-0.83
56150	-0.87
20020	-0.88
382985	-0.90
12544	-1.01
18969	-1.02
20877	-1.04
27221	-1.14
216850	-1.20
22289	-1.52
66471	-1.73
67177	-1.81
11479	-2.43
