214899	3.93
77591	2.21
81898	2.18
19014	1.88
66471	1.65
68991	1.43
20021	1.34
216850	1.32
71147	1.31
69692	1.16
67027	0.95
22289	0.92
27398	0.89
28071	0.79
69527	0.77
66242	0.76
229949	0.75
68743	0.74
11479	0.66
56321	0.66
20918	0.62
20655	0.59
228026	0.59
19357	0.51
108689	0.51
57320	0.44
75398	0.41
21915	0.38
66634	0.36
18148	0.36
56421	0.35
66311	0.34
12857	0.31
234388	0.30
56150	0.29
66164	0.25
22187	0.23
67212	0.23
81500	0.22
19173	0.15
110095	0.15
108679	0.06
17714	0.05
15510	0.04
12544	0.03
19361	0.02
76044	-0.00
66235	-0.03
216987	-0.06
27397	-0.06
67089	-0.08
14211	-0.13
56403	-0.15
67942	-0.16
81489	-0.17
21974	-0.29
20020	-0.30
15519	-0.30
66409	-0.32
15528	-0.32
19166	-0.32
22631	-0.34
16341	-0.35
17216	-0.39
19989	-0.39
386649	-0.39
56351	-0.39
216156	-0.40
22218	-0.40
268449	-0.40
12301	-0.41
56436	-0.41
67281	-0.42
11950	-0.43
15331	-0.43
74255	-0.44
110816	-0.45
65961	-0.45
13669	-0.46
14109	-0.48
22335	-0.50
100502766	-0.52
14679	-0.52
20054	-0.54
11949	-0.54
56505	-0.55
15278	-0.57
75617	-0.57
67204	-0.57
18971	-0.59
27207	-0.59
60530	-0.60
11461	-0.61
16551	-0.61
19942	-0.62
19175	-0.63
67849	-0.65
22166	-0.65
107508	-0.66
231329	-0.67
11799	-0.69
17877	-0.72
19179	-0.73
16898	-0.73
20174	-0.76
101592	-0.76
55989	-0.78
26440	-0.79
27176	-0.79
20591	-0.80
20877	-0.80
20055	-0.80
19933	-0.80
20091	-0.80
27221	-0.82
66197	-0.84
66942	-0.84
19899	-0.84
192170	-0.85
22186	-0.86
98956	-0.86
14433	-0.87
66480	-0.88
59029	-0.88
18538	-0.88
12181	-0.89
19951	-0.90
30926	-0.90
20068	-0.90
13627	-0.91
16870	-0.95
15481	-0.96
110749	-0.97
67945	-0.98
19941	-0.99
75605	-0.99
26451	-1.00
26445	-1.00
66537	-1.01
65019	-1.01
75624	-1.02
11566	-1.02
66229	-1.02
26443	-1.04
13629	-1.09
22154	-1.09
24015	-1.11
15161	-1.19
215387	-1.22
20682	-1.23
12469	-1.26
22143	-1.26
19167	-1.26
14056	-1.26
13806	-1.27
22273	-1.29
18969	-1.34
18648	-1.41
12461	-1.41
114641	-1.41
15387	-1.42
17688	-1.44
19944	-1.44
235036	-1.45
73830	-1.46
16468	-1.47
12465	-1.47
70465	-1.49
18813	-1.55
67177	-1.56
57296	-1.56
20104	-1.59
57743	-1.60
13681	-1.66
21379	-1.82
23996	-1.84
12567	-2.14
53421	-2.77
