23996	11.07
19179	10.63
26445	8.16
19175	7.90
56436	7.67
59029	6.57
56505	6.48
66537	5.79
12469	5.78
19166	5.76
67089	5.75
74255	5.69
26440	5.40
12465	5.20
19173	5.16
234388	5.12
15481	5.03
108679	5.00
22187	4.91
216156	4.86
19167	4.82
192170	4.82
57320	4.61
15387	4.40
65961	4.34
26443	4.18
18813	4.12
216987	4.10
20021	4.05
66229	4.01
12461	3.89
66471	3.74
75624	3.67
13681	3.64
107508	3.60
66942	3.50
13669	3.49
27397	3.40
15510	3.37
12301	3.36
20174	3.31
67204	3.28
56321	3.27
66409	3.24
14433	3.16
22154	3.15
15519	3.05
22631	2.99
22335	2.91
22143	2.87
57296	2.83
12567	2.71
27398	2.63
68991	2.56
66235	2.47
56403	2.40
70465	2.36
22166	2.36
55989	2.29
20655	2.28
15161	2.27
101592	2.25
15528	2.18
22218	2.16
18148	2.16
12181	2.15
24015	2.13
81898	2.11
231329	2.06
13806	1.97
73830	1.96
77591	1.92
27176	1.91
67212	1.79
75398	1.78
57743	1.76
56351	1.75
67942	1.75
11461	1.73
66164	1.70
110816	1.51
22273	1.41
235036	1.40
19942	1.35
20054	1.35
19933	1.31
81489	1.14
66480	1.12
98956	1.09
19899	1.05
53421	0.97
16341	0.96
20055	0.91
65019	0.89
17714	0.85
20091	0.85
11950	0.84
14679	0.82
20591	0.77
69692	0.76
30926	0.74
15331	0.73
13627	0.67
17877	0.67
69527	0.65
20020	0.65
18648	0.64
11566	0.63
19944	0.58
20682	0.51
19989	0.51
11949	0.50
67027	0.49
19951	0.48
13629	0.47
16870	0.45
268449	0.43
18538	0.38
108689	0.37
20918	0.34
56421	0.31
19357	0.31
20068	0.26
22186	0.23
21379	0.20
27207	0.19
229949	0.17
19941	0.15
18969	0.14
67945	0.12
17216	0.09
14109	0.08
21974	0.08
75617	0.05
11479	0.04
66242	0.03
21915	0.00
18971	-0.05
26451	-0.08
114641	-0.12
67281	-0.13
12857	-0.14
17688	-0.16
19361	-0.24
56150	-0.37
75605	-0.37
28071	-0.39
382985	-0.39
215387	-0.42
16468	-0.46
16898	-0.47
20104	-0.48
11799	-0.59
71147	-0.61
100502766	-0.69
216850	-0.73
81500	-0.74
14211	-0.80
214899	-0.81
15278	-0.81
110095	-0.84
12544	-0.85
20877	-0.86
66634	-0.86
19014	-0.87
27221	-0.87
110749	-0.87
60530	-0.97
68743	-0.98
14056	-1.11
16551	-1.13
22289	-1.21
67177	-1.34
228026	-1.65
66197	-1.73
67849	-1.85
66311	-1.89
76044	-2.02
