107508	4.38
14679	4.02
192170	3.85
13629	3.83
81500	3.62
12181	3.27
11461	3.27
13681	3.02
24015	2.99
18813	2.88
66229	2.68
15387	2.66
22631	2.50
20591	2.49
56436	2.42
23996	2.36
13669	2.35
12465	2.29
22154	2.10
21379	2.09
13627	2.07
12461	2.06
22273	2.05
17216	2.04
56505	1.92
235036	1.86
15161	1.78
12567	1.75
57296	1.71
19899	1.69
19175	1.67
15481	1.66
66942	1.65
15510	1.60
98956	1.56
55989	1.49
13806	1.43
101592	1.38
19179	1.34
231329	1.34
19173	1.33
74255	1.32
19944	1.28
27397	1.27
12469	1.26
26445	1.25
67945	1.24
19942	1.24
216987	1.17
20020	1.16
67204	1.07
56403	1.07
59029	1.06
22187	1.05
110816	1.01
19951	0.99
27176	0.97
386649	0.97
216156	0.96
56321	0.90
110749	0.89
20055	0.88
70465	0.88
18648	0.87
76044	0.85
20174	0.83
67177	0.83
12544	0.81
75624	0.80
22186	0.78
56351	0.76
81898	0.73
20655	0.70
20682	0.69
18971	0.69
66164	0.66
75605	0.66
81489	0.62
16898	0.62
77591	0.62
22166	0.60
14109	0.56
19014	0.55
16468	0.54
20104	0.52
19167	0.52
67849	0.52
15519	0.52
108679	0.51
66471	0.51
20877	0.49
66537	0.47
67942	0.44
214899	0.43
66311	0.43
66480	0.43
27221	0.42
27207	0.42
14056	0.41
73830	0.40
56150	0.40
22143	0.38
18538	0.38
66409	0.32
60530	0.32
215387	0.31
20091	0.30
18148	0.29
16341	0.27
12857	0.27
67027	0.26
20068	0.24
114641	0.23
14433	0.22
234388	0.22
14211	0.22
56421	0.22
16551	0.17
15331	0.17
67281	0.15
27398	0.14
26440	0.13
26451	0.11
20054	0.10
11949	0.07
21915	0.07
65019	0.07
66197	0.05
75617	0.04
100502766	0.02
19989	0.00
26443	-0.00
57743	-0.00
20021	-0.01
20918	-0.02
22335	-0.06
57320	-0.11
22289	-0.12
19166	-0.13
19941	-0.14
11799	-0.16
16870	-0.19
15528	-0.20
66235	-0.22
71147	-0.23
108689	-0.25
19933	-0.26
21974	-0.27
68991	-0.28
110095	-0.29
11950	-0.30
17714	-0.31
67089	-0.34
268449	-0.38
18969	-0.39
229949	-0.40
30926	-0.53
216850	-0.55
67212	-0.58
66242	-0.59
17688	-0.60
68743	-0.60
17877	-0.61
11566	-0.64
19361	-0.74
19357	-0.82
66634	-0.87
75398	-1.03
228026	-1.12
15278	-1.16
65961	-1.25
12301	-1.35
28071	-1.60
69692	-1.62
11479	-1.71
22218	-2.14
69527	-2.53
382985	-2.77
