66409	12.13
18813	10.26
18148	9.93
235036	9.92
66942	9.66
13669	9.21
56403	9.05
24015	8.65
15519	8.47
67204	8.43
13681	8.37
12469	8.02
28071	7.42
15510	7.18
107508	7.15
66164	6.89
70465	6.39
77591	6.05
12465	5.87
56505	5.63
12461	5.61
12301	5.47
56321	5.42
15387	5.27
16341	5.17
65961	5.15
66229	5.09
110816	5.08
18538	4.83
14211	4.70
216987	4.56
15528	4.53
11566	4.44
56351	4.33
12181	4.11
192170	4.00
15481	3.96
67089	3.94
21379	3.86
12567	3.74
66471	3.72
20174	3.64
98956	3.62
65019	3.58
81898	3.55
59029	3.36
20091	3.33
19933	3.18
66480	2.99
74255	2.95
20104	2.86
66235	2.80
22218	2.55
30926	2.53
17688	2.53
19899	2.48
26451	2.45
20068	2.44
101592	2.41
19989	2.39
17216	2.39
216156	2.37
19167	2.37
268449	2.37
386649	2.29
114641	2.27
27397	2.26
21915	2.24
231329	2.21
20054	2.17
22631	2.14
19942	2.13
19951	2.12
19179	2.11
81489	2.10
75624	2.06
14056	2.05
56436	2.04
67281	1.99
75617	1.98
20055	1.97
19944	1.89
19941	1.89
22143	1.89
13627	1.86
56150	1.69
15278	1.62
21974	1.60
15331	1.59
27176	1.59
14679	1.56
11461	1.55
27207	1.54
66634	1.51
26443	1.50
53421	1.49
110749	1.47
26440	1.42
13629	1.41
14109	1.39
67177	1.34
12544	1.34
16551	1.33
23996	1.27
75398	1.26
16898	1.22
60530	1.22
73830	1.18
18971	1.15
22166	1.14
216850	1.13
19166	1.09
22154	1.08
26445	1.06
20682	1.02
66311	1.02
22186	1.00
67945	1.00
108679	1.00
19361	0.98
76044	0.94
22335	0.82
69692	0.75
66197	0.74
214899	0.71
20918	0.67
27221	0.63
56421	0.53
229949	0.48
57320	0.47
66537	0.46
19357	0.46
18648	0.44
69527	0.41
20020	0.41
11950	0.37
108689	0.35
16468	0.35
17714	0.28
19175	0.23
20021	0.22
75605	0.18
20655	0.15
15161	0.12
110095	0.07
27398	0.03
68743	-0.02
11799	-0.03
100502766	-0.06
22289	-0.08
14433	-0.08
57296	-0.10
22187	-0.11
11949	-0.12
234388	-0.15
67212	-0.20
20591	-0.21
19014	-0.22
67942	-0.23
18969	-0.24
19173	-0.24
57743	-0.24
81500	-0.29
16870	-0.33
13806	-0.33
215387	-0.34
68991	-0.39
228026	-0.51
11479	-0.52
22273	-0.59
17877	-0.63
20877	-0.73
66242	-0.74
382985	-0.78
67849	-1.06
71147	-1.06
12857	-1.53
67027	-1.91
