19361	9.71
14211	9.00
11799	8.68
12544	8.26
66197	8.04
18538	7.91
16551	7.61
60530	7.13
76044	6.66
20877	6.66
215387	6.62
67849	6.16
100502766	6.11
17216	6.11
66634	6.10
66311	5.99
19357	5.81
27221	5.37
14056	5.18
68743	5.15
15331	4.29
67177	4.21
18971	3.86
110749	3.76
22154	3.64
18969	3.10
22218	2.99
22143	2.97
66471	2.93
21915	2.76
74255	2.68
26440	2.64
66409	2.56
11566	2.20
59029	2.11
17688	2.10
18148	2.07
66164	2.05
15387	1.98
68991	1.97
22166	1.93
228026	1.85
20021	1.84
18813	1.78
22631	1.75
15161	1.71
55989	1.69
19166	1.59
12567	1.47
67089	1.41
18648	1.24
69692	1.16
56505	1.10
26445	1.10
108689	1.10
66235	1.09
11949	1.01
20020	0.90
70465	0.90
22289	0.88
19167	0.87
14433	0.84
14679	0.83
11950	0.81
13681	0.79
56351	0.76
12301	0.76
75398	0.74
67204	0.69
16870	0.68
20174	0.66
16341	0.63
71147	0.62
69527	0.59
28071	0.52
192170	0.49
22335	0.49
17714	0.49
229949	0.47
65961	0.46
24015	0.41
15519	0.41
19014	0.40
53421	0.40
26443	0.40
67027	0.34
15528	0.31
66480	0.30
66537	0.30
110095	0.30
382985	0.29
20055	0.28
13806	0.24
231329	0.23
66942	0.17
12469	0.17
81489	0.15
56403	0.12
21974	0.10
216987	0.07
66229	0.03
20682	0.03
56421	0.02
235036	-0.00
19175	-0.04
21379	-0.05
66242	-0.07
15510	-0.09
23996	-0.11
81898	-0.12
19951	-0.14
15278	-0.16
114641	-0.17
11461	-0.20
57296	-0.23
27207	-0.28
13627	-0.29
67942	-0.30
108679	-0.31
20091	-0.32
57743	-0.36
20591	-0.36
19942	-0.37
386649	-0.37
75624	-0.40
19933	-0.42
65019	-0.42
234388	-0.43
12461	-0.44
22187	-0.55
11479	-0.55
19179	-0.61
13669	-0.62
26451	-0.62
12465	-0.62
268449	-0.65
75617	-0.65
101592	-0.65
27176	-0.65
15481	-0.67
19989	-0.67
214899	-0.69
27397	-0.71
77591	-0.73
20054	-0.74
20104	-0.74
19944	-0.74
20068	-0.75
20918	-0.78
98956	-0.79
56321	-0.80
17877	-0.82
20655	-0.83
27398	-0.85
30926	-0.87
19941	-0.88
16468	-0.89
216850	-0.90
67945	-0.96
81500	-1.01
14109	-1.05
216156	-1.09
16898	-1.09
19899	-1.22
67212	-1.22
12181	-1.23
22186	-1.24
67281	-1.29
73830	-1.31
110816	-1.31
19173	-1.42
22273	-1.44
56436	-1.45
57320	-1.62
13629	-1.86
107508	-1.89
12857	-1.91
75605	-2.38
