77591	7.71
18148	6.35
98956	6.26
18813	6.01
56505	6.00
56403	5.62
55989	5.42
65961	5.20
66942	5.19
216987	5.18
235036	5.08
13669	5.03
66471	4.18
66409	4.14
110816	4.02
12469	3.98
101592	3.90
70465	3.73
12181	3.52
107508	3.42
12461	3.35
15510	3.35
12465	3.31
192170	3.30
386649	3.27
20174	3.14
28071	3.00
56436	2.82
69527	2.70
27221	2.67
69692	2.59
108689	2.55
231329	2.48
19014	2.44
24015	2.38
19179	2.36
17688	2.33
13681	2.29
18969	2.24
216156	2.21
67204	2.20
12301	2.20
66164	2.18
75624	2.12
21379	2.05
234388	1.96
21915	1.84
74255	1.78
15481	1.74
15528	1.73
11566	1.65
66229	1.55
67177	1.50
16341	1.45
56421	1.41
66634	1.40
65019	1.39
27398	1.34
59029	1.32
81500	1.29
15519	1.24
66235	1.18
13629	1.05
56351	1.02
15387	1.01
27397	0.97
17714	0.97
67089	0.96
75398	0.95
20104	0.93
16898	0.90
53421	0.90
110749	0.89
23996	0.89
12567	0.88
229949	0.86
30926	0.82
67027	0.80
17216	0.77
68743	0.76
21974	0.69
382985	0.66
19933	0.64
13627	0.50
20091	0.50
214899	0.47
18971	0.45
19899	0.37
19944	0.36
27176	0.34
20591	0.34
26451	0.33
57296	0.32
19951	0.27
19942	0.24
12544	0.24
20655	0.22
22631	0.21
11461	0.18
14679	0.17
268449	0.14
26443	0.14
20682	0.13
19361	0.11
216850	0.10
19167	0.09
19989	0.09
27207	0.08
14056	0.07
22273	0.07
20068	0.04
15278	0.04
20020	0.03
66311	-0.00
75617	-0.07
19175	-0.09
71147	-0.09
22154	-0.09
16468	-0.13
57743	-0.13
108679	-0.18
20877	-0.19
19941	-0.29
20055	-0.31
67281	-0.33
75605	-0.33
100502766	-0.34
60530	-0.35
20021	-0.40
67212	-0.41
20054	-0.42
81489	-0.43
76044	-0.45
14211	-0.46
81898	-0.46
16551	-0.46
19173	-0.52
215387	-0.53
66537	-0.53
19166	-0.53
15161	-0.53
73830	-0.54
18538	-0.55
68991	-0.58
66480	-0.59
22187	-0.62
14109	-0.63
11799	-0.63
22335	-0.63
110095	-0.67
26440	-0.69
17877	-0.71
19357	-0.73
26445	-0.77
16870	-0.79
56150	-0.80
20918	-0.82
114641	-0.94
57320	-0.94
22186	-0.95
11949	-0.96
11479	-1.03
18648	-1.03
228026	-1.04
66197	-1.07
67849	-1.08
13806	-1.11
15331	-1.17
14433	-1.19
22218	-1.19
22166	-1.20
22143	-1.25
67945	-1.32
22289	-1.48
11950	-1.56
66242	-1.87
67942	-2.05
12857	-2.46
