12301	9.73
15519	8.67
22631	7.16
12469	6.51
15528	6.39
15387	6.16
15481	5.68
19167	5.57
22218	5.50
67204	5.41
15510	5.22
20655	4.87
12461	4.80
66235	4.67
13681	4.57
24015	4.51
18148	4.35
15331	4.34
18813	4.34
55989	4.33
22154	4.29
66480	4.22
12465	4.10
66409	4.06
67089	3.96
11461	3.86
75617	3.85
27176	3.69
28071	3.69
19989	3.63
22143	3.58
30926	3.57
26443	3.50
13669	3.41
70465	3.41
22166	3.35
26440	3.34
16341	3.29
19933	3.27
11566	3.24
20918	3.22
22187	3.21
16898	3.07
67281	3.04
22335	3.04
27207	3.00
59029	2.98
268449	2.98
66164	2.92
66229	2.91
19944	2.88
20104	2.82
26451	2.82
13627	2.81
67945	2.77
19175	2.75
18538	2.70
26445	2.60
14433	2.56
65019	2.55
20174	2.54
13806	2.51
19166	2.45
19941	2.42
20091	2.37
81489	2.33
19942	2.31
192170	2.27
66537	2.25
20068	2.24
18648	2.24
114641	2.23
20055	2.21
65961	2.20
75398	2.20
14679	2.17
19179	2.13
11950	2.12
20054	2.06
56505	1.96
66197	1.94
216156	1.91
21915	1.89
14109	1.87
19357	1.84
19951	1.83
57320	1.82
107508	1.81
66942	1.80
56436	1.77
386649	1.75
23996	1.75
19899	1.74
216987	1.70
27397	1.65
20591	1.64
74255	1.60
17688	1.53
19173	1.53
56403	1.46
75624	1.43
22186	1.39
66311	1.37
15278	1.35
73830	1.34
68991	1.30
235036	1.26
66471	1.26
12567	1.25
20682	1.22
234388	1.17
108679	1.08
18971	1.04
110816	1.02
56321	1.02
67212	0.97
12181	0.93
57743	0.89
13629	0.88
67177	0.84
11949	0.77
56150	0.76
53421	0.76
20021	0.76
67942	0.73
14211	0.71
14056	0.63
98956	0.61
60530	0.58
17714	0.53
66242	0.52
11799	0.51
21379	0.47
12857	0.39
16870	0.38
66634	0.36
19361	0.33
15161	0.26
16551	0.19
17877	0.14
77591	0.08
57296	0.07
81500	-0.00
18969	-0.11
20020	-0.12
17216	-0.12
67027	-0.13
69527	-0.16
22289	-0.21
101592	-0.22
68743	-0.25
71147	-0.25
229949	-0.25
76044	-0.31
231329	-0.33
56421	-0.35
382985	-0.39
21974	-0.40
216850	-0.41
69692	-0.45
22273	-0.51
110095	-0.56
16468	-0.61
20877	-0.64
19014	-0.68
12544	-0.68
228026	-0.68
27398	-0.81
11479	-0.84
100502766	-0.85
67849	-0.88
75605	-0.91
27221	-0.94
108689	-1.05
215387	-1.06
81898	-1.07
110749	-1.21
214899	-2.33
