13669	9.13
55989	9.05
66471	7.58
18813	7.17
77591	6.90
24015	6.68
18148	6.60
56321	5.62
13681	5.52
216987	5.35
65961	5.28
107508	5.05
66409	4.96
12469	4.82
15387	4.72
15510	4.70
70465	4.69
56505	4.63
12181	4.45
66235	4.35
81898	4.33
12301	4.32
235036	4.20
66229	4.10
28071	3.92
12461	3.89
12465	3.71
67204	3.67
66942	3.50
231329	3.49
67089	3.48
192170	3.46
59029	3.28
14211	3.20
21974	3.16
12567	3.15
66164	3.14
234388	3.10
21379	2.98
15519	2.97
15481	2.90
19179	2.89
75624	2.86
16341	2.82
15161	2.78
98956	2.73
20174	2.72
23996	2.70
56436	2.70
14679	2.62
11461	2.60
18538	2.40
386649	2.40
11566	2.33
21915	2.31
22154	2.20
19944	2.17
214899	2.15
30926	2.14
20091	2.14
15331	2.14
20104	2.05
101592	2.05
14056	2.00
19167	1.95
27176	1.95
13629	1.91
19173	1.89
22273	1.84
19357	1.80
19933	1.79
65019	1.79
216156	1.79
19989	1.73
15278	1.72
22631	1.72
16898	1.68
11950	1.66
57296	1.66
110816	1.65
27397	1.63
19014	1.56
74255	1.56
216850	1.51
26443	1.51
16468	1.50
56351	1.46
22218	1.43
13627	1.41
19899	1.39
66480	1.31
20591	1.30
26440	1.27
56421	1.26
18648	1.24
17688	1.23
18969	1.16
69692	1.11
26445	1.10
108689	1.10
69527	1.10
20020	1.09
76044	1.08
17216	1.07
53421	1.07
20068	1.05
110749	1.01
27221	1.00
26451	0.97
20055	0.96
268449	0.95
15528	0.94
68743	0.94
16551	0.91
14433	0.88
22143	0.88
75605	0.85
66537	0.78
19175	0.70
75398	0.70
27207	0.65
19942	0.62
11949	0.61
19166	0.55
75617	0.54
17714	0.47
20054	0.44
19941	0.34
13806	0.34
20682	0.27
66634	0.26
66311	0.24
22186	0.23
22335	0.22
12544	0.18
57320	0.16
18971	0.15
73830	0.15
19951	0.14
19361	0.14
56150	0.12
114641	0.04
57743	-0.08
228026	-0.09
229949	-0.10
66197	-0.11
20655	-0.13
382985	-0.15
71147	-0.20
67177	-0.27
27398	-0.27
215387	-0.32
110095	-0.38
12857	-0.39
20021	-0.42
11799	-0.44
60530	-0.46
14109	-0.46
68991	-0.47
22289	-0.49
16870	-0.50
67945	-0.51
17877	-0.52
100502766	-0.53
81489	-0.56
22166	-0.61
108679	-0.62
67281	-0.69
67212	-0.71
20877	-0.72
11479	-0.84
67942	-1.02
20918	-1.19
67849	-1.20
67027	-1.69
66242	-1.73
81500	-1.97
22187	-2.00
