18648	6.35
13806	6.09
14433	3.17
77591	2.98
20174	2.84
228026	2.60
22273	2.43
22631	2.28
66471	2.24
11566	2.24
98956	2.13
81898	2.06
16468	2.05
101592	1.92
15519	1.75
69527	1.57
69692	1.53
12465	1.51
75605	1.50
110095	1.49
12469	1.47
20021	1.45
19014	1.41
56321	1.41
15481	1.38
108689	1.34
56505	1.34
22154	1.29
56403	1.26
68743	1.23
59029	1.19
18538	1.18
107508	1.16
74255	1.16
22166	1.14
22335	1.11
18148	1.11
20591	1.09
12857	1.06
27221	0.95
11461	0.95
22143	0.95
192170	0.94
12301	0.91
21379	0.91
11949	0.90
23996	0.89
81500	0.87
67204	0.87
13629	0.86
234388	0.86
76044	0.86
22187	0.84
15387	0.84
11479	0.80
12461	0.78
73830	0.78
57296	0.77
67027	0.76
214899	0.73
12181	0.73
66235	0.65
81489	0.63
18969	0.55
12544	0.54
55989	0.53
13681	0.51
15510	0.47
67089	0.43
19179	0.42
17688	0.40
22218	0.36
19173	0.35
382985	0.35
66242	0.34
26443	0.33
386649	0.31
19167	0.31
110816	0.30
19166	0.27
26440	0.24
13669	0.23
11950	0.23
53421	0.22
16870	0.21
66164	0.19
18971	0.17
57743	0.13
20877	0.12
66311	0.12
108679	0.11
216850	0.11
19175	0.08
26445	0.04
235036	0.03
66942	0.03
66634	0.03
20655	0.03
56150	0.02
19357	0.02
71147	0.02
110749	0.00
100502766	0.00
16551	-0.00
216987	-0.02
27398	-0.03
75398	-0.05
229949	-0.05
60530	-0.09
14109	-0.09
14679	-0.11
65961	-0.11
67212	-0.11
66409	-0.12
231329	-0.13
14056	-0.15
13627	-0.16
68991	-0.18
24015	-0.18
66229	-0.19
67849	-0.20
66537	-0.30
66197	-0.32
56351	-0.35
215387	-0.35
30926	-0.43
19899	-0.43
21915	-0.44
66480	-0.45
14211	-0.45
19361	-0.45
22186	-0.47
27176	-0.48
67177	-0.52
18813	-0.53
20054	-0.54
11799	-0.54
17216	-0.57
70465	-0.58
16898	-0.58
19942	-0.59
19951	-0.60
75624	-0.62
16341	-0.63
56436	-0.63
20055	-0.64
268449	-0.69
19989	-0.71
28071	-0.71
216156	-0.72
21974	-0.74
20091	-0.74
20020	-0.76
19941	-0.78
19944	-0.83
22289	-0.84
27207	-0.84
67945	-0.89
20918	-0.89
17714	-0.89
67942	-0.91
65019	-0.95
67281	-0.96
27397	-0.99
75617	-1.01
15161	-1.02
15528	-1.08
57320	-1.11
19933	-1.21
20068	-1.27
114641	-1.39
26451	-1.40
20682	-1.46
20104	-1.49
12567	-1.53
17877	-1.60
15278	-1.72
15331	-2.53
