23996	11.54
19179	8.22
386649	7.67
216156	7.47
234388	7.36
192170	6.97
19173	6.62
19175	6.49
59029	6.33
22273	6.08
12181	5.87
57296	5.84
67089	5.43
27398	5.40
26445	5.40
26443	5.36
19167	5.18
21379	4.51
235036	4.33
26440	4.29
19166	4.24
27397	4.14
12469	4.03
57320	3.91
65961	3.79
18813	3.78
22187	3.66
12301	3.64
56505	3.40
108679	3.19
75624	3.18
20174	3.14
20918	3.13
70465	3.12
67204	3.04
12465	2.97
20655	2.89
107508	2.86
56321	2.82
15161	2.78
15387	2.72
56403	2.70
20021	2.62
66409	2.60
13681	2.59
66537	2.53
15481	2.52
74255	2.51
53421	2.42
22335	2.41
13669	2.37
12461	2.27
68991	2.26
66229	2.23
15510	2.21
11461	2.21
66942	2.21
81898	2.08
55989	2.04
75398	2.02
67212	2.01
24015	1.99
11950	1.89
66235	1.79
81489	1.79
56351	1.77
22631	1.75
18648	1.72
22154	1.69
14433	1.67
30926	1.54
15519	1.53
12567	1.52
110816	1.52
13629	1.51
21915	1.46
20591	1.42
13806	1.42
20020	1.40
17714	1.36
67177	1.31
28071	1.16
67027	1.10
57743	1.08
16898	1.01
98956	0.99
12857	0.96
216850	0.90
19014	0.87
77591	0.85
231329	0.78
19944	0.77
22166	0.76
14679	0.70
110749	0.69
22218	0.66
11949	0.66
101592	0.58
216987	0.56
66164	0.56
18969	0.49
17877	0.46
11566	0.46
16870	0.40
19899	0.36
18971	0.32
15278	0.30
20682	0.30
18148	0.22
15528	0.19
73830	0.18
12544	0.18
14109	0.15
66471	0.12
67942	0.09
214899	0.07
22143	0.07
17216	0.06
22186	0.03
20877	-0.06
27221	-0.06
18538	-0.06
16341	-0.13
67849	-0.14
215387	-0.17
16468	-0.19
69527	-0.28
81500	-0.30
229949	-0.35
11799	-0.41
66311	-0.41
382985	-0.41
75605	-0.44
14211	-0.45
19942	-0.46
19357	-0.46
19361	-0.48
100502766	-0.52
27176	-0.54
110095	-0.60
20054	-0.61
20055	-0.62
56421	-0.63
27207	-0.71
17688	-0.72
66242	-0.80
16551	-0.87
22289	-0.88
67945	-0.90
15331	-0.90
11479	-0.91
14056	-0.92
68743	-1.08
19933	-1.12
108689	-1.15
76044	-1.22
71147	-1.23
69692	-1.25
67281	-1.34
19941	-1.38
66197	-1.40
56150	-1.45
66634	-1.50
66480	-1.53
20068	-1.64
75617	-1.64
60530	-1.67
114641	-1.68
26451	-1.69
21974	-1.69
13627	-1.75
19951	-1.78
20091	-1.79
65019	-1.93
268449	-1.94
20104	-1.95
19989	-1.97
228026	-2.35
