20174	10.04
12465	8.54
12469	8.22
192170	7.67
18813	7.67
70465	7.12
66942	6.63
216156	6.54
386649	6.48
12461	6.27
12181	6.16
56321	6.00
19179	5.72
55989	5.63
110816	5.59
74255	5.48
15481	5.43
216987	5.38
66164	5.17
15510	5.10
23996	5.09
59029	5.05
66409	4.97
13681	4.96
12301	4.95
77591	4.94
66229	4.87
56403	4.63
235036	4.57
12567	4.54
18148	4.39
66471	4.32
65961	4.14
20021	4.10
107508	4.04
231329	4.03
22154	3.94
108679	3.91
15519	3.84
13669	3.73
75624	3.69
24015	3.67
15387	3.67
19173	3.48
22143	3.43
56436	3.40
98956	3.22
17216	3.19
22273	3.08
234388	3.04
19167	2.95
19175	2.87
57320	2.79
17688	2.68
26445	2.64
18971	2.48
18648	2.47
21915	2.46
66235	2.46
15528	2.45
67089	2.43
11566	2.43
19166	2.42
26440	2.41
101592	2.34
18538	2.32
26443	2.30
66537	2.29
30926	2.16
22187	2.09
15161	2.07
27398	2.06
73830	2.04
108689	2.02
56351	1.96
53421	1.92
22335	1.80
13806	1.78
11461	1.77
20091	1.76
27397	1.76
12544	1.69
27176	1.69
57743	1.68
22631	1.63
16341	1.61
28071	1.59
69527	1.57
13629	1.54
67027	1.44
81489	1.43
19989	1.42
22218	1.41
56421	1.34
21379	1.29
81898	1.28
67204	1.28
66634	1.27
19942	1.25
14433	1.23
18969	1.22
19899	1.21
66480	1.16
56150	1.10
20104	1.10
16898	1.05
68991	0.98
27221	0.98
20068	0.95
14211	0.95
20655	0.94
19357	0.93
19944	0.92
69692	0.89
19933	0.86
68743	0.80
19951	0.79
66197	0.75
65019	0.74
13627	0.74
20054	0.66
268449	0.64
229949	0.62
214899	0.62
19014	0.59
75605	0.55
66311	0.52
27207	0.52
215387	0.50
110749	0.44
81500	0.44
75617	0.41
26451	0.41
15331	0.41
20055	0.39
19361	0.35
11949	0.35
57296	0.34
19941	0.30
20020	0.27
17877	0.20
14056	0.19
20877	0.18
67281	0.15
20591	0.05
11950	0.01
20682	-0.04
17714	-0.04
22186	-0.06
110095	-0.08
16551	-0.09
22166	-0.18
60530	-0.19
67177	-0.21
14679	-0.23
228026	-0.25
16468	-0.26
21974	-0.29
11799	-0.35
14109	-0.40
20918	-0.41
114641	-0.41
76044	-0.46
382985	-0.55
67212	-0.57
67945	-0.57
67849	-0.60
16870	-0.65
100502766	-0.73
75398	-0.81
67942	-0.84
11479	-0.86
66242	-0.87
15278	-1.09
12857	-1.12
71147	-1.47
216850	-1.59
22289	-1.94
