23996	7.91
19175	7.74
26445	7.13
19173	6.80
68991	6.72
26443	6.56
56436	5.84
19179	5.75
19166	5.63
19167	5.59
30926	5.46
73830	5.35
66537	5.24
12465	5.10
26440	5.00
12461	4.95
11949	4.91
67089	4.66
11950	4.51
13681	4.48
14433	4.31
22335	4.12
75398	4.12
59029	4.11
234388	4.09
67204	3.93
12469	3.89
22273	3.87
27397	3.81
67942	3.68
20021	3.68
18648	3.67
12857	3.65
16341	3.56
18813	3.51
27176	3.49
74255	3.34
22187	3.28
13627	3.27
13629	3.22
66235	3.21
57320	3.20
66480	3.15
19899	3.09
19989	2.94
19942	2.93
22218	2.91
11461	2.88
386649	2.83
27207	2.81
12567	2.76
19944	2.71
22166	2.70
19951	2.69
108679	2.67
107508	2.67
26451	2.64
15387	2.63
192170	2.60
75624	2.56
13806	2.54
20918	2.54
27398	2.47
20068	2.45
16898	2.45
22186	2.42
20091	2.40
81898	2.29
75617	2.26
66409	2.22
14109	2.10
15481	2.09
67945	2.07
19941	2.03
66229	1.98
20055	1.94
22631	1.92
66242	1.82
22154	1.81
114641	1.80
268449	1.77
65019	1.71
65961	1.71
53421	1.71
24015	1.67
56403	1.66
18538	1.63
216156	1.62
66164	1.55
14679	1.54
67027	1.48
12181	1.48
11566	1.45
19933	1.39
20054	1.37
20655	1.37
15519	1.33
18148	1.33
110749	1.33
13669	1.27
67212	1.26
16870	1.25
17714	1.25
19014	1.10
12301	1.09
69692	1.00
20174	0.88
15528	0.82
214899	0.79
12544	0.78
56421	0.77
101592	0.70
21379	0.69
20020	0.66
69527	0.65
231329	0.63
17877	0.61
67281	0.57
14056	0.52
21915	0.43
20682	0.38
66942	0.38
57743	0.36
56505	0.34
66311	0.33
56321	0.32
15278	0.29
81489	0.24
17216	0.22
22143	0.17
229949	0.13
81500	0.12
16468	0.11
15161	0.09
56351	0.07
11799	0.05
66197	0.03
28071	-0.05
75605	-0.05
20591	-0.06
18969	-0.07
55989	-0.10
216987	-0.11
235036	-0.11
215387	-0.15
70465	-0.18
20877	-0.19
56150	-0.23
67849	-0.27
67177	-0.34
21974	-0.35
20104	-0.37
15331	-0.37
216850	-0.37
27221	-0.40
110095	-0.42
77591	-0.45
60530	-0.45
15510	-0.47
98956	-0.50
14211	-0.52
108689	-0.54
66471	-0.55
17688	-0.55
16551	-0.57
11479	-0.59
19361	-0.65
19357	-0.65
100502766	-0.71
68743	-0.79
22289	-0.81
71147	-0.84
76044	-1.03
110816	-1.05
66634	-1.12
18971	-1.15
382985	-1.56
228026	-1.97
