19175	8.51
12857	7.91
26445	7.22
67942	7.02
19173	6.74
66537	6.56
14433	6.43
73830	6.19
27398	6.06
20054	5.80
20655	5.79
23996	5.74
19944	5.73
234388	5.63
66242	5.48
19899	5.37
11949	5.35
22273	5.27
22186	5.21
19179	5.06
22187	4.98
14109	4.96
11950	4.90
19942	4.90
19933	4.87
19167	4.86
19166	4.86
216156	4.78
386649	4.61
67945	4.58
67212	4.46
27397	4.39
13806	4.34
66480	4.29
20055	4.12
27207	4.11
67281	4.11
20068	4.11
12465	4.08
22143	4.06
27176	3.94
56436	3.91
107508	3.88
75617	3.72
19951	3.69
30926	3.62
114641	3.59
19941	3.55
26443	3.53
15528	3.53
20091	3.52
268449	3.48
26451	3.31
22166	3.26
22335	3.25
57296	3.20
20021	3.19
13629	3.10
22154	3.10
65019	3.04
12469	3.01
19989	2.87
20918	2.86
56505	2.79
66235	2.78
15481	2.77
12567	2.55
68991	2.52
108679	2.47
26440	2.44
22218	2.41
59029	2.34
192170	2.29
16898	2.26
12461	2.21
11461	2.18
15510	2.11
66229	2.10
81898	2.07
20104	2.00
67204	1.98
16341	1.94
20174	1.92
15519	1.85
18813	1.82
15387	1.82
56351	1.82
13627	1.66
17877	1.60
66409	1.58
12301	1.57
67089	1.52
228026	1.49
18648	1.48
18148	1.41
67027	1.40
69527	1.38
231329	1.38
66471	1.38
22631	1.37
13681	1.32
69692	1.30
66942	1.27
12181	1.26
15161	1.19
13669	1.15
74255	1.15
81500	1.14
75398	1.14
21915	1.10
15278	1.07
235036	1.01
65961	0.99
216987	0.78
15331	0.78
18971	0.73
55989	0.47
382985	0.44
110816	0.39
17216	0.36
66311	0.35
75624	0.35
20020	0.34
24015	0.22
19357	0.17
14211	0.17
110095	0.16
56403	0.16
16468	0.13
214899	0.12
70465	0.11
17688	0.07
28071	0.07
110749	0.06
21379	0.04
21974	0.03
66164	-0.07
11799	-0.10
98956	-0.10
53421	-0.11
229949	-0.13
57743	-0.14
18538	-0.17
77591	-0.18
17714	-0.21
11479	-0.30
20591	-0.30
18969	-0.31
20682	-0.33
66197	-0.40
12544	-0.43
81489	-0.47
71147	-0.51
27221	-0.53
19014	-0.62
66634	-0.63
100502766	-0.67
16870	-0.68
19361	-0.69
108689	-0.71
101592	-0.73
11566	-0.74
75605	-0.84
68743	-0.86
215387	-0.87
56321	-0.94
16551	-1.07
56421	-1.11
67849	-1.16
216850	-1.21
20877	-1.26
76044	-1.26
14679	-1.26
22289	-1.27
67177	-1.33
14056	-1.39
60530	-1.41
56150	-1.62
