75624	3.94
12301	2.76
22335	2.68
70465	2.52
12469	2.40
19167	2.40
108679	2.23
18969	2.16
14433	2.06
59029	2.06
67089	2.03
30926	2.01
15278	2.00
26443	1.90
17714	1.80
386649	1.76
22143	1.75
24015	1.71
56505	1.68
69692	1.65
19179	1.50
67027	1.44
66235	1.35
26445	1.32
15510	1.31
12461	1.30
216156	1.29
21379	1.15
26440	1.14
22273	1.13
56436	1.08
18648	0.99
12465	0.99
69527	0.97
22154	0.96
66634	0.95
98956	0.95
11949	0.95
215387	0.93
56351	0.89
66409	0.85
13806	0.82
67204	0.81
11479	0.80
20021	0.79
66311	0.79
22218	0.78
20174	0.75
75398	0.74
22631	0.69
20918	0.67
12181	0.64
114641	0.63
11950	0.62
23996	0.62
17877	0.57
11566	0.57
67212	0.56
235036	0.49
15481	0.49
12544	0.49
19166	0.48
19173	0.47
75605	0.47
12567	0.46
228026	0.46
16341	0.46
66164	0.45
15387	0.44
27398	0.41
110749	0.41
18813	0.41
19175	0.40
11799	0.38
15528	0.37
67849	0.37
57296	0.36
20104	0.35
66480	0.32
107508	0.29
15519	0.29
13681	0.29
15161	0.26
19361	0.26
20877	0.24
19014	0.24
20020	0.14
19941	0.13
16898	0.13
67281	0.13
56421	0.13
65019	0.09
231329	0.09
74255	0.05
19933	0.05
68743	0.05
216987	0.05
19944	0.04
229949	0.03
20068	0.02
53421	-0.00
81489	-0.00
75617	-0.01
76044	-0.01
77591	-0.03
13669	-0.05
56403	-0.08
22187	-0.11
56321	-0.13
67945	-0.13
57320	-0.14
12857	-0.15
26451	-0.18
81500	-0.18
20091	-0.19
27207	-0.19
19942	-0.20
16551	-0.21
101592	-0.21
268449	-0.21
65961	-0.22
15331	-0.23
55989	-0.24
28071	-0.27
234388	-0.27
17688	-0.31
66537	-0.32
71147	-0.33
56150	-0.36
67942	-0.36
22166	-0.37
16870	-0.38
27397	-0.38
110816	-0.40
27176	-0.47
19989	-0.49
60530	-0.51
22186	-0.51
66197	-0.52
20655	-0.53
66242	-0.53
19951	-0.53
81898	-0.57
73830	-0.60
21915	-0.60
66229	-0.67
66942	-0.67
108689	-0.68
100502766	-0.68
14056	-0.69
16468	-0.70
18148	-0.72
20054	-0.75
19357	-0.77
20682	-0.78
18971	-0.82
19899	-0.82
20055	-0.84
18538	-0.84
216850	-0.86
67177	-0.86
66471	-0.90
192170	-0.91
14211	-0.94
22289	-0.97
14679	-1.04
21974	-1.06
110095	-1.19
14109	-1.19
27221	-1.23
20591	-1.26
13627	-1.40
68991	-1.44
17216	-1.50
382985	-1.60
214899	-1.69
11461	-2.14
13629	-2.21
