26440	14.17
19167	14.12
67089	13.17
23996	11.62
26443	11.57
19166	11.55
19179	10.40
12469	9.76
26445	8.00
12461	7.65
12465	7.59
12301	7.51
19173	7.33
66537	6.88
74255	6.82
386649	6.57
22335	6.48
15387	6.34
56436	6.33
66235	6.12
11950	5.92
67204	5.82
19175	5.77
18813	5.49
15519	5.31
16341	5.08
30926	5.05
56505	5.05
68991	5.02
24015	4.97
22218	4.96
15481	4.92
13681	4.88
66409	4.87
192170	4.85
15510	4.36
22154	4.36
11949	4.32
22166	4.29
216987	4.26
57296	4.11
18538	3.94
12181	3.88
75624	3.77
22631	3.75
18648	3.64
66229	3.63
70465	3.40
55989	3.36
75398	3.35
15528	3.30
56403	3.28
11566	3.22
107508	3.21
66164	3.14
22143	3.14
11461	2.98
56351	2.98
216156	2.92
65961	2.89
231329	2.85
13669	2.65
66942	2.55
234388	2.53
22273	2.52
14679	2.47
18148	2.45
108679	2.42
20174	2.41
27397	2.36
57320	2.34
15331	2.31
22187	2.27
66480	2.27
12567	2.22
15161	2.18
20021	2.16
19357	2.12
56150	2.11
21915	2.10
57743	2.06
81898	2.01
66471	2.00
14211	1.94
13806	1.87
77591	1.85
19989	1.85
12544	1.83
69692	1.80
67212	1.76
20091	1.59
66242	1.52
73830	1.43
66634	1.42
98956	1.39
17714	1.33
69527	1.33
56321	1.32
13627	1.28
21974	1.27
19942	1.21
12857	1.20
56421	1.19
14433	1.09
28071	1.07
66311	1.07
53421	1.06
110816	1.03
20104	1.01
19361	0.99
17688	0.97
27398	0.92
108689	0.87
14056	0.84
18971	0.82
17216	0.81
20655	0.81
60530	0.78
21379	0.73
75617	0.73
27207	0.73
27176	0.65
114641	0.37
81489	0.37
16898	0.35
20591	0.33
66197	0.31
16870	0.31
19951	0.29
17877	0.29
16551	0.28
229949	0.27
75605	0.25
20918	0.25
20877	0.24
215387	0.24
65019	0.23
101592	0.23
110095	0.22
19941	0.21
27221	0.21
20682	0.17
110749	0.10
68743	0.08
67027	0.06
268449	0.05
71147	0.04
20020	0.04
20068	-0.01
19944	-0.08
76044	-0.14
11799	-0.19
26451	-0.20
100502766	-0.22
19933	-0.25
214899	-0.30
20055	-0.37
19899	-0.37
67281	-0.39
67849	-0.46
81500	-0.50
11479	-0.52
67942	-0.54
16468	-0.54
67945	-0.55
18969	-0.66
67177	-0.74
20054	-0.75
14109	-0.80
22289	-0.80
19014	-0.86
382985	-0.88
13629	-1.02
22186	-1.06
228026	-1.11
15278	-1.14
235036	-1.25
216850	-1.53
