19361	12.94
17216	10.49
12544	9.89
27221	9.36
20877	8.67
16551	8.60
215387	8.56
67849	8.38
76044	8.22
14211	8.00
56150	7.13
11799	6.62
110749	6.60
18538	6.37
66634	6.22
18971	6.06
100502766	5.92
67177	5.69
14056	5.68
68743	5.25
17688	4.78
66197	3.89
18969	3.53
66311	2.88
21915	2.32
22143	2.32
22154	2.20
15331	2.16
71147	1.87
15387	1.60
24015	1.57
19357	1.51
14679	1.34
55989	1.22
15519	1.16
216987	1.07
12567	1.05
12469	0.96
231329	0.95
66471	0.90
108689	0.90
74255	0.87
59029	0.78
70465	0.77
11566	0.73
26440	0.67
13681	0.63
20174	0.60
56351	0.58
18148	0.47
22335	0.46
15510	0.42
16870	0.39
110816	0.37
16341	0.35
66409	0.34
53421	0.32
107508	0.31
11461	0.27
20020	0.26
98956	0.26
21974	0.24
66164	0.24
20104	0.22
22631	0.21
75624	0.19
15481	0.17
19014	0.16
22289	0.14
101592	0.14
28071	0.13
192170	0.13
20682	0.13
18813	0.13
66942	0.12
67212	0.11
11950	0.07
235036	0.06
77591	0.04
12465	0.03
22166	0.02
15161	-0.02
12301	-0.03
66229	-0.05
67204	-0.06
13669	-0.08
17714	-0.08
12181	-0.08
56421	-0.09
228026	-0.10
21379	-0.12
18648	-0.15
22218	-0.15
12461	-0.16
16468	-0.19
56505	-0.19
13806	-0.22
20591	-0.23
108679	-0.24
110095	-0.32
67089	-0.33
56321	-0.35
13627	-0.39
66242	-0.40
81500	-0.41
81898	-0.41
57296	-0.45
56403	-0.46
214899	-0.46
11949	-0.46
23996	-0.49
67942	-0.50
81489	-0.50
57743	-0.51
17877	-0.51
14433	-0.54
27397	-0.56
67027	-0.57
229949	-0.57
69692	-0.58
216156	-0.60
382985	-0.60
16898	-0.61
22273	-0.63
75398	-0.65
15278	-0.66
11479	-0.70
65961	-0.70
66480	-0.71
30926	-0.73
114641	-0.74
69527	-0.76
268449	-0.76
66235	-0.80
19942	-0.81
22187	-0.85
65019	-0.86
75605	-0.86
26445	-0.90
19166	-0.90
19951	-0.90
15528	-0.93
19173	-0.93
26443	-0.93
19175	-0.94
27398	-0.97
386649	-0.97
19167	-0.98
20055	-0.99
234388	-0.99
19941	-0.99
68991	-1.00
19989	-1.02
66537	-1.03
20021	-1.04
19944	-1.04
20068	-1.12
67281	-1.15
20091	-1.19
27207	-1.20
19933	-1.23
73830	-1.24
20054	-1.27
13629	-1.29
26451	-1.32
67945	-1.33
27176	-1.33
19179	-1.39
19899	-1.39
57320	-1.41
216850	-1.42
75617	-1.54
22186	-1.57
12857	-1.59
20918	-1.60
56436	-1.67
14109	-1.68
20655	-2.15
