20091	22.89
268449	22.88
20068	22.13
19951	21.19
26451	20.62
19942	20.31
75617	18.88
19989	18.72
27207	18.22
20055	18.00
20054	17.93
114641	17.57
19933	17.53
22186	17.26
67281	16.95
19941	16.86
14109	16.52
19899	16.23
66480	15.67
13627	14.40
67945	14.08
19944	14.00
27176	14.00
18148	11.53
73830	11.46
16341	11.01
13629	10.85
67942	9.86
20104	8.63
12461	8.05
15528	7.71
16898	7.36
12857	6.67
12465	6.10
67204	5.91
20655	5.50
22166	4.98
13681	4.87
13669	4.79
19166	4.57
66537	4.50
18813	4.34
66242	4.30
11949	4.02
30926	3.84
22154	3.77
65961	3.70
12469	3.59
55989	3.58
14433	3.56
15481	3.42
19167	3.30
19175	3.24
22218	3.24
69692	3.22
75398	3.15
57320	3.04
12567	2.96
20918	2.93
26443	2.81
15519	2.71
26445	2.67
56351	2.55
66409	2.44
11950	2.37
66164	2.15
67089	2.04
66235	1.99
66942	1.97
68991	1.94
66197	1.89
15510	1.89
15387	1.83
12301	1.82
56403	1.79
24015	1.74
107508	1.73
22187	1.71
57296	1.71
22143	1.65
66311	1.60
26440	1.59
28071	1.46
66229	1.43
27397	1.42
56321	1.39
22631	1.33
18538	1.26
21974	1.19
192170	1.12
11461	1.08
235036	1.07
19179	1.07
228026	1.06
216987	1.05
11566	1.03
15331	1.00
22335	0.96
19173	0.93
386649	0.89
77591	0.88
66471	0.83
69527	0.83
17688	0.82
56505	0.74
231329	0.72
15278	0.68
19357	0.67
18648	0.64
67212	0.63
67177	0.55
11799	0.54
11479	0.41
75624	0.41
14679	0.38
17877	0.34
20682	0.32
20020	0.29
110749	0.28
101592	0.26
59029	0.23
110095	0.16
81500	0.12
14056	0.10
57743	0.09
75605	0.08
53421	0.07
21915	0.06
17714	0.06
22289	0.03
108689	-0.01
70465	-0.01
100502766	-0.05
81489	-0.08
14211	-0.10
110816	-0.12
98956	-0.14
74255	-0.14
16468	-0.14
229949	-0.16
81898	-0.18
216850	-0.30
20021	-0.31
27398	-0.32
16551	-0.37
17216	-0.38
20174	-0.42
234388	-0.42
56150	-0.42
66634	-0.46
21379	-0.48
16870	-0.48
18971	-0.54
68743	-0.60
215387	-0.61
214899	-0.64
13806	-0.70
67027	-0.71
20877	-0.71
20591	-0.72
67849	-0.80
76044	-0.83
71147	-0.84
60530	-0.86
19014	-0.87
15161	-0.90
18969	-0.90
12544	-0.90
56421	-0.95
27221	-1.01
382985	-1.01
19361	-1.11
108679	-1.14
23996	-1.21
12181	-1.60
216156	-1.89
56436	-1.93
22273	-2.42
