13669	7.46
18148	6.10
19179	6.00
67204	5.79
28071	5.73
12469	5.58
18813	5.54
56403	5.28
74255	5.26
56321	5.20
55989	5.15
66409	5.11
66471	4.81
386649	4.34
56505	4.14
12465	4.10
16341	4.09
66537	4.06
67089	4.05
12461	3.87
56436	3.79
65019	3.70
66942	3.70
12301	3.62
234388	3.61
216987	3.59
19166	3.50
15387	3.37
192170	3.36
235036	3.32
107508	3.26
101592	3.23
77591	3.23
19933	3.19
15519	3.13
20091	3.09
15481	2.92
59029	2.89
75398	2.87
23996	2.82
66164	2.78
22218	2.75
11566	2.75
19167	2.72
26451	2.72
17688	2.72
75624	2.59
231329	2.59
15510	2.51
26443	2.49
30926	2.28
19989	2.27
26440	2.23
56351	2.20
66229	2.19
68991	2.18
19357	2.08
20104	2.05
19944	2.00
20655	1.98
13681	1.97
20068	1.95
27397	1.94
268449	1.87
73830	1.85
26445	1.77
14109	1.77
19175	1.75
69527	1.72
57296	1.71
17714	1.70
19942	1.70
19173	1.69
20021	1.67
20055	1.66
18538	1.65
24015	1.58
22631	1.55
81898	1.52
70465	1.51
19941	1.50
13629	1.46
108679	1.46
27398	1.42
20054	1.40
75617	1.39
27176	1.33
66235	1.28
22154	1.23
15278	1.22
19951	1.22
13627	1.21
19899	1.20
66480	1.17
11950	1.17
110816	1.12
20918	1.11
67177	1.07
68743	1.06
22166	1.02
16898	1.02
20020	1.01
11799	1.00
16551	0.99
57320	0.99
27207	0.97
14433	0.93
114641	0.90
15528	0.89
14056	0.87
108689	0.85
15161	0.84
16870	0.84
81489	0.82
14211	0.81
17877	0.80
229949	0.78
19361	0.78
69692	0.74
27221	0.69
20174	0.66
18648	0.65
67281	0.63
66197	0.59
11461	0.57
110095	0.55
18969	0.55
66634	0.50
14679	0.49
20682	0.47
56150	0.46
215387	0.45
100502766	0.43
22186	0.40
12181	0.35
216156	0.31
214899	0.30
21974	0.30
67027	0.26
20591	0.24
16468	0.24
22143	0.22
110749	0.20
75605	0.11
12567	0.11
228026	0.09
11949	0.08
22335	0.04
71147	0.02
76044	-0.04
66311	-0.05
67212	-0.09
56421	-0.11
21379	-0.12
98956	-0.14
20877	-0.15
22187	-0.15
21915	-0.18
19014	-0.18
57743	-0.22
15331	-0.22
12857	-0.24
67945	-0.28
22289	-0.34
12544	-0.34
382985	-0.45
67849	-0.52
13806	-0.55
22273	-0.56
216850	-0.66
60530	-0.70
17216	-0.72
11479	-0.72
66242	-0.87
67942	-0.95
53421	-1.25
81500	-1.31
18971	-1.45
