66409	9.22
235036	7.85
66229	7.62
13681	7.28
55989	6.89
110816	6.83
70465	6.82
20021	5.91
24015	5.68
74255	5.65
66942	5.54
18813	5.20
56505	5.17
192170	4.87
12465	4.76
28071	4.68
18148	4.42
12469	4.32
66480	4.30
16341	4.25
19166	4.09
68991	4.01
15528	3.76
108679	3.71
12567	3.71
22218	3.65
27397	3.61
12461	3.61
20091	3.48
75617	3.47
12181	3.39
19167	3.35
19942	3.35
75398	3.26
19989	3.16
59029	3.14
56403	3.14
18538	3.14
26443	3.14
26451	3.12
15387	3.00
20068	2.98
69692	2.93
56351	2.92
19951	2.87
26440	2.86
67204	2.86
65961	2.78
26445	2.76
66537	2.76
66235	2.63
75624	2.62
27207	2.59
27176	2.57
114641	2.51
19175	2.51
30926	2.50
21379	2.49
19173	2.47
216156	2.46
216987	2.44
19941	2.42
12301	2.37
98956	2.36
67281	2.32
20055	2.29
15278	2.28
11566	2.23
268449	2.20
19899	2.20
13627	2.18
56321	2.18
20104	2.17
17714	2.17
65019	2.15
77591	2.10
73830	2.06
67945	2.06
56150	2.05
20054	2.04
19933	1.95
15481	1.94
16898	1.94
22186	1.93
20174	1.91
19944	1.86
21915	1.84
22631	1.83
66311	1.78
18648	1.78
23996	1.75
15519	1.72
67089	1.72
386649	1.70
20918	1.69
66242	1.63
13669	1.63
19179	1.59
57296	1.55
27398	1.51
14109	1.50
11949	1.47
15510	1.45
15331	1.44
22166	1.32
81489	1.28
66197	1.26
12857	1.25
15161	1.12
19014	1.09
67212	1.08
81898	1.06
22143	1.01
107508	0.99
22335	0.98
17688	0.82
67942	0.81
69527	0.81
75605	0.81
229949	0.80
14679	0.79
22154	0.72
20682	0.68
17216	0.67
110749	0.67
53421	0.66
231329	0.65
11950	0.64
228026	0.63
67177	0.58
56436	0.56
66471	0.55
57743	0.45
11461	0.40
214899	0.33
101592	0.29
382985	0.25
67849	0.25
60530	0.24
56421	0.19
67027	0.06
16870	0.06
234388	0.02
12544	0.02
108689	-0.04
20591	-0.05
13806	-0.07
57320	-0.07
11479	-0.10
20877	-0.16
22187	-0.18
11799	-0.28
22289	-0.45
66634	-0.52
17877	-0.54
14433	-0.57
20655	-0.57
13629	-0.60
81500	-0.69
19357	-0.71
19361	-0.72
16468	-0.77
20020	-0.77
16551	-0.82
14056	-0.94
27221	-0.94
100502766	-0.97
110095	-1.05
76044	-1.07
18969	-1.18
68743	-1.18
215387	-1.37
216850	-1.48
14211	-1.53
21974	-1.58
71147	-1.67
22273	-1.90
18971	-2.02
