11799	9.30
56150	8.04
16551	6.73
66311	6.30
20877	6.07
67849	5.49
14211	5.32
22166	4.94
215387	4.94
100502766	4.83
18538	4.40
14056	4.04
12544	3.98
60530	3.89
19357	3.81
68743	3.60
19361	3.12
15528	3.02
75398	2.93
15331	2.85
67177	2.80
76044	2.69
15519	2.56
19942	2.28
21915	2.24
19166	2.21
22218	2.08
22143	1.95
56351	1.94
65019	1.89
20068	1.89
19167	1.84
18648	1.81
19951	1.78
67089	1.75
66480	1.75
67945	1.75
20055	1.73
22154	1.72
14679	1.69
14109	1.69
268449	1.65
66471	1.64
19944	1.61
13681	1.61
66242	1.59
67942	1.58
75617	1.55
26440	1.54
81489	1.54
17216	1.53
110095	1.52
27221	1.51
67204	1.49
18148	1.46
17688	1.46
114641	1.45
66235	1.44
20021	1.41
26451	1.41
22186	1.40
66537	1.36
28071	1.36
67281	1.36
27207	1.36
22631	1.33
15161	1.33
26445	1.32
11566	1.27
66164	1.26
18969	1.25
15387	1.24
66634	1.23
11950	1.22
216850	1.22
16870	1.22
27176	1.16
19899	1.15
68991	1.09
110749	1.05
66229	1.00
74255	0.98
20918	0.98
18971	0.89
192170	0.87
12461	0.87
81898	0.87
20020	0.86
20091	0.85
11949	0.85
20054	0.83
12301	0.82
19989	0.80
12469	0.79
56505	0.75
55989	0.74
19941	0.73
12567	0.73
13627	0.67
20174	0.62
19933	0.60
65961	0.59
71147	0.58
16468	0.58
19173	0.57
26443	0.54
75605	0.52
16341	0.51
20655	0.51
14433	0.50
15278	0.43
20591	0.41
59029	0.31
15510	0.29
66409	0.28
16898	0.17
22187	0.14
229949	0.13
22289	0.12
18813	0.12
12857	0.11
66942	0.08
19175	0.08
20104	0.06
11461	0.06
53421	0.05
20682	0.03
57296	0.03
15481	0.01
22335	-0.01
231329	-0.04
17714	-0.06
234388	-0.07
30926	-0.09
56403	-0.11
19014	-0.15
12465	-0.16
73830	-0.25
235036	-0.30
56421	-0.32
24015	-0.36
228026	-0.36
13806	-0.38
17877	-0.39
21379	-0.40
57320	-0.40
21974	-0.47
13669	-0.48
81500	-0.48
69692	-0.50
108689	-0.50
69527	-0.51
57743	-0.52
214899	-0.63
11479	-0.65
77591	-0.67
108679	-0.71
70465	-0.74
23996	-0.75
67212	-0.77
75624	-0.78
27397	-0.83
382985	-0.84
12181	-0.87
13629	-0.88
216156	-0.95
27398	-1.02
56321	-1.07
67027	-1.12
19179	-1.16
98956	-1.23
216987	-1.24
101592	-1.26
56436	-1.40
22273	-1.59
107508	-1.61
386649	-1.73
110816	-1.89
