66164	7.62
13681	6.98
70465	6.76
12465	6.71
23996	6.27
216987	5.61
18813	5.58
66942	5.48
15481	5.29
74255	5.15
55989	5.09
27397	4.96
66409	4.91
56505	4.87
192170	4.87
19179	4.79
216156	4.75
12181	4.66
24015	4.57
12469	4.53
15387	4.34
12567	4.21
56403	4.10
386649	4.01
26440	3.94
26443	3.92
19175	3.88
110816	3.66
59029	3.63
26445	3.61
235036	3.57
66537	3.54
19173	3.47
19989	3.41
12461	3.40
19166	3.35
20021	3.31
12301	3.26
15510	3.21
20174	3.20
19167	3.18
231329	3.18
22218	3.15
66480	3.10
28071	2.98
27176	2.97
56351	2.91
20091	2.88
18648	2.87
108679	2.79
30926	2.78
67204	2.78
15528	2.75
13627	2.71
21379	2.68
53421	2.68
19899	2.64
14679	2.62
66235	2.55
15519	2.51
22143	2.50
75617	2.50
17714	2.43
75624	2.41
27207	2.39
19951	2.39
67089	2.37
16341	2.35
20591	2.35
19942	2.32
18148	2.24
56436	2.23
20068	2.21
65961	2.19
57320	2.10
20104	2.05
107508	2.05
21915	2.02
22335	2.00
57296	1.98
66242	1.93
27398	1.87
13806	1.86
16898	1.80
73830	1.78
81489	1.75
22154	1.74
11461	1.68
68991	1.67
19941	1.64
98956	1.57
56321	1.55
11950	1.53
67281	1.50
114641	1.50
75398	1.50
20054	1.49
268449	1.48
20055	1.47
81898	1.45
66471	1.44
65019	1.43
77591	1.41
19933	1.39
13669	1.37
26451	1.29
22166	1.24
14109	1.23
18538	1.17
19944	1.15
75605	1.15
67945	1.11
13629	1.08
17688	1.07
66197	1.00
234388	0.99
22186	0.99
15161	0.96
11949	0.88
22273	0.86
22631	0.78
214899	0.65
67212	0.65
15331	0.63
67942	0.62
15278	0.56
16468	0.51
17877	0.44
17216	0.35
20682	0.35
22187	0.25
12857	0.24
11566	0.13
11799	0.12
101592	0.10
16551	0.04
19357	0.03
56150	0.03
20020	0.01
69527	-0.00
19361	-0.04
110095	-0.05
60530	-0.05
108689	-0.09
19014	-0.09
12544	-0.14
69692	-0.14
20877	-0.18
229949	-0.18
56421	-0.19
14211	-0.24
67849	-0.34
14433	-0.37
18971	-0.52
110749	-0.56
228026	-0.57
20655	-0.59
20918	-0.61
68743	-0.64
215387	-0.65
57743	-0.67
216850	-0.73
16870	-0.76
71147	-0.77
81500	-0.87
100502766	-0.91
66311	-0.99
382985	-1.02
27221	-1.10
14056	-1.13
67177	-1.38
67027	-1.51
22289	-1.52
18969	-1.57
21974	-1.73
76044	-1.75
11479	-2.21
66634	-2.34
