67089	7.12
59029	6.12
19167	5.95
12469	5.77
22335	5.67
12301	5.67
26443	5.65
30926	5.65
15387	5.26
22218	4.88
11950	4.82
26440	4.77
12461	4.73
56351	4.67
12465	4.64
67204	4.61
24015	4.58
56403	4.35
216987	4.33
19179	4.30
19166	4.29
19173	4.26
66480	4.23
11566	4.19
16341	4.19
22631	4.12
15519	4.06
70465	3.90
22166	3.79
18813	3.68
234388	3.67
21915	3.60
22143	3.59
15528	3.57
66471	3.45
11949	3.44
19175	3.44
66537	3.43
66409	3.31
15510	3.28
18148	3.24
18538	3.21
57296	3.21
18648	3.18
28071	3.11
22154	3.09
20091	3.01
26445	2.95
23996	2.86
27397	2.86
55989	2.80
57320	2.78
13681	2.74
15481	2.72
66164	2.63
19989	2.60
14679	2.59
66229	2.55
12181	2.53
67212	2.53
386649	2.47
56505	2.46
20104	2.44
66311	2.41
75398	2.33
67942	2.30
19942	2.22
26451	2.21
74255	2.16
69692	2.15
73830	2.14
16898	2.14
20068	2.12
19357	2.11
12857	2.11
20021	2.11
216156	2.07
19944	2.06
15161	2.03
19899	2.02
114641	2.02
65019	1.99
231329	1.96
75617	1.94
27176	1.90
13627	1.89
268449	1.88
20055	1.87
19933	1.87
108679	1.86
15331	1.84
19951	1.82
14433	1.80
56436	1.79
192170	1.79
13806	1.78
13629	1.77
21974	1.77
20174	1.76
75624	1.74
13669	1.73
20054	1.73
20918	1.68
107508	1.65
20655	1.64
66242	1.61
12567	1.52
68991	1.47
19941	1.47
66197	1.44
22273	1.43
14109	1.41
27207	1.39
57743	1.35
67945	1.31
17714	1.30
65961	1.28
67281	1.27
18971	1.27
110816	1.25
56321	1.18
22186	1.16
56150	1.09
110749	1.06
11461	1.06
66634	1.03
19361	0.93
17688	0.92
27398	0.83
228026	0.79
77591	0.78
66942	0.73
81898	0.71
21379	0.70
15278	0.68
56421	0.65
67027	0.56
14211	0.54
69527	0.47
235036	0.46
17216	0.42
20591	0.36
19014	0.36
17877	0.36
20682	0.29
98956	0.28
22289	0.28
16468	0.15
67177	0.14
14056	0.11
11479	0.06
22187	0.01
382985	-0.03
76044	-0.05
71147	-0.05
81489	-0.05
229949	-0.07
16870	-0.08
53421	-0.22
11799	-0.28
67849	-0.39
68743	-0.43
18969	-0.59
101592	-0.63
27221	-0.66
100502766	-0.70
60530	-0.80
20877	-0.81
215387	-0.91
216850	-0.98
20020	-1.02
108689	-1.13
16551	-1.20
110095	-1.24
12544	-1.30
214899	-1.31
75605	-1.40
81500	-1.43
