67942	9.40
12857	7.47
19942	6.71
67212	6.48
20068	6.47
27397	6.27
11949	6.12
15528	6.11
22186	6.03
19951	5.79
67281	5.76
20054	5.63
75617	5.61
14109	5.49
57320	5.48
67945	5.46
27207	5.43
19173	5.34
19899	5.18
19166	5.14
66480	5.14
114641	5.12
73830	5.09
27398	5.05
268449	5.05
26451	4.99
20055	4.91
26445	4.87
19175	4.87
11950	4.82
19941	4.67
66537	4.63
22166	4.58
75398	4.51
65019	4.30
26443	4.20
19944	4.19
19989	4.14
20091	3.89
68991	3.85
30926	3.73
27176	3.65
22335	3.44
19167	3.41
26440	3.28
20021	3.20
19933	2.88
69692	2.76
20655	2.62
16341	2.42
14433	2.30
22273	2.15
67089	2.12
69527	2.10
66311	2.09
71147	2.08
12465	2.08
67204	2.08
21915	2.04
22218	2.01
16898	1.99
67027	1.95
20918	1.93
66229	1.93
57296	1.82
22143	1.77
66164	1.63
66235	1.61
66197	1.59
59029	1.52
21379	1.48
12567	1.43
13627	1.28
22154	1.09
23996	1.03
108679	0.99
21974	0.93
66409	0.93
15331	0.91
18648	0.89
18148	0.87
15510	0.87
228026	0.86
15278	0.84
18971	0.83
66942	0.81
19179	0.80
382985	0.76
229949	0.71
66634	0.59
20104	0.58
107508	0.53
56351	0.52
15481	0.50
234388	0.48
12461	0.48
13629	0.44
13806	0.43
56421	0.34
74255	0.31
214899	0.30
108689	0.29
28071	0.28
13681	0.27
11461	0.26
216156	0.26
20591	0.26
20174	0.23
76044	0.23
110095	0.19
81898	0.19
15519	0.18
15161	0.18
14211	0.15
12301	0.14
20020	0.14
192170	0.13
22187	0.08
17688	0.07
18538	0.06
11799	0.04
386649	0.03
22289	-0.01
19357	-0.03
17877	-0.03
56150	-0.07
12469	-0.10
16870	-0.12
231329	-0.21
18813	-0.27
17714	-0.29
98956	-0.39
60530	-0.40
16468	-0.43
12544	-0.43
81500	-0.49
100502766	-0.53
57743	-0.53
17216	-0.56
77591	-0.57
53421	-0.59
75605	-0.63
216850	-0.63
14056	-0.64
110816	-0.66
19014	-0.67
67177	-0.68
11566	-0.69
81489	-0.74
55989	-0.74
68743	-0.75
216987	-0.78
56436	-0.80
22631	-0.80
19361	-0.83
20682	-0.85
66471	-0.86
56505	-0.87
65961	-0.87
16551	-0.88
110749	-0.89
13669	-0.92
67849	-0.93
70465	-0.94
20877	-0.98
24015	-0.98
18969	-1.02
14679	-1.10
215387	-1.17
235036	-1.21
27221	-1.22
75624	-1.22
101592	-1.30
11479	-1.30
12181	-1.53
15387	-1.61
56403	-1.73
56321	-1.87
