21915	7.96
11799	6.47
66197	6.30
56150	5.99
19361	4.76
12544	4.55
14211	4.42
66634	4.38
69692	4.32
15331	4.31
67945	4.13
20877	4.09
67849	3.93
110749	3.64
16551	3.57
100502766	3.51
215387	3.40
22166	3.36
18538	3.34
67281	3.06
76044	3.04
27221	2.96
60530	2.88
68743	2.81
19942	2.79
20068	2.79
66471	2.66
19951	2.63
67177	2.50
16898	2.47
66235	2.41
19944	2.37
75617	2.30
20055	2.29
14056	2.16
22143	2.16
66480	2.13
20054	2.11
66242	2.09
67204	2.06
67212	2.06
18971	2.03
22186	2.01
67942	2.01
19357	1.97
75398	1.95
268449	1.95
114641	1.89
14109	1.80
66164	1.78
19167	1.78
19941	1.70
16870	1.70
27176	1.66
22154	1.66
19173	1.62
65019	1.60
19166	1.57
26445	1.55
19175	1.54
17216	1.50
20655	1.45
27207	1.44
26440	1.43
19899	1.37
56351	1.37
16341	1.36
15161	1.36
26451	1.29
234388	1.29
66537	1.29
69527	1.27
22218	1.27
18969	1.25
15528	1.23
30926	1.22
18148	1.16
13806	1.14
27398	1.12
59029	1.07
228026	1.06
26443	1.02
55989	1.02
19989	1.01
68991	0.97
11950	0.81
57743	0.79
12181	0.68
12567	0.67
19933	0.66
77591	0.66
12857	0.66
20174	0.65
229949	0.63
216156	0.60
192170	0.59
18813	0.58
56505	0.52
67027	0.51
12461	0.48
20091	0.44
53421	0.43
73830	0.42
12301	0.38
57320	0.35
110816	0.35
382985	0.34
11949	0.34
57296	0.33
21379	0.32
11566	0.32
67089	0.31
20918	0.26
14433	0.25
56403	0.24
17688	0.18
27397	0.16
21974	0.15
56421	0.12
108689	0.11
214899	0.08
18648	0.02
14679	0.01
13681	0.00
66942	0.00
74255	-0.00
56321	-0.00
20021	-0.00
70465	-0.02
65961	-0.05
20020	-0.07
24015	-0.08
28071	-0.15
110095	-0.16
13669	-0.17
22631	-0.21
11461	-0.21
235036	-0.21
71147	-0.24
81500	-0.26
13627	-0.27
101592	-0.28
81898	-0.30
75624	-0.34
22273	-0.35
22289	-0.35
66409	-0.35
22187	-0.36
19179	-0.38
19014	-0.38
13629	-0.39
22335	-0.39
17877	-0.39
56436	-0.41
107508	-0.46
16468	-0.46
11479	-0.50
15519	-0.52
12469	-0.54
15387	-0.64
12465	-0.67
81489	-0.72
17714	-0.74
20682	-0.74
20591	-0.78
108679	-0.79
231329	-0.81
23996	-0.96
98956	-0.97
66229	-0.99
216850	-1.03
15278	-1.20
15510	-1.21
75605	-1.22
216987	-1.29
20104	-1.41
386649	-1.89
15481	-2.08
