55989	12.13
12469	10.20
18148	9.88
66942	9.54
66164	9.22
13681	9.19
18813	9.13
24015	8.26
235036	8.06
67204	8.01
16341	7.77
12461	7.54
12465	7.50
67089	7.10
15510	6.88
15387	6.63
107508	6.57
74255	6.51
70465	6.36
13669	6.23
28071	5.60
192170	5.20
65961	5.11
12301	5.07
56505	4.97
56403	4.96
15519	4.91
66229	4.91
216987	4.87
59029	4.87
22218	4.87
19179	4.76
26440	4.74
19166	4.68
15481	4.67
15528	4.60
75398	4.60
18538	4.47
20021	4.41
110816	4.37
77591	4.21
56321	4.14
56351	4.06
15278	4.05
11566	4.02
19167	4.00
108679	3.97
30926	3.90
26443	3.86
12567	3.83
20091	3.72
20174	3.63
81898	3.63
26445	3.60
66480	3.54
98956	3.54
21379	3.49
19989	3.42
12181	3.35
66235	3.31
75624	3.26
386649	3.24
231329	3.21
69527	2.99
23996	2.94
13627	2.80
27397	2.80
101592	2.75
11949	2.73
56436	2.60
56150	2.56
22335	2.56
22631	2.55
20918	2.53
75617	2.53
17688	2.50
27176	2.48
65019	2.44
19944	2.40
20104	2.39
19933	2.38
216156	2.37
19942	2.35
66537	2.26
57296	2.22
19951	2.18
17714	2.14
19899	2.10
68991	2.06
268449	2.05
11950	2.04
19175	2.01
14679	1.94
17216	1.82
20068	1.81
73830	1.81
66634	1.80
21974	1.71
27398	1.68
57320	1.58
26451	1.57
69692	1.53
14056	1.53
27207	1.50
110749	1.48
20054	1.38
18648	1.36
13629	1.35
15331	1.34
66471	1.30
19941	1.29
20055	1.25
114641	1.18
16898	1.14
19014	1.12
67177	1.10
14433	1.04
228026	1.04
12544	1.03
67942	0.97
67281	0.96
67027	0.94
22289	0.93
66242	0.93
22154	0.92
15161	0.88
57743	0.85
229949	0.78
14109	0.75
19173	0.69
17877	0.64
13806	0.61
22186	0.58
19357	0.48
22187	0.41
20682	0.37
60530	0.34
53421	0.32
18969	0.28
66197	0.28
67212	0.27
14211	0.22
216850	0.20
19361	0.20
215387	0.18
108689	0.16
22166	0.15
22143	0.12
81489	0.11
20655	0.04
16468	-0.02
27221	-0.09
56421	-0.12
21915	-0.16
76044	-0.20
20020	-0.20
67945	-0.22
110095	-0.23
16551	-0.23
75605	-0.30
214899	-0.31
382985	-0.32
68743	-0.34
20591	-0.35
66311	-0.35
11461	-0.37
67849	-0.41
16870	-0.50
11799	-0.53
81500	-0.62
22273	-0.69
18971	-0.85
12857	-0.89
20877	-1.27
234388	-1.28
71147	-1.37
11479	-1.46
100502766	-1.60
