56403	7.58
216987	5.07
65961	4.81
13669	4.57
19357	4.54
18813	4.44
56505	4.32
15387	4.21
56321	4.18
18148	4.10
27221	4.01
15331	3.96
234388	3.78
386649	3.74
55989	3.72
19179	3.70
77591	3.61
66235	3.45
17216	3.37
21915	3.33
18538	3.23
14056	3.06
15510	3.02
56150	2.93
76044	2.92
192170	2.90
69692	2.67
66311	2.66
68743	2.66
12544	2.64
66634	2.50
14211	2.50
231329	2.49
22154	2.47
15161	2.46
12469	2.37
18971	2.36
107508	2.35
100502766	2.32
22143	2.30
56421	2.24
14433	2.19
19361	2.19
20174	2.13
67204	2.10
98956	2.10
15519	2.09
59029	2.00
13681	1.98
18969	1.89
69527	1.86
20655	1.83
12301	1.80
16551	1.76
22631	1.73
67089	1.73
23996	1.68
17688	1.66
66942	1.65
382985	1.65
12465	1.64
66197	1.64
11461	1.63
74255	1.63
13806	1.60
12567	1.54
66537	1.51
20055	1.49
24015	1.44
66229	1.44
19173	1.44
13629	1.41
12461	1.41
215387	1.41
57320	1.38
81898	1.37
16468	1.37
108689	1.33
21974	1.31
66409	1.30
56351	1.26
27176	1.25
20091	1.19
14679	1.14
11799	1.12
20020	1.06
22218	1.06
18648	1.05
20054	1.03
20021	1.02
19933	1.00
19166	1.00
70465	0.96
19175	0.94
20877	0.93
60530	0.90
16898	0.87
26445	0.85
65019	0.83
75624	0.77
67942	0.73
101592	0.70
216850	0.68
15481	0.65
19899	0.64
110816	0.62
110749	0.62
28071	0.61
22166	0.61
67945	0.58
26440	0.58
20682	0.58
214899	0.56
22187	0.56
66164	0.55
235036	0.54
15528	0.54
19944	0.53
21379	0.53
53421	0.51
11950	0.48
19167	0.46
20068	0.45
67849	0.43
73830	0.43
228026	0.41
20591	0.39
67177	0.39
19942	0.33
19989	0.32
12181	0.27
27398	0.26
71147	0.23
268449	0.23
110095	0.14
56436	0.12
19014	0.11
14109	0.07
22273	0.07
16341	0.05
229949	0.05
66480	0.03
20104	0.01
75617	-0.04
216156	-0.05
13627	-0.06
27207	-0.08
22186	-0.15
67281	-0.15
11566	-0.15
108679	-0.21
20918	-0.21
26443	-0.23
17877	-0.24
19951	-0.27
16870	-0.27
26451	-0.28
12857	-0.31
22335	-0.34
81500	-0.43
19941	-0.48
11949	-0.51
57296	-0.55
22289	-0.55
67212	-0.63
67027	-0.69
75398	-0.71
66242	-0.86
57743	-0.90
114641	-1.02
81489	-1.03
15278	-1.05
68991	-1.09
11479	-1.19
27397	-1.43
75605	-1.61
17714	-1.63
30926	-1.73
