19989	19.39
27176	19.04
19951	18.73
268449	18.59
20091	17.89
27207	17.67
20068	17.61
26451	17.48
75617	17.40
19899	17.16
19942	17.02
114641	16.79
13627	15.94
65019	15.67
20055	15.55
20054	15.52
67281	15.24
67945	14.80
19941	14.77
22186	14.36
19944	14.25
19933	13.46
14109	13.45
73830	13.04
16341	12.70
13629	10.83
67942	10.67
18148	10.57
16898	9.96
12461	8.84
20104	8.45
12465	8.32
12857	7.12
15528	6.89
30926	6.83
11949	6.35
13681	6.14
22154	5.86
12567	5.79
19166	5.78
19167	5.48
67204	5.27
66242	5.14
15481	4.86
26445	4.83
22218	4.72
14433	4.60
19175	4.58
12469	4.46
66164	4.30
57320	4.29
18813	4.23
66235	4.23
56351	4.22
15387	4.21
22166	4.16
22143	4.08
11950	4.05
26443	4.04
22187	3.98
75398	3.87
19173	3.83
20655	3.81
66537	3.79
67089	3.62
20918	3.60
66409	3.54
15331	3.54
12301	3.19
26440	3.18
57296	3.15
68991	3.10
66229	3.10
11461	3.07
192170	3.00
55989	2.99
22335	2.94
69692	2.92
13669	2.86
27397	2.84
15519	2.49
18538	2.47
28071	2.45
24015	2.34
22631	2.33
59029	2.27
20021	2.24
66311	2.13
21915	2.00
21974	1.94
13806	1.86
18648	1.83
81898	1.79
66197	1.75
11566	1.64
20174	1.54
66942	1.52
15510	1.48
107508	1.43
74255	1.39
56403	1.31
69527	1.25
19357	1.21
235036	1.18
65961	1.17
56505	1.16
70465	1.15
386649	1.12
23996	1.04
228026	1.04
108679	0.90
14679	0.85
11479	0.82
19179	0.78
100502766	0.73
216156	0.71
108689	0.67
20682	0.61
77591	0.60
81489	0.55
67212	0.54
110816	0.47
15161	0.46
17216	0.45
53421	0.43
12181	0.36
27398	0.36
75605	0.35
57743	0.32
67177	0.32
16870	0.32
15278	0.31
14211	0.31
56150	0.30
75624	0.29
98956	0.28
229949	0.22
17877	0.19
22289	0.16
17714	0.13
16468	0.08
231329	0.08
22273	0.04
66471	0.03
216987	-0.00
110749	-0.02
214899	-0.05
81500	-0.09
17688	-0.10
18971	-0.15
67027	-0.17
20591	-0.18
216850	-0.21
14056	-0.22
20020	-0.30
16551	-0.34
11799	-0.38
21379	-0.38
56421	-0.45
234388	-0.47
66634	-0.48
56321	-0.59
19014	-0.59
110095	-0.62
19361	-0.66
60530	-0.71
20877	-0.73
68743	-0.78
215387	-0.78
382985	-0.88
101592	-0.96
76044	-0.97
67849	-1.09
12544	-1.15
71147	-1.16
56436	-1.53
18969	-1.55
27221	-1.66
