19166	13.28
26445	11.54
19175	10.35
22166	9.96
19167	9.79
19179	9.35
26443	9.06
26440	9.03
23996	7.78
19173	7.39
59029	6.88
57320	6.56
22218	6.09
386649	5.79
68991	5.67
15528	5.59
19942	5.51
57296	5.24
75617	5.19
12857	5.13
67089	5.02
11950	5.02
12469	4.98
11949	4.89
20655	4.80
30926	4.70
73830	4.67
66242	4.63
65019	4.50
12465	4.49
234388	4.45
20068	4.43
27207	4.33
20091	4.25
14109	4.08
65961	4.06
114641	4.03
19951	4.01
67281	4.00
27397	3.91
67942	3.91
26451	3.91
67204	3.89
67945	3.86
19933	3.83
19989	3.82
13681	3.82
66480	3.79
19941	3.76
22187	3.73
15481	3.71
22143	3.70
22335	3.65
22631	3.62
66229	3.54
11461	3.53
67212	3.50
66235	3.43
74255	3.42
19944	3.38
15519	3.34
12301	3.32
20055	3.26
268449	3.25
75398	3.17
20054	3.14
12461	3.10
22186	3.10
19899	3.07
14433	2.99
18813	2.95
18148	2.94
18648	2.91
15387	2.78
66164	2.76
27176	2.65
56436	2.53
20021	2.50
22154	2.39
16341	2.37
56505	2.29
66409	2.26
56351	2.25
18538	2.12
75624	1.89
15510	1.86
107508	1.84
216987	1.83
108679	1.74
69692	1.74
192170	1.73
15331	1.64
13669	1.53
66471	1.51
13806	1.45
20918	1.42
27398	1.42
66197	1.36
12567	1.30
16898	1.29
66311	1.29
81898	1.25
21915	1.24
66942	1.20
13627	1.06
216156	1.05
11799	0.94
16870	0.81
56403	0.78
231329	0.72
20104	0.72
17688	0.62
53421	0.47
55989	0.46
17877	0.42
14211	0.42
101592	0.39
28071	0.32
56150	0.30
16468	0.29
14679	0.28
22273	0.24
27221	0.22
15161	0.19
12181	0.17
108689	0.17
20591	0.14
81489	0.13
11566	0.13
69527	0.08
24015	0.05
19357	0.03
11479	-0.03
229949	-0.10
20174	-0.12
17714	-0.19
20682	-0.19
110749	-0.24
70465	-0.29
56421	-0.30
57743	-0.32
110816	-0.33
19361	-0.34
215387	-0.37
18969	-0.37
14056	-0.38
13629	-0.38
77591	-0.39
67849	-0.41
71147	-0.44
81500	-0.51
56321	-0.53
110095	-0.54
12544	-0.55
21974	-0.56
17216	-0.65
228026	-0.66
19014	-0.75
66634	-0.81
100502766	-0.83
16551	-0.86
15278	-0.89
98956	-0.92
20020	-0.95
76044	-0.98
382985	-1.01
75605	-1.02
60530	-1.03
20877	-1.08
68743	-1.16
235036	-1.17
214899	-1.19
22289	-1.36
216850	-1.48
18971	-1.61
67177	-1.61
21379	-1.63
67027	-1.70
