19361	8.47
12544	7.68
27221	6.76
76044	6.64
18971	6.47
60530	6.22
56150	6.10
17216	5.82
14211	5.70
18538	5.52
17688	4.50
66311	4.38
68743	4.18
215387	4.15
18969	4.08
110749	3.87
14056	3.85
67177	3.76
100502766	3.29
21915	2.91
108689	2.81
16551	2.80
15331	2.76
67849	2.64
19357	2.59
66471	2.50
15519	2.38
15510	2.23
20877	2.15
216987	2.11
107508	1.82
66409	1.80
22143	1.71
77591	1.60
18148	1.59
71147	1.59
55989	1.51
18813	1.44
59029	1.42
66942	1.42
56321	1.40
228026	1.32
20174	1.28
56505	1.27
66197	1.23
13806	1.20
24015	1.20
26440	1.18
231329	1.16
69527	1.14
67204	1.12
13669	1.07
67089	1.04
110816	1.03
66235	1.03
22154	1.02
57743	0.95
12301	0.95
67027	0.93
12461	0.92
11799	0.89
67942	0.82
21974	0.80
27398	0.74
16870	0.73
67212	0.73
98956	0.73
70465	0.72
12469	0.71
110095	0.70
101592	0.67
18648	0.66
66242	0.59
69692	0.54
14433	0.52
65961	0.50
15528	0.50
21379	0.50
13681	0.46
382985	0.36
56351	0.36
16341	0.33
22289	0.30
28071	0.30
81500	0.26
56403	0.26
68991	0.25
11566	0.25
20020	0.18
229949	0.18
30926	0.11
22166	0.11
19179	0.04
22335	0.04
56421	0.03
12567	0.01
15481	-0.02
235036	-0.05
11949	-0.07
108679	-0.07
22218	-0.07
15278	-0.09
75398	-0.13
16898	-0.13
20104	-0.17
12181	-0.18
15161	-0.19
12465	-0.21
26443	-0.26
216156	-0.30
27397	-0.31
15387	-0.31
17877	-0.32
11479	-0.35
74255	-0.36
11950	-0.37
20068	-0.37
17714	-0.45
65019	-0.46
75624	-0.47
66480	-0.48
19989	-0.48
66164	-0.52
20021	-0.53
268449	-0.53
26445	-0.54
19944	-0.55
19951	-0.59
19173	-0.61
20682	-0.63
57320	-0.63
22631	-0.63
23996	-0.66
19166	-0.66
20091	-0.70
192170	-0.70
81489	-0.71
22186	-0.71
20054	-0.72
20918	-0.76
13627	-0.76
16468	-0.77
19014	-0.77
20655	-0.78
114641	-0.78
27176	-0.79
19167	-0.81
66537	-0.81
234388	-0.81
19175	-0.83
19941	-0.83
22187	-0.84
386649	-0.86
216850	-0.86
53421	-0.87
26451	-0.89
14679	-0.92
67945	-0.94
19933	-0.94
11461	-0.96
67281	-0.98
73830	-0.99
20055	-1.00
19942	-1.03
214899	-1.03
75617	-1.08
81898	-1.09
57296	-1.12
19899	-1.12
13629	-1.12
20591	-1.21
22273	-1.22
56436	-1.50
27207	-1.52
14109	-1.54
12857	-1.62
75605	-2.03
66229	-2.34
