55989	9.66
66409	9.54
18813	7.68
56505	6.63
110816	6.44
107508	6.21
192170	6.14
70465	6.12
67204	6.02
12465	5.85
13681	5.66
12461	5.65
20174	5.60
66164	5.54
12469	5.53
66229	5.48
235036	5.45
18148	5.39
13669	5.19
56321	5.19
216987	5.13
28071	4.82
12181	4.80
15510	4.69
15519	4.66
77591	4.65
231329	4.59
101592	4.48
98956	4.42
108679	4.24
74255	4.21
19179	4.07
24015	3.95
16341	3.80
12567	3.76
15528	3.75
65961	3.70
56403	3.50
386649	3.50
15387	3.37
18538	3.07
216156	2.94
17688	2.87
21379	2.84
23996	2.76
19942	2.73
15481	2.72
27397	2.61
75617	2.57
17216	2.55
59029	2.55
268449	2.44
75624	2.43
30926	2.42
20020	2.42
67281	2.41
114641	2.32
20068	2.32
20055	2.31
20054	2.29
19989	2.24
19933	2.23
56436	2.21
81898	2.20
19899	2.16
22143	2.14
19944	2.12
26443	2.11
14109	2.10
20091	2.09
15278	2.02
19166	1.98
65019	1.97
27207	1.97
26445	1.95
20021	1.93
19951	1.89
26451	1.89
19941	1.86
11566	1.86
56351	1.80
67945	1.76
12301	1.68
53421	1.65
66471	1.65
26440	1.62
75605	1.59
14056	1.58
14211	1.52
67089	1.52
66480	1.52
108689	1.48
73830	1.44
66634	1.42
13627	1.40
57320	1.27
15161	1.27
21915	1.25
20918	1.24
66537	1.20
20104	1.17
27176	1.17
69692	1.14
75398	1.13
19167	1.12
18971	1.01
22186	0.97
19357	0.96
16898	0.96
12544	0.93
11461	0.89
13629	0.85
22154	0.84
22631	0.82
18969	0.82
67177	0.81
66242	0.81
81489	0.75
66235	0.73
18648	0.71
67212	0.61
20682	0.55
20591	0.54
19173	0.54
19361	0.54
13806	0.54
69527	0.52
81500	0.51
229949	0.50
14433	0.49
67942	0.47
22166	0.44
14679	0.44
17877	0.41
22218	0.39
57296	0.38
16468	0.33
27221	0.33
27398	0.30
22335	0.18
56150	0.17
110749	0.15
17714	0.14
216850	0.14
60530	0.12
66197	0.08
68991	0.07
67027	0.06
56421	0.03
215387	0.02
66311	0.00
19175	-0.05
68743	-0.10
100502766	-0.10
214899	-0.18
19014	-0.19
22289	-0.23
67849	-0.24
21974	-0.26
71147	-0.28
22187	-0.30
20655	-0.32
234388	-0.42
76044	-0.45
228026	-0.59
57743	-0.67
110095	-0.69
16870	-0.73
15331	-0.73
11799	-0.77
16551	-0.80
382985	-0.84
11479	-0.84
11949	-1.01
20877	-1.11
22273	-1.37
12857	-1.57
11950	-1.83
