108679	3.67
22335	3.38
11949	3.26
20021	3.11
27398	2.71
20918	2.71
17714	2.54
69527	2.50
75624	2.43
22273	2.42
19014	2.22
214899	2.07
81500	2.00
107508	1.97
66242	1.95
13629	1.92
67212	1.78
74255	1.68
15278	1.67
22187	1.67
228026	1.57
75398	1.52
75605	1.49
57296	1.48
56505	1.44
57743	1.44
57320	1.40
16341	1.36
231329	1.34
69692	1.33
19179	1.26
108689	1.20
30926	1.19
216156	1.13
56436	1.10
21379	0.98
77591	0.96
382985	0.95
14056	0.94
66409	0.94
66634	0.93
20655	0.88
110749	0.85
12544	0.82
20174	0.81
18971	0.81
56321	0.80
22154	0.80
18969	0.80
67204	0.79
19357	0.79
56421	0.76
19167	0.75
26443	0.74
73830	0.72
12461	0.71
67942	0.71
98956	0.59
101592	0.59
67849	0.57
71147	0.57
67177	0.57
66235	0.56
215387	0.53
12465	0.52
66311	0.51
386649	0.49
20877	0.47
19951	0.45
67089	0.43
11950	0.42
11479	0.40
81898	0.40
192170	0.39
17877	0.35
56150	0.34
76044	0.33
14433	0.32
12857	0.29
22218	0.29
65961	0.26
53421	0.26
68743	0.25
13627	0.25
268449	0.22
27221	0.22
19175	0.19
75617	0.12
66942	0.06
59029	0.06
66164	0.06
22289	0.00
110816	-0.02
81489	-0.02
19989	-0.09
27207	-0.11
22186	-0.11
16468	-0.12
56351	-0.13
15331	-0.14
20091	-0.17
66480	-0.17
19941	-0.18
11566	-0.21
20068	-0.24
17216	-0.24
26440	-0.25
234388	-0.25
22631	-0.29
216987	-0.29
15387	-0.32
19942	-0.37
27397	-0.37
27176	-0.39
17688	-0.40
67281	-0.40
16898	-0.44
110095	-0.44
70465	-0.47
23996	-0.49
114641	-0.51
15161	-0.51
18148	-0.51
28071	-0.53
20054	-0.55
20020	-0.55
60530	-0.57
19933	-0.58
19899	-0.61
16551	-0.61
68991	-0.63
16870	-0.64
26445	-0.64
19361	-0.66
18538	-0.67
66471	-0.69
19166	-0.70
65019	-0.71
13669	-0.75
12469	-0.76
20104	-0.79
19944	-0.81
229949	-0.82
14109	-0.84
26451	-0.84
18813	-0.89
15510	-0.92
11799	-0.95
15481	-0.95
20682	-0.99
20055	-0.99
19173	-1.01
67945	-1.02
12301	-1.04
100502766	-1.04
66197	-1.12
21915	-1.12
13806	-1.14
11461	-1.17
12181	-1.18
12567	-1.24
24015	-1.27
14679	-1.30
216850	-1.45
21974	-1.48
22143	-1.49
18648	-1.49
66229	-1.51
20591	-1.53
13681	-1.64
56403	-1.69
235036	-1.69
66537	-1.70
55989	-1.91
22166	-2.16
15528	-2.27
14211	-2.31
15519	-2.60
