26440	14.00
59029	13.17
19167	12.77
19166	10.61
67204	10.15
12469	9.89
26443	9.24
19179	9.23
16341	8.09
12301	7.80
11950	7.47
23996	7.27
66235	7.12
66409	7.10
22335	7.05
12461	6.86
75398	6.76
12465	6.76
22218	6.70
19175	6.52
15519	6.44
74255	6.42
15387	6.41
26445	6.27
24015	5.99
18148	5.89
19173	5.78
386649	5.75
56436	5.43
11949	5.34
15510	5.31
66537	5.02
30926	4.99
15481	4.88
13681	4.85
57296	4.66
107508	4.48
13669	4.42
22166	4.25
65961	4.05
18813	3.96
56351	3.96
15528	3.95
55989	3.94
81898	3.78
21974	3.76
19989	3.74
66480	3.62
17714	3.49
20021	3.49
56403	3.48
75624	3.47
68991	3.44
28071	3.27
216987	3.15
14679	3.03
20091	2.99
18538	2.94
231329	2.94
19357	2.86
69527	2.76
22154	2.65
11566	2.65
192170	2.46
56505	2.43
66229	2.37
77591	2.30
22187	2.16
66242	2.12
27176	2.08
18648	2.05
65019	2.04
22631	2.04
57743	2.03
13627	2.00
14433	1.90
19942	1.85
20918	1.85
108679	1.79
22273	1.77
66197	1.75
67942	1.73
66471	1.73
66164	1.72
73830	1.67
12567	1.67
20174	1.65
14211	1.57
57320	1.52
66942	1.52
56150	1.41
19941	1.37
20655	1.35
75617	1.32
268449	1.32
70465	1.27
22143	1.21
27398	1.17
20068	1.16
15331	1.12
19951	1.12
15161	1.09
234388	1.07
66634	1.04
15278	1.00
56321	0.96
69692	0.96
17688	0.93
19933	0.88
27397	0.87
17877	0.85
216156	0.84
13629	0.81
12857	0.81
13806	0.73
19899	0.71
22289	0.70
67212	0.69
20591	0.69
20104	0.67
14056	0.65
114641	0.64
19944	0.62
27207	0.58
12181	0.49
71147	0.48
26451	0.48
18969	0.45
16898	0.43
67027	0.43
98956	0.43
56421	0.43
16870	0.40
21379	0.39
66311	0.31
18971	0.30
11461	0.20
22186	0.19
216850	0.17
20054	0.16
12544	0.15
20055	0.12
67177	0.12
14109	0.10
67281	0.03
16551	0.03
20020	0.02
76044	0.01
101592	-0.00
100502766	-0.01
382985	-0.08
110095	-0.11
108689	-0.14
81489	-0.17
228026	-0.21
19014	-0.22
11479	-0.27
17216	-0.28
68743	-0.28
19361	-0.33
67945	-0.33
60530	-0.33
53421	-0.34
215387	-0.34
21915	-0.35
75605	-0.39
214899	-0.45
110816	-0.47
110749	-0.48
16468	-0.54
11799	-0.55
229949	-0.58
235036	-0.58
20682	-0.81
20877	-1.19
67849	-1.76
27221	-1.84
81500	-2.02
