17216	11.88
110749	9.38
18538	7.70
18971	7.69
19361	6.36
17688	6.19
27221	6.16
60530	5.69
18969	5.43
12544	5.33
76044	5.14
67849	4.37
56150	4.21
215387	4.05
14056	3.85
66634	3.76
14211	3.20
20877	3.18
100502766	3.08
235036	3.08
66197	2.80
22154	2.78
22143	2.62
66311	2.50
19357	2.44
11799	2.42
21915	2.34
28071	2.16
192170	1.98
21379	1.96
18148	1.91
12567	1.89
20020	1.63
56321	1.50
18813	1.41
15161	1.40
15510	1.38
55989	1.34
20055	1.32
56436	1.31
11566	1.30
16551	1.27
13629	1.23
13669	1.21
19899	1.21
27398	1.20
15519	1.17
66409	1.10
65961	1.07
16898	1.06
12469	1.03
15331	1.02
107508	0.97
15387	0.88
22166	0.85
18648	0.84
56351	0.84
53421	0.83
66942	0.81
14109	0.77
216850	0.76
110816	0.72
22273	0.72
228026	0.71
17714	0.70
19944	0.68
68743	0.66
20174	0.65
108689	0.62
20091	0.59
15528	0.58
66164	0.58
19951	0.57
67027	0.57
65019	0.55
22186	0.53
13681	0.52
12461	0.47
216156	0.44
20682	0.44
13627	0.44
19942	0.41
22289	0.40
66471	0.39
67204	0.38
27176	0.36
70465	0.32
66480	0.32
20054	0.31
16870	0.31
20104	0.30
26451	0.28
20021	0.27
81489	0.24
27207	0.22
20918	0.16
22631	0.15
66235	0.14
67089	0.12
11479	0.11
214899	0.11
16468	0.10
19933	0.10
268449	0.09
67281	0.07
19989	0.06
26440	0.04
14679	0.04
12181	0.04
24015	0.04
16341	0.02
17877	0.01
67942	0.00
81898	-0.02
229949	-0.03
67945	-0.03
101592	-0.06
114641	-0.08
74255	-0.09
13806	-0.09
23996	-0.10
12301	-0.10
75617	-0.10
19941	-0.10
14433	-0.14
19014	-0.16
20068	-0.19
56505	-0.21
77591	-0.22
73830	-0.25
56403	-0.27
19166	-0.29
234388	-0.30
231329	-0.31
57296	-0.34
15278	-0.35
22187	-0.36
71147	-0.39
69527	-0.39
98956	-0.39
110095	-0.42
21974	-0.43
20655	-0.46
27397	-0.47
108679	-0.49
12465	-0.50
56421	-0.52
11461	-0.59
75398	-0.62
216987	-0.62
66242	-0.68
68991	-0.68
75624	-0.68
19175	-0.69
20591	-0.69
11950	-0.70
22335	-0.71
15481	-0.73
59029	-0.74
11949	-0.74
19173	-0.80
57743	-0.86
12857	-0.90
22218	-0.91
81500	-0.95
26445	-1.02
69692	-1.06
19179	-1.07
26443	-1.13
57320	-1.33
386649	-1.34
19167	-1.38
66229	-1.38
382985	-1.56
66537	-1.61
30926	-1.81
67212	-1.83
75605	-1.92
