67089	10.15
107508	9.19
18148	8.65
55989	8.43
13669	8.02
66409	8.01
16341	7.82
15519	7.53
19167	7.38
12469	6.56
12461	6.34
19179	6.29
24015	6.14
66942	6.02
65019	5.91
28071	5.88
59029	5.82
65961	5.79
12465	5.74
19166	5.59
12301	5.54
26443	5.54
18813	5.49
56351	5.41
22335	5.40
19942	5.32
22218	5.29
66480	5.27
20091	5.18
13681	5.16
26440	5.12
75617	5.00
15528	4.99
20068	4.83
19951	4.72
268449	4.69
66235	4.61
75398	4.56
19989	4.48
114641	4.47
30926	4.34
19933	4.23
19175	4.18
20055	4.16
67281	4.06
15387	4.04
27207	4.03
19941	3.99
26445	3.94
57296	3.93
19899	3.91
66537	3.89
20054	3.86
26451	3.84
22166	3.78
19944	3.76
15510	3.69
56403	3.67
67945	3.54
11950	3.53
22186	3.51
14109	3.51
27176	3.43
13627	3.35
386649	3.28
73830	3.21
20918	3.16
23996	3.05
56436	3.04
19357	2.92
11949	2.88
13629	2.86
66164	2.86
15481	2.78
66229	2.78
18538	2.67
27397	2.64
74255	2.64
75624	2.63
14211	2.57
77591	2.55
19173	2.51
69692	2.46
14433	2.41
68991	2.39
14056	2.38
22631	2.32
216987	2.30
67942	2.30
11566	2.20
56321	2.20
16898	2.19
66471	2.10
66242	2.08
66311	2.06
12857	2.01
21379	1.99
57320	1.98
22154	1.90
20104	1.87
20655	1.83
20174	1.66
66197	1.49
81898	1.47
17714	1.43
235036	1.43
20021	1.38
234388	1.35
192170	1.32
56505	1.28
22187	1.22
66634	1.12
21974	1.10
53421	1.07
101592	1.06
17688	1.05
69527	1.03
231329	0.88
56421	0.87
15278	0.86
27398	0.84
14679	0.84
57743	0.81
16468	0.80
67212	0.80
70465	0.79
67027	0.79
22143	0.78
216850	0.78
98956	0.71
16870	0.71
56150	0.69
17216	0.66
12567	0.66
11461	0.63
19361	0.50
108679	0.45
229949	0.45
18648	0.40
67177	0.38
12181	0.37
215387	0.36
110816	0.30
17877	0.28
71147	0.24
68743	0.23
20682	0.20
21915	0.20
20020	0.17
15331	0.12
12544	0.10
15161	0.08
76044	0.03
228026	0.03
100502766	0.02
20591	-0.01
16551	-0.04
22289	-0.05
60530	-0.06
11799	-0.08
110095	-0.10
22273	-0.14
27221	-0.22
81500	-0.27
110749	-0.29
75605	-0.30
18971	-0.34
13806	-0.41
11479	-0.43
18969	-0.53
382985	-0.57
216156	-0.65
81489	-0.88
108689	-1.04
67849	-1.39
214899	-1.51
19014	-1.60
20877	-1.67
