27398	6.95
66242	6.48
19175	6.32
12857	4.86
19173	4.81
26445	4.73
27397	4.72
57320	4.46
234388	4.36
11950	4.05
30926	3.91
22335	3.89
75398	3.82
26443	3.70
66537	3.50
19944	3.47
23996	3.40
19167	3.37
22273	3.35
15528	3.32
67942	3.26
216156	3.25
19166	3.20
11949	3.19
21379	2.67
108679	2.63
19941	2.55
66235	2.53
192170	2.39
20021	2.35
19179	2.33
14433	2.23
68991	2.21
26440	2.09
66311	2.06
56436	2.01
19942	1.97
69527	1.91
386649	1.79
19933	1.78
67027	1.78
20918	1.77
59029	1.76
73830	1.75
114641	1.66
67281	1.62
22166	1.61
22143	1.52
16898	1.50
22186	1.48
22218	1.39
20655	1.36
13806	1.34
22187	1.34
12301	1.34
20068	1.33
67945	1.32
15510	1.31
75617	1.28
57296	1.26
27207	1.25
69692	1.13
21915	1.12
20174	1.10
66164	1.08
15278	1.07
56351	0.97
268449	0.96
15331	0.91
20054	0.84
19014	0.80
67204	0.80
66634	0.73
15481	0.72
67089	0.69
66229	0.65
65019	0.63
66942	0.61
20104	0.61
57743	0.56
66480	0.54
11799	0.54
15161	0.52
71147	0.49
14109	0.47
101592	0.45
16468	0.39
107508	0.38
19899	0.34
15519	0.27
11461	0.27
66409	0.27
110816	0.26
18971	0.25
81898	0.24
382985	0.23
81489	0.22
74255	0.21
20682	0.20
26451	0.13
19951	0.13
18648	0.12
60530	0.11
17714	0.10
20055	0.08
75624	0.04
12181	0.02
12567	0.01
12465	-0.06
214899	-0.08
65961	-0.09
56421	-0.11
231329	-0.13
110749	-0.13
17877	-0.14
228026	-0.16
16870	-0.18
22154	-0.18
55989	-0.20
12461	-0.22
14211	-0.25
12469	-0.26
216987	-0.27
18538	-0.30
76044	-0.30
70465	-0.32
24015	-0.35
235036	-0.37
20020	-0.39
56321	-0.41
20591	-0.42
18813	-0.42
216850	-0.45
81500	-0.46
13681	-0.50
11479	-0.53
20877	-0.54
16341	-0.56
56505	-0.57
75605	-0.57
53421	-0.58
77591	-0.59
215387	-0.60
67849	-0.61
108689	-0.61
66471	-0.63
100502766	-0.66
28071	-0.68
56403	-0.71
12544	-0.71
22289	-0.73
27176	-0.74
27221	-0.74
229949	-0.74
110095	-0.75
19361	-0.77
66197	-0.77
18148	-0.79
20091	-0.81
22631	-0.91
16551	-0.96
13669	-0.98
98956	-1.00
21974	-1.07
18969	-1.13
14056	-1.13
15387	-1.16
17216	-1.19
56150	-1.22
19357	-1.40
19989	-1.45
68743	-1.52
11566	-1.52
17688	-1.54
67177	-1.83
13629	-2.44
14679	-3.17
13627	-3.26
