114641	23.21
75617	20.91
67945	20.13
20068	19.88
27207	19.70
268449	19.09
19951	19.01
20054	18.33
19942	18.19
26451	18.01
19941	17.56
14109	17.27
22186	17.00
65019	16.95
19933	16.67
20055	16.25
19944	15.63
19899	15.47
66480	15.24
20091	15.06
19989	13.42
27176	12.02
73830	10.71
13627	10.29
67942	9.67
16898	8.60
12857	7.90
13629	7.52
16341	7.39
15528	6.35
18148	6.30
20104	6.26
66242	5.76
22166	4.83
12465	4.76
30926	4.70
12461	4.66
22143	4.65
14433	4.45
20655	4.12
57320	4.11
20918	4.09
67204	4.06
66537	4.00
19166	3.68
22187	3.34
13681	3.08
66311	3.06
56351	3.04
22154	3.00
19167	2.97
69692	2.88
19175	2.77
19173	2.73
15481	2.68
12567	2.44
66942	2.41
26443	2.33
26445	2.33
66164	2.32
11461	2.31
11949	2.28
22218	2.07
55989	1.99
192170	1.85
13669	1.80
15519	1.74
18813	1.65
67212	1.62
12469	1.57
22631	1.56
66229	1.50
27397	1.50
75398	1.42
66197	1.36
68991	1.29
15331	1.28
66235	1.27
13806	1.07
110816	1.03
66409	0.96
235036	0.94
21915	0.92
28071	0.81
15387	0.78
81500	0.71
11950	0.67
65961	0.63
81489	0.60
57296	0.57
12301	0.54
77591	0.44
22335	0.44
19179	0.44
107508	0.42
26440	0.40
108679	0.39
81898	0.38
228026	0.38
27398	0.37
100502766	0.36
24015	0.35
18648	0.28
17877	0.27
70465	0.21
11479	0.21
75605	0.18
20682	0.16
53421	0.15
56505	0.15
22289	0.13
57743	0.13
234388	0.11
214899	0.10
67177	0.07
12181	0.07
20174	0.07
18538	0.04
67089	0.03
231329	0.02
21974	0.01
19357	-0.03
18971	-0.04
11566	-0.07
15510	-0.07
229949	-0.09
98956	-0.09
15278	-0.11
17688	-0.11
386649	-0.13
66471	-0.15
20021	-0.18
108689	-0.20
20020	-0.22
11799	-0.25
16870	-0.28
14679	-0.32
56321	-0.33
59029	-0.39
216156	-0.39
16468	-0.40
67027	-0.40
382985	-0.42
69527	-0.42
110749	-0.43
17714	-0.44
68743	-0.45
75624	-0.45
110095	-0.46
21379	-0.47
23996	-0.58
101592	-0.58
215387	-0.59
14211	-0.60
20591	-0.62
14056	-0.66
56403	-0.69
15161	-0.78
76044	-0.82
216850	-0.82
74255	-0.82
67849	-0.84
17216	-0.87
16551	-0.93
216987	-0.94
56421	-0.96
66634	-0.98
19014	-1.11
60530	-1.15
20877	-1.15
19361	-1.15
56150	-1.29
56436	-1.34
27221	-1.40
12544	-1.43
71147	-1.70
22273	-1.91
18969	-2.02
