20877	15.99
11799	12.39
16551	10.89
19361	10.11
215387	9.52
60530	8.38
12544	7.85
110749	7.66
100502766	7.50
27221	6.69
56150	6.16
76044	6.14
66197	5.49
14056	5.47
68743	4.81
17216	4.79
14211	4.43
67177	4.37
66311	3.93
18969	3.45
18538	3.38
66634	2.64
22154	2.37
18971	2.04
15331	2.01
22143	1.95
17688	1.58
19357	1.38
21915	1.28
108689	1.02
81489	0.91
11566	0.83
12567	0.83
22187	0.68
108679	0.60
67027	0.57
53421	0.52
16870	0.47
66471	0.43
81500	0.41
19014	0.40
21379	0.39
57743	0.37
22631	0.33
192170	0.33
70465	0.30
66164	0.25
13627	0.24
15278	0.18
14679	0.18
18813	0.12
18648	0.09
20104	0.08
110816	0.05
75624	0.05
74255	0.03
229949	0.02
216156	0.00
71147	0.00
17714	-0.01
216987	-0.04
22166	-0.06
22335	-0.07
26443	-0.08
20020	-0.09
13629	-0.11
13681	-0.14
56436	-0.14
16898	-0.15
20918	-0.17
228026	-0.18
13806	-0.18
56421	-0.20
17877	-0.20
69692	-0.22
66942	-0.24
23996	-0.26
20055	-0.26
57296	-0.27
12181	-0.32
27398	-0.32
11949	-0.33
19173	-0.33
14109	-0.33
19179	-0.33
66229	-0.34
66235	-0.39
27207	-0.40
66537	-0.41
66409	-0.41
67945	-0.42
14433	-0.43
15481	-0.45
28071	-0.46
59029	-0.46
214899	-0.46
22289	-0.48
235036	-0.48
11461	-0.50
20021	-0.50
22273	-0.51
65961	-0.52
67942	-0.52
20682	-0.54
110095	-0.55
15519	-0.55
22218	-0.55
19951	-0.55
20174	-0.57
98956	-0.59
56505	-0.60
67212	-0.61
101592	-0.61
15161	-0.62
12461	-0.62
382985	-0.65
20655	-0.68
16468	-0.68
26440	-0.69
30926	-0.70
15510	-0.71
20591	-0.73
27397	-0.75
18148	-0.76
13669	-0.76
15387	-0.76
19944	-0.78
27176	-0.78
75398	-0.80
65019	-0.80
67281	-0.84
75605	-0.87
11479	-0.87
56351	-0.88
19989	-0.88
19175	-0.88
114641	-0.88
12465	-0.88
12857	-0.92
16341	-0.92
66242	-0.93
73830	-0.93
20091	-0.94
19166	-0.98
77591	-0.98
69527	-0.98
216850	-1.02
20068	-1.02
26445	-1.02
20054	-1.02
268449	-1.03
11950	-1.04
68991	-1.04
231329	-1.05
55989	-1.06
22186	-1.06
56321	-1.08
19942	-1.08
19899	-1.09
66480	-1.09
81898	-1.10
75617	-1.11
12469	-1.12
26451	-1.16
57320	-1.16
234388	-1.16
19941	-1.17
56403	-1.20
15528	-1.24
19933	-1.33
107508	-1.37
67204	-1.39
19167	-1.69
67089	-1.76
12301	-1.84
386649	-1.85
24015	-1.90
21974	-1.99
