22186	20.30
20054	20.23
67281	20.13
14109	18.45
19951	18.41
75617	18.39
20068	18.37
19942	17.56
114641	17.31
27207	17.12
20055	16.83
268449	16.52
19899	16.52
26451	16.42
19941	15.23
19944	14.95
66480	14.80
65019	14.08
27176	13.82
19933	13.16
19989	12.63
20091	12.61
73830	11.97
13627	10.15
67942	9.59
12857	9.07
16898	8.93
13629	8.05
18148	5.81
15528	5.77
14433	5.59
66242	5.46
16341	5.35
20655	5.18
22166	4.94
30926	4.75
57320	4.58
22143	4.57
19175	4.47
12465	4.14
66311	4.13
12461	3.98
22187	3.92
19173	3.92
20104	3.86
66537	3.86
20918	3.64
22154	3.63
67204	3.54
12567	3.40
26445	3.16
19167	3.15
69692	3.05
19166	2.96
21915	2.82
56351	2.77
11461	2.67
13681	2.63
68991	2.51
27397	2.35
26443	2.23
75398	2.21
11949	2.09
57296	2.07
66164	2.06
13806	2.05
18813	2.01
13669	1.94
15481	1.86
234388	1.86
22218	1.84
66942	1.76
66197	1.75
15331	1.74
192170	1.44
15519	1.32
67212	1.32
66235	1.31
53421	1.24
11950	1.15
66229	1.11
55989	1.00
22631	0.99
18648	0.90
20021	0.86
235036	0.83
100502766	0.78
12181	0.70
66471	0.58
20682	0.52
24015	0.51
15387	0.50
18538	0.42
216156	0.42
12469	0.41
11799	0.36
20174	0.34
27398	0.33
81898	0.33
12301	0.26
19179	0.25
110816	0.23
17877	0.21
110749	0.19
107508	0.16
386649	0.12
81489	0.10
14056	0.09
22289	0.07
26440	0.02
19357	-0.01
20020	-0.01
21379	-0.02
15161	-0.02
16551	-0.03
67177	-0.03
23996	-0.04
20591	-0.07
18971	-0.09
76044	-0.10
57743	-0.13
16870	-0.20
16468	-0.21
108689	-0.22
66409	-0.22
14211	-0.23
216850	-0.23
229949	-0.27
65961	-0.28
228026	-0.33
67089	-0.33
15278	-0.35
98956	-0.38
77591	-0.38
22335	-0.39
75605	-0.42
67849	-0.42
21974	-0.44
81500	-0.44
28071	-0.45
56403	-0.51
215387	-0.52
14679	-0.53
59029	-0.55
20877	-0.55
214899	-0.56
56505	-0.57
11479	-0.60
68743	-0.60
11566	-0.63
17216	-0.70
110095	-0.71
75624	-0.71
17688	-0.75
108679	-0.78
27221	-0.79
70465	-0.81
15510	-0.83
56421	-0.89
69527	-0.89
56436	-0.90
12544	-0.91
66634	-0.94
56150	-0.96
382985	-0.98
231329	-1.01
67027	-1.02
22273	-1.04
19014	-1.09
71147	-1.19
17714	-1.24
101592	-1.29
56321	-1.32
60530	-1.33
216987	-1.39
19361	-1.52
18969	-1.56
74255	-1.81
