19942	13.11
22186	12.48
19899	12.27
20068	11.53
19951	10.93
20054	10.69
66480	10.67
27176	10.67
20055	10.57
12857	10.21
268449	10.20
14109	9.88
65019	9.86
27207	9.83
73830	9.70
67281	9.67
67945	9.59
26451	9.58
75617	9.42
66242	9.40
19989	9.14
20091	9.05
114641	9.00
11949	8.98
19944	8.79
13627	8.62
13629	7.87
19941	7.45
57320	7.02
19933	6.56
16341	6.34
26445	6.21
14433	6.15
15528	6.10
16898	5.83
11950	5.83
19175	5.45
20655	5.36
22166	5.21
27397	5.18
18148	5.11
19173	5.04
12567	4.95
27398	4.94
12461	4.73
19166	4.33
66537	3.91
22154	3.83
22143	3.79
57296	3.68
12465	3.51
20918	3.29
67212	3.26
26443	3.07
22335	3.05
26440	3.04
13681	3.00
75398	2.99
20104	2.90
19167	2.77
30926	2.71
68991	2.38
66235	2.30
22273	2.30
67204	2.30
20021	2.23
22187	2.05
18813	2.04
66311	2.01
69692	2.01
69527	1.90
11461	1.88
18648	1.85
15331	1.78
15481	1.78
386649	1.75
67089	1.73
21915	1.71
192170	1.64
66197	1.58
15510	1.57
13806	1.55
108679	1.53
18538	1.49
228026	1.42
21379	1.40
15161	1.37
19357	1.31
22218	1.25
11479	1.22
15387	1.16
20174	1.05
17877	1.03
81898	1.02
13669	1.01
71147	0.99
66409	0.97
15278	0.94
12469	0.84
21974	0.84
66634	0.82
66164	0.81
66471	0.73
56351	0.73
107508	0.71
67027	0.71
22289	0.69
20020	0.67
100502766	0.62
66229	0.62
18971	0.61
81500	0.59
66942	0.47
53421	0.44
22631	0.43
20591	0.41
23996	0.34
17216	0.30
216850	0.24
19179	0.21
98956	0.19
234388	0.15
11799	0.10
56436	0.09
76044	0.03
12544	0.03
67177	0.00
231329	-0.01
16870	-0.01
20877	-0.02
215387	-0.03
16468	-0.04
16551	-0.06
216156	-0.10
214899	-0.13
17714	-0.15
14211	-0.15
382985	-0.16
229949	-0.18
14056	-0.18
110095	-0.18
24015	-0.21
55989	-0.23
15519	-0.23
19014	-0.25
110816	-0.27
75624	-0.28
108689	-0.29
56150	-0.30
20682	-0.33
57743	-0.36
17688	-0.43
235036	-0.44
60530	-0.50
28071	-0.51
67849	-0.52
110749	-0.52
59029	-0.54
19361	-0.54
216987	-0.63
18969	-0.64
14679	-0.69
68743	-0.70
77591	-0.75
70465	-0.78
11566	-0.80
12181	-0.83
56505	-0.84
12301	-0.89
56421	-0.91
65961	-0.95
56403	-1.02
74255	-1.12
101592	-1.29
27221	-1.38
81489	-1.54
56321	-2.05
75605	-2.13
