16551	8.71
76044	6.21
100502766	6.12
20877	6.05
215387	5.90
14211	5.52
11799	5.27
60530	5.25
56150	5.15
67849	4.81
12544	4.62
19361	4.56
66634	4.18
19357	4.06
27221	3.81
66197	3.60
66311	2.81
14056	2.71
66471	2.66
18971	2.14
18969	1.87
22143	1.70
15331	1.62
17216	1.51
22154	1.47
18148	1.45
77591	1.42
17688	1.37
21915	1.35
108689	1.25
56421	1.23
98956	1.16
110749	1.09
18538	1.06
65961	1.06
11566	1.02
56403	0.94
56505	0.80
56321	0.76
382985	0.74
19179	0.71
67177	0.66
24015	0.65
15519	0.64
216987	0.57
234388	0.55
13669	0.54
28071	0.53
229949	0.53
69527	0.51
110816	0.50
69692	0.50
15481	0.50
11461	0.49
231329	0.38
18813	0.35
15387	0.35
13627	0.33
20021	0.28
18648	0.27
67027	0.25
107508	0.25
14433	0.25
12465	0.25
67204	0.23
15161	0.23
81898	0.22
12461	0.15
22631	0.14
74255	0.10
110095	0.09
12469	0.09
20174	0.08
59029	0.08
12857	0.08
13806	0.07
57743	0.05
214899	-0.00
55989	-0.02
75624	-0.06
22289	-0.08
66942	-0.10
108679	-0.10
101592	-0.14
81500	-0.16
22273	-0.17
20091	-0.17
73830	-0.19
30926	-0.19
19951	-0.20
216156	-0.20
11949	-0.20
13629	-0.21
71147	-0.22
20682	-0.23
16341	-0.23
235036	-0.24
14679	-0.24
56351	-0.25
20055	-0.25
12301	-0.25
192170	-0.27
268449	-0.27
67089	-0.28
20020	-0.29
16870	-0.30
13681	-0.30
26451	-0.32
19014	-0.33
70465	-0.33
27207	-0.33
66409	-0.34
20054	-0.34
81489	-0.35
228026	-0.35
21974	-0.42
66235	-0.43
14109	-0.44
15278	-0.44
67281	-0.45
20068	-0.46
19989	-0.46
15510	-0.46
11950	-0.47
20104	-0.48
22187	-0.48
21379	-0.50
17877	-0.50
19173	-0.53
75617	-0.53
27176	-0.56
12181	-0.56
114641	-0.60
65019	-0.60
67945	-0.60
53421	-0.60
19933	-0.64
66229	-0.64
23996	-0.65
22218	-0.67
26443	-0.68
27398	-0.69
19944	-0.70
67942	-0.70
19941	-0.70
20591	-0.70
66242	-0.75
22335	-0.75
66480	-0.78
16898	-0.78
57296	-0.79
19942	-0.80
20655	-0.83
19899	-0.84
26445	-0.85
12567	-0.86
57320	-0.86
22166	-0.87
20918	-0.88
22186	-0.89
27397	-0.95
19175	-0.98
386649	-0.98
19166	-1.05
26440	-1.05
17714	-1.07
16468	-1.07
56436	-1.08
75605	-1.08
19167	-1.15
66537	-1.16
66164	-1.18
68991	-1.21
216850	-1.35
75398	-1.40
11479	-1.48
67212	-1.52
15528	-1.67
