19166	7.84
26445	7.65
57296	6.72
26440	6.39
66537	5.67
19175	5.48
74255	5.43
26443	5.32
19167	5.20
19173	5.16
59029	5.02
22166	5.01
23996	5.00
22218	4.79
27397	4.78
20021	4.66
19179	4.29
73830	4.11
66164	4.01
11950	3.95
18648	3.90
66242	3.85
234388	3.85
22187	3.61
67089	3.44
11461	3.43
11949	3.26
13681	3.22
19942	3.21
75398	3.14
66480	3.10
22631	2.98
14109	2.92
27398	2.88
12857	2.86
192170	2.82
386649	2.56
57320	2.52
67945	2.51
27207	2.50
14433	2.45
67204	2.39
67942	2.38
26451	2.34
13806	2.29
56436	2.26
19989	2.25
75617	2.25
67212	2.21
22186	2.20
65961	2.18
20055	2.15
20655	2.09
66409	2.06
22335	2.04
19951	2.04
20054	2.03
15387	2.02
27176	2.01
19899	1.99
56150	1.97
16341	1.96
20091	1.94
65019	1.94
13627	1.93
12461	1.91
11566	1.87
19941	1.86
20068	1.86
30926	1.85
12465	1.84
14679	1.75
12469	1.75
21915	1.73
22154	1.70
66229	1.67
268449	1.63
20918	1.63
18538	1.57
15331	1.54
114641	1.50
18148	1.48
66235	1.47
15528	1.47
108679	1.46
382985	1.43
18813	1.37
12567	1.37
81898	1.35
12301	1.35
19944	1.33
56351	1.30
67281	1.29
69692	1.20
22273	1.18
66197	1.09
19933	1.08
15481	1.04
56505	0.98
15519	0.97
66311	0.97
16898	0.92
22289	0.89
12181	0.82
216156	0.74
69527	0.71
28071	0.67
229949	0.62
20020	0.47
108689	0.47
22143	0.42
110095	0.40
24015	0.34
75605	0.33
19357	0.32
17877	0.29
66634	0.25
11479	0.24
70465	0.24
20682	0.22
21974	0.22
81489	0.22
231329	0.11
66942	0.07
75624	-0.01
20591	-0.05
15161	-0.05
20174	-0.07
17714	-0.16
56421	-0.18
13629	-0.21
110749	-0.22
107508	-0.23
53421	-0.28
216850	-0.28
16870	-0.29
214899	-0.31
55989	-0.39
12544	-0.43
11799	-0.44
56403	-0.47
228026	-0.48
19014	-0.52
17688	-0.54
13669	-0.55
16468	-0.56
56321	-0.58
100502766	-0.60
71147	-0.62
235036	-0.63
67027	-0.63
17216	-0.66
67177	-0.68
19361	-0.71
101592	-0.71
27221	-0.82
76044	-0.89
14056	-0.93
77591	-0.94
60530	-1.00
67849	-1.04
20104	-1.04
66471	-1.09
14211	-1.14
15278	-1.16
216987	-1.17
68743	-1.21
81500	-1.22
215387	-1.31
20877	-1.33
57743	-1.44
16551	-1.46
21379	-1.55
110816	-1.69
18969	-1.72
18971	-1.92
15510	-1.95
98956	-2.12
