27398	6.03
69692	4.91
11949	4.77
11950	3.97
75398	3.91
18969	3.75
15278	3.69
22273	3.59
12857	3.30
18148	3.29
16341	3.16
66409	2.99
20021	2.90
74255	2.85
77591	2.80
22218	2.77
67089	2.76
22335	2.70
56321	2.70
26440	2.67
20655	2.61
19989	2.61
19179	2.55
27176	2.51
67027	2.50
12461	2.47
108689	2.43
21915	2.43
26443	2.35
20174	2.33
21379	2.25
26445	2.21
15510	2.17
81500	2.16
73830	2.14
66242	2.10
12465	2.07
101592	2.06
17714	2.05
19166	1.99
67212	1.91
67942	1.90
20091	1.89
66471	1.86
228026	1.83
192170	1.74
13627	1.73
65961	1.72
108679	1.70
19175	1.69
56421	1.57
56505	1.57
12469	1.56
15331	1.55
19014	1.45
57320	1.38
15528	1.34
59029	1.33
66311	1.27
66480	1.25
98956	1.24
268449	1.21
19167	1.16
66634	1.14
30926	1.13
19357	1.13
11566	1.12
56403	1.10
14056	1.06
23996	1.06
22186	1.04
67204	1.03
12567	1.03
107508	0.97
57743	0.97
19951	0.97
231329	0.96
20918	0.94
13806	0.90
71147	0.90
15387	0.89
20068	0.86
110749	0.86
65019	0.83
12544	0.82
66164	0.81
12301	0.80
26451	0.79
18813	0.78
382985	0.77
19899	0.77
13629	0.73
21974	0.72
19942	0.71
68991	0.71
14433	0.65
386649	0.65
57296	0.65
75624	0.65
56150	0.59
76044	0.56
13681	0.53
66942	0.52
68743	0.51
20104	0.48
216156	0.48
17688	0.48
66235	0.47
81898	0.45
20054	0.44
55989	0.41
215387	0.36
15481	0.36
22187	0.33
110816	0.32
16468	0.31
28071	0.31
14109	0.31
75617	0.30
18538	0.29
235036	0.28
229949	0.28
110095	0.26
27207	0.25
27221	0.25
19944	0.23
19933	0.20
22631	0.19
20055	0.17
19941	0.17
214899	0.15
18648	0.14
234388	0.12
13669	0.09
66537	0.08
27397	-0.00
66229	-0.00
19173	-0.01
70465	-0.02
216987	-0.05
16898	-0.09
56351	-0.16
20877	-0.23
114641	-0.24
56436	-0.28
14211	-0.31
67177	-0.39
11799	-0.40
100502766	-0.42
67281	-0.42
16551	-0.43
216850	-0.44
22166	-0.47
16870	-0.50
66197	-0.51
24015	-0.54
22289	-0.56
18971	-0.61
17877	-0.62
12181	-0.72
60530	-0.76
15161	-0.81
11479	-0.86
67945	-0.89
19361	-0.91
20020	-0.97
67849	-0.98
81489	-1.15
17216	-1.25
75605	-1.31
15519	-1.35
11461	-1.38
20682	-1.44
22154	-1.48
14679	-1.59
20591	-1.84
22143	-2.37
53421	-2.53
