69527	4.91
66311	4.32
18148	4.24
21915	3.99
19951	3.77
19989	3.52
27176	3.49
19942	3.42
20068	3.25
75617	3.23
65019	3.22
27207	3.12
19166	3.09
67945	3.05
20091	3.04
19941	3.00
268449	2.97
66164	2.93
66480	2.92
67281	2.88
20054	2.82
66242	2.76
114641	2.76
16341	2.72
26451	2.68
66471	2.67
13627	2.61
56321	2.59
20055	2.56
26445	2.55
30926	2.52
67204	2.46
19933	2.44
75398	2.42
22186	2.39
110749	2.34
12567	2.24
11949	2.22
18969	2.21
20655	2.18
66235	2.15
228026	2.15
12461	2.13
73830	2.13
26443	2.10
108689	2.04
12465	2.03
67942	2.01
77591	1.94
19175	1.92
14109	1.86
20104	1.84
19167	1.81
19944	1.81
19899	1.81
59029	1.80
26440	1.78
15528	1.78
22218	1.78
81500	1.76
66537	1.74
27397	1.68
27398	1.68
57743	1.65
14433	1.57
56421	1.53
66409	1.53
13806	1.52
101592	1.48
15331	1.45
215387	1.38
18813	1.36
19179	1.36
98956	1.35
67027	1.33
57320	1.30
16898	1.24
20174	1.21
68991	1.20
22335	1.16
56150	1.16
382985	1.16
66942	1.14
12857	1.14
22166	1.13
67212	1.13
56403	1.11
22154	1.08
21974	1.06
57296	1.00
67089	0.96
229949	0.92
27221	0.89
56505	0.89
13681	0.82
386649	0.76
55989	0.75
65961	0.74
12301	0.74
28071	0.74
11950	0.73
11799	0.72
19361	0.66
74255	0.63
22143	0.61
18648	0.60
66634	0.54
11566	0.54
24015	0.51
68743	0.50
17688	0.49
13629	0.49
17877	0.47
19173	0.43
192170	0.43
18538	0.37
12544	0.34
12469	0.31
70465	0.28
76044	0.27
231329	0.21
22631	0.21
75624	0.20
17216	0.19
23996	0.17
110816	0.14
216156	0.13
21379	0.13
14056	0.13
22187	0.09
14211	0.07
234388	0.03
15161	-0.00
11461	-0.02
17714	-0.02
20021	-0.04
20682	-0.12
66229	-0.14
13669	-0.19
20877	-0.20
67849	-0.22
16468	-0.22
110095	-0.24
235036	-0.25
19357	-0.26
15278	-0.27
107508	-0.34
15387	-0.38
216987	-0.40
100502766	-0.41
56351	-0.45
66197	-0.50
108679	-0.50
81898	-0.52
22273	-0.53
216850	-0.56
12181	-0.57
60530	-0.58
16551	-0.58
11479	-0.65
22289	-0.65
20918	-0.66
15519	-0.68
20020	-0.68
16870	-0.69
15510	-0.71
81489	-0.76
15481	-0.78
71147	-0.80
214899	-0.85
19014	-0.91
18971	-1.00
75605	-1.01
67177	-1.06
56436	-1.25
14679	-1.40
53421	-1.62
20591	-2.26
