110816	7.23
56505	7.12
66164	6.82
66229	6.76
18813	6.61
55989	6.39
24015	6.38
66409	6.36
12181	6.30
12469	6.25
66942	6.12
235036	5.92
75624	5.68
21379	5.31
98956	5.31
216156	5.26
56403	4.69
15510	4.56
12465	4.48
216987	4.44
15387	4.38
27397	4.11
66235	3.90
20174	3.90
13681	3.87
56321	3.73
12301	3.70
12461	3.70
12567	3.60
108679	3.58
56351	3.41
59029	3.40
192170	3.40
22143	3.19
28071	3.15
56436	3.12
18148	3.02
18648	3.00
231329	2.67
23996	2.63
74255	2.55
13669	2.55
57743	2.52
11566	2.48
30926	2.42
15161	2.41
386649	2.36
15481	2.30
15278	2.27
26440	2.25
20104	2.23
15331	2.16
15528	2.05
26443	2.04
77591	2.01
21915	1.71
19361	1.67
12544	1.65
19167	1.62
17688	1.61
11950	1.60
16341	1.59
14679	1.57
22335	1.55
107508	1.53
65961	1.51
17714	1.38
20021	1.33
22154	1.33
15519	1.31
22631	1.28
67089	1.27
22273	1.22
19173	1.19
17216	1.18
66480	1.15
26445	1.07
20091	1.06
19014	1.06
13806	0.99
66471	0.96
19179	0.95
75605	0.93
56150	0.90
53421	0.88
16898	0.86
67204	0.79
60530	0.77
18971	0.77
66634	0.72
20020	0.69
22218	0.68
19989	0.66
20591	0.65
11461	0.61
108689	0.58
81489	0.50
20682	0.49
18538	0.46
110095	0.45
19899	0.38
27398	0.38
26451	0.36
214899	0.34
20877	0.32
67177	0.32
19933	0.32
110749	0.31
67849	0.30
13627	0.29
69692	0.28
27207	0.28
18969	0.26
19166	0.24
68991	0.24
268449	0.24
20055	0.22
67281	0.21
13629	0.19
20068	0.17
22166	0.15
57320	0.11
19942	0.09
101592	0.09
228026	0.08
11799	0.08
27176	0.06
75617	0.06
229949	0.05
17877	0.05
65019	-0.01
69527	-0.02
66311	-0.02
14211	-0.03
114641	-0.07
19357	-0.15
19951	-0.17
20918	-0.17
57296	-0.18
71147	-0.19
20054	-0.19
11949	-0.19
27221	-0.20
14433	-0.23
19944	-0.26
73830	-0.27
81898	-0.29
66537	-0.29
67212	-0.32
68743	-0.33
76044	-0.39
19941	-0.44
14056	-0.45
67027	-0.47
16551	-0.54
75398	-0.56
56421	-0.58
16468	-0.69
11479	-0.70
66197	-0.74
19175	-0.77
67942	-0.78
21974	-0.80
67945	-0.81
100502766	-0.84
234388	-0.87
81500	-0.88
66242	-0.94
14109	-0.96
22289	-1.01
215387	-1.22
22186	-1.27
16870	-1.28
382985	-1.49
22187	-1.66
12857	-1.75
216850	-1.85
20655	-2.41
