15278	2.48
66242	2.08
15510	2.08
228026	1.91
60530	1.87
216987	1.73
19357	1.65
21379	1.60
66634	1.59
11950	1.40
382985	1.31
20655	1.26
26440	1.18
11479	1.18
28071	1.17
19361	1.11
27397	1.09
110095	1.08
11949	1.05
76044	1.00
67942	0.99
22273	0.96
22166	0.95
75398	0.91
69527	0.90
26443	0.89
19014	0.88
75624	0.88
101592	0.84
98956	0.79
108689	0.78
100502766	0.76
81500	0.70
22335	0.69
24015	0.67
56150	0.62
15528	0.60
66197	0.58
20020	0.57
67027	0.57
12544	0.54
67212	0.49
67089	0.48
11566	0.48
12857	0.39
17714	0.38
27221	0.36
27398	0.32
21974	0.28
16551	0.25
13669	0.25
67204	0.24
66471	0.23
18969	0.19
16870	0.16
11799	0.15
19173	0.14
77591	0.10
20877	0.09
15161	0.08
59029	0.04
65961	0.02
56421	0.02
67849	0.00
14433	-0.01
66235	-0.05
215387	-0.06
19167	-0.06
56321	-0.09
231329	-0.12
20591	-0.17
13627	-0.18
70465	-0.19
56403	-0.20
68743	-0.22
53421	-0.23
66311	-0.24
56351	-0.25
66942	-0.28
16898	-0.28
14679	-0.30
11461	-0.31
18648	-0.32
57743	-0.33
17688	-0.33
110816	-0.36
22631	-0.36
15331	-0.38
67177	-0.39
26445	-0.39
13629	-0.40
15519	-0.43
66537	-0.44
14211	-0.45
27176	-0.47
16341	-0.48
12469	-0.48
13806	-0.50
57320	-0.51
386649	-0.61
68991	-0.62
21915	-0.63
216156	-0.63
20682	-0.67
18148	-0.68
229949	-0.69
12461	-0.70
14056	-0.71
15387	-0.71
20104	-0.71
216850	-0.71
110749	-0.73
19179	-0.75
20174	-0.77
66229	-0.77
22289	-0.80
69692	-0.80
19942	-0.82
17877	-0.82
30926	-0.83
74255	-0.84
57296	-0.84
107508	-0.84
65019	-0.84
17216	-0.85
214899	-0.86
18813	-0.89
16468	-0.92
19941	-0.98
12301	-1.04
55989	-1.06
20055	-1.07
13681	-1.09
20068	-1.10
19166	-1.10
15481	-1.11
18971	-1.13
22186	-1.14
22143	-1.14
66480	-1.16
18538	-1.19
67945	-1.19
19989	-1.21
56436	-1.23
268449	-1.24
234388	-1.27
75617	-1.29
26451	-1.30
19951	-1.32
19944	-1.35
66409	-1.37
27207	-1.44
22154	-1.46
56505	-1.47
12181	-1.50
19933	-1.50
75605	-1.54
19175	-1.55
14109	-1.56
108679	-1.57
22218	-1.60
23996	-1.63
66164	-1.67
114641	-1.70
67281	-1.70
20054	-1.71
12465	-1.75
20091	-1.79
19899	-1.93
20918	-1.97
235036	-2.02
73830	-2.09
20021	-2.15
22187	-2.21
81898	-2.26
81489	-2.60
192170	-2.76
12567	-2.83
