19899	15.95
20054	15.21
14109	14.48
22186	14.40
19951	14.33
27207	13.90
27176	13.36
20091	13.32
19942	13.32
20055	13.32
19989	13.08
66480	13.04
26451	12.76
268449	12.50
20068	12.42
67945	11.97
65019	11.46
75617	11.31
19941	11.24
19944	10.86
67281	10.71
13627	10.68
19933	10.51
13629	10.31
114641	9.98
12857	9.94
67942	9.70
16341	9.31
12465	8.69
18148	7.63
12461	7.44
19175	7.13
22187	6.85
57320	6.19
26445	6.02
16898	5.79
57296	5.35
19166	5.34
11949	5.17
66242	5.09
12567	5.00
20655	4.96
20021	4.91
20104	4.87
30926	4.79
66537	4.67
19173	4.59
14433	4.56
15481	4.40
22154	4.29
26443	4.18
22218	4.14
68991	4.11
23996	4.04
18813	3.72
15528	3.62
12469	3.40
192170	3.30
81898	3.22
67204	3.21
13681	3.06
234388	3.02
20174	2.95
27397	2.94
75398	2.91
11461	2.85
19167	2.82
13806	2.82
26440	2.69
20918	2.65
11950	2.46
22143	2.37
27398	2.31
22166	2.25
15387	2.24
19179	2.24
22273	2.22
69527	2.14
66235	2.14
69692	2.13
66164	2.06
56505	2.04
13669	2.00
74255	1.98
386649	1.96
15519	1.86
65961	1.85
22335	1.81
66409	1.81
66229	1.78
67212	1.75
67089	1.67
21915	1.63
18538	1.57
216156	1.57
108679	1.54
66942	1.44
59029	1.43
16468	1.39
101592	1.38
56351	1.34
235036	1.27
22631	1.25
11566	1.23
55989	1.18
12301	1.15
81489	1.08
108689	1.08
18648	1.02
20020	0.98
107508	0.94
56421	0.78
15331	0.76
75605	0.75
67027	0.72
18971	0.65
19357	0.58
110816	0.56
28071	0.47
231329	0.45
15161	0.43
66471	0.43
66311	0.42
53421	0.40
17688	0.35
98956	0.33
214899	0.30
12181	0.27
21974	0.22
11479	0.21
17877	0.21
22289	0.20
77591	0.20
56436	0.18
56403	0.15
24015	0.15
14056	-0.02
100502766	-0.04
110749	-0.06
11799	-0.10
20682	-0.13
216850	-0.13
17216	-0.17
68743	-0.19
229949	-0.20
14211	-0.21
81500	-0.21
66197	-0.25
67177	-0.25
70465	-0.27
21379	-0.34
20591	-0.34
19014	-0.47
56321	-0.54
15278	-0.56
18969	-0.58
57743	-0.60
17714	-0.60
12544	-0.67
228026	-0.68
75624	-0.70
216987	-0.72
16551	-0.76
15510	-0.86
16870	-0.90
14679	-0.90
67849	-0.93
66634	-0.99
110095	-1.05
76044	-1.06
27221	-1.08
215387	-1.16
60530	-1.24
20877	-1.25
56150	-1.31
382985	-1.46
19361	-1.60
71147	-2.09
