15387	10.09
12469	9.11
19166	8.96
192170	8.72
12465	8.03
26440	7.47
23996	6.88
59029	6.82
19179	6.69
66409	6.51
26443	6.51
231329	6.43
67089	6.42
26445	5.84
19167	5.82
19175	5.72
386649	5.69
66164	5.65
108679	5.64
20021	5.50
56505	5.48
22218	5.45
68991	5.43
13681	5.42
65961	5.26
66229	5.15
16341	5.14
12461	5.01
18538	4.74
18813	4.52
81898	4.40
22335	4.39
14679	4.34
66942	4.21
216987	4.06
22631	3.82
11566	3.63
15481	3.62
19357	3.42
66537	3.42
20174	3.42
57296	3.34
17688	3.22
75624	3.15
55989	2.95
11949	2.89
69527	2.85
22187	2.72
56150	2.68
67204	2.64
70465	2.55
107508	2.54
56436	2.51
15519	2.50
18148	2.46
24015	2.43
101592	2.36
11950	2.34
75398	2.34
66235	2.16
77591	2.12
19173	2.08
27398	2.01
15161	2.00
110816	2.00
73830	1.98
19989	1.98
12567	1.97
30926	1.80
56321	1.78
20091	1.76
216156	1.76
22273	1.74
22166	1.73
13627	1.71
67027	1.68
11461	1.67
81489	1.66
28071	1.65
108689	1.65
12181	1.64
66471	1.63
20918	1.62
56351	1.60
13806	1.57
56403	1.56
12301	1.50
22154	1.50
66480	1.39
22143	1.36
15331	1.35
15510	1.32
53421	1.32
19014	1.25
17216	1.22
75605	1.22
13669	1.20
56421	1.16
57320	1.15
12544	1.14
20020	1.12
235036	1.12
27397	1.09
98956	1.01
22289	0.99
66197	0.98
18648	0.96
16468	0.92
60530	0.87
18969	0.85
17714	0.80
21974	0.78
69692	0.63
215387	0.56
20591	0.54
20104	0.49
14056	0.48
75617	0.45
19942	0.45
229949	0.44
18971	0.43
14211	0.43
234388	0.41
16870	0.40
214899	0.31
66242	0.31
110749	0.26
110095	0.24
67212	0.21
21915	0.20
20655	0.14
26451	0.14
68743	0.10
15528	0.08
20068	0.06
57743	0.05
27176	0.04
19951	0.03
67849	0.03
268449	0.03
19941	0.03
66311	-0.00
27207	-0.01
20682	-0.07
67177	-0.09
17877	-0.09
19933	-0.10
19361	-0.11
81500	-0.13
65019	-0.14
228026	-0.28
11799	-0.34
66634	-0.36
16551	-0.38
20055	-0.41
114641	-0.42
12857	-0.43
382985	-0.44
11479	-0.49
13629	-0.51
20877	-0.55
14433	-0.59
19899	-0.61
14109	-0.64
100502766	-0.66
67281	-0.82
71147	-0.84
15278	-0.85
27221	-0.88
76044	-0.93
20054	-0.96
67942	-1.12
21379	-1.15
22186	-1.30
19944	-1.31
16898	-1.47
216850	-1.57
67945	-1.81
