19166	7.62
67089	6.76
19167	6.31
26440	6.04
26445	5.77
16341	5.37
11950	5.26
26443	4.99
15528	4.81
20021	4.76
11949	4.72
22218	4.70
66409	4.60
67204	4.56
19175	4.54
66242	4.51
57296	4.12
19942	4.00
69527	3.91
66480	3.87
67212	3.82
27176	3.70
268449	3.67
12301	3.58
22186	3.57
30926	3.47
15278	3.41
19951	3.39
59029	3.35
19944	3.33
12461	3.33
22335	3.30
66164	3.26
66537	3.17
65019	3.15
68991	3.14
20068	3.08
18148	3.07
19989	3.03
75617	3.00
67942	2.99
66197	2.93
73830	2.91
65961	2.87
22166	2.83
28071	2.80
20655	2.72
26451	2.72
19941	2.66
19933	2.64
12857	2.51
17714	2.48
69692	2.42
14433	2.40
74255	2.34
66235	2.33
27207	2.28
20091	2.28
27397	2.27
67945	2.21
56351	2.20
20918	2.16
19899	2.12
56436	2.02
19179	1.96
66311	1.95
19173	1.88
13681	1.86
75624	1.85
114641	1.85
22187	1.80
27398	1.79
24015	1.79
386649	1.78
12465	1.77
23996	1.74
20054	1.72
15481	1.67
20055	1.62
14109	1.59
67027	1.52
66229	1.50
13627	1.45
67281	1.42
18813	1.34
20104	1.34
55989	1.26
19014	1.24
15519	1.19
12469	1.14
57320	1.14
66942	1.13
15510	1.12
16870	1.08
21915	1.07
235036	1.02
192170	0.99
18538	0.97
56321	0.95
71147	0.91
234388	0.91
21379	0.84
16898	0.84
216850	0.80
13669	0.78
57743	0.74
216987	0.74
56150	0.74
20174	0.73
56403	0.70
81898	0.68
108679	0.68
11566	0.63
229949	0.55
107508	0.49
12544	0.48
77591	0.43
15387	0.43
382985	0.41
17877	0.40
101592	0.36
20591	0.36
14056	0.32
19357	0.17
22289	0.13
18969	0.10
81489	0.09
11799	0.06
215387	0.04
16468	0.02
15331	-0.04
56421	-0.05
13629	-0.06
22273	-0.08
231329	-0.08
15161	-0.09
216156	-0.12
66634	-0.13
12181	-0.15
20682	-0.15
12567	-0.17
18648	-0.23
11479	-0.25
110095	-0.31
98956	-0.34
22631	-0.48
14211	-0.48
20877	-0.50
21974	-0.55
70465	-0.56
67177	-0.62
110749	-0.63
108689	-0.64
60530	-0.65
11461	-0.67
75605	-0.67
100502766	-0.69
14679	-0.69
66471	-0.71
13806	-0.74
17688	-0.78
67849	-0.80
56505	-0.81
27221	-0.83
16551	-0.86
20020	-0.87
228026	-0.88
110816	-0.91
22154	-0.92
53421	-1.03
76044	-1.22
81500	-1.22
68743	-1.40
214899	-1.45
17216	-1.62
19361	-1.67
18971	-2.28
22143	-2.84
