16468	5.49
20591	4.12
214899	4.09
216850	3.32
101592	3.17
81898	2.80
11479	2.80
20020	2.37
17688	2.23
18648	2.12
107508	1.88
21974	1.74
110095	1.73
22289	1.71
231329	1.62
66942	1.59
56421	1.50
15387	1.49
67027	1.49
77591	1.35
74255	1.22
12461	1.20
16341	1.17
66229	1.15
22218	1.09
17714	1.07
13681	1.02
12465	1.02
15161	1.01
228026	1.01
14679	1.00
20682	0.94
192170	0.94
13629	0.93
70465	0.93
81489	0.88
11566	0.86
56403	0.85
66164	0.81
13806	0.80
19989	0.79
73830	0.75
108689	0.75
13627	0.73
13669	0.68
53421	0.66
19014	0.62
26443	0.62
22187	0.60
56505	0.55
11461	0.53
66197	0.52
75624	0.51
57743	0.47
12567	0.46
14056	0.45
19173	0.44
28071	0.42
20174	0.39
22631	0.39
66480	0.35
26451	0.33
68991	0.33
12469	0.31
59029	0.25
15519	0.24
114641	0.23
110816	0.20
67281	0.18
55989	0.18
22273	0.17
19899	0.15
18148	0.15
268449	0.14
65961	0.11
19942	0.11
20091	0.09
65019	0.08
19167	0.07
27207	-0.03
19941	-0.03
20104	-0.03
14109	-0.03
57296	-0.05
20068	-0.10
30926	-0.12
16551	-0.13
19951	-0.15
19944	-0.17
235036	-0.26
24015	-0.26
75617	-0.27
19166	-0.27
216156	-0.27
12181	-0.30
67204	-0.30
66409	-0.30
20055	-0.31
18813	-0.31
16898	-0.32
56321	-0.33
81500	-0.35
22154	-0.37
216987	-0.37
386649	-0.37
22186	-0.38
67089	-0.39
98956	-0.41
67945	-0.42
15510	-0.43
19933	-0.44
56436	-0.44
20918	-0.44
23996	-0.44
19179	-0.46
14433	-0.47
67212	-0.57
108679	-0.57
27176	-0.59
66242	-0.63
75398	-0.67
12857	-0.67
15278	-0.69
229949	-0.69
19175	-0.73
20021	-0.73
20054	-0.74
15481	-0.74
19357	-0.75
20877	-0.82
57320	-0.84
27397	-0.85
60530	-0.86
67849	-0.87
12301	-0.87
56351	-0.91
100502766	-0.91
14211	-0.94
382985	-0.99
17877	-1.01
69692	-1.01
11949	-1.01
66537	-1.02
27221	-1.04
22335	-1.06
26440	-1.07
26445	-1.08
68743	-1.08
215387	-1.09
11799	-1.14
66311	-1.22
21379	-1.28
69527	-1.31
21915	-1.34
66235	-1.40
234388	-1.49
15331	-1.49
71147	-1.54
27398	-1.55
22166	-1.59
110749	-1.59
11950	-1.61
66471	-1.61
15528	-1.62
17216	-1.77
20655	-1.81
16870	-1.91
67177	-1.92
12544	-2.00
66634	-2.03
22143	-2.04
18971	-2.05
67942	-2.13
76044	-2.14
56150	-2.38
19361	-2.47
18969	-2.77
18538	-2.86
