20068	25.27
268449	23.57
19951	23.37
27207	22.69
114641	21.57
67281	20.91
26451	20.51
19942	19.46
65019	18.88
67945	18.39
19941	18.08
19989	18.08
20091	18.06
20054	17.90
20055	17.53
66480	17.40
19933	16.70
22186	16.48
14109	16.37
19899	16.00
19944	15.82
27176	15.23
13627	13.53
73830	11.31
16341	9.89
67942	9.42
16898	9.16
18148	7.97
13629	7.90
12857	7.63
20104	6.71
15528	6.60
30926	6.02
20655	5.97
12465	5.92
12461	5.82
66242	5.61
13681	5.25
66537	5.19
19166	5.15
67204	5.00
22166	4.98
20918	4.68
19167	4.65
11949	4.47
14433	4.43
26443	4.34
19175	3.94
56351	3.85
22154	3.85
57320	3.72
26445	3.52
22143	3.47
66164	3.47
15481	3.34
69692	3.23
22218	3.22
12567	3.04
75398	3.00
18813	2.97
15331	2.71
11461	2.59
66942	2.57
19173	2.53
66409	2.53
66229	2.50
66311	2.30
22187	2.29
57296	2.26
68991	2.25
27397	2.17
12469	2.08
192170	2.03
55989	1.98
66235	1.94
22631	1.84
15387	1.84
11950	1.80
13669	1.79
26440	1.74
66197	1.55
15519	1.54
65961	1.39
28071	1.36
67089	1.32
67212	1.28
12301	1.25
19179	1.24
235036	1.16
24015	0.90
22335	0.90
107508	0.84
21915	0.82
20021	0.77
228026	0.75
18538	0.74
59029	0.73
81898	0.69
18648	0.69
15278	0.66
13806	0.65
110816	0.60
81500	0.56
56403	0.54
74255	0.45
231329	0.44
56505	0.41
20174	0.36
81489	0.36
98956	0.35
19357	0.35
69527	0.30
27398	0.23
21974	0.20
11566	0.18
77591	0.15
20682	0.14
67027	0.12
108689	0.11
17877	0.09
15510	0.07
70465	0.06
386649	0.05
100502766	0.05
11479	0.04
53421	0.04
22289	0.01
17688	0.01
57743	-0.01
14679	-0.03
17714	-0.04
66471	-0.04
16468	-0.06
229949	-0.06
56321	-0.07
67177	-0.10
23996	-0.12
214899	-0.18
216850	-0.22
110749	-0.23
20020	-0.24
216987	-0.25
75605	-0.27
110095	-0.32
11799	-0.35
20591	-0.35
14056	-0.36
21379	-0.39
18971	-0.43
108679	-0.46
16870	-0.47
68743	-0.53
15161	-0.55
382985	-0.57
234388	-0.57
12181	-0.62
216156	-0.64
56150	-0.65
17216	-0.68
101592	-0.78
75624	-0.82
19014	-0.82
16551	-0.88
20877	-0.92
215387	-0.92
14211	-0.97
56421	-1.01
66634	-1.08
67849	-1.11
76044	-1.20
71147	-1.29
18969	-1.29
12544	-1.30
22273	-1.39
27221	-1.53
19361	-1.54
60530	-1.54
56436	-1.64
