70465	5.68
24015	5.30
12469	4.82
216987	4.72
12461	4.58
19179	3.99
57743	3.94
59029	3.77
56505	3.69
386649	3.67
15510	3.61
13669	3.52
231329	3.52
67089	3.47
18813	3.41
12301	3.35
110816	3.31
12465	3.30
66409	3.26
12181	3.22
19167	3.21
56436	3.18
74255	3.15
108679	3.01
26443	2.88
56403	2.86
21379	2.82
19173	2.81
107508	2.80
26440	2.69
67204	2.63
66164	2.62
65961	2.59
23996	2.58
57296	2.56
66942	2.43
67027	2.43
17714	2.42
66229	2.41
22335	2.29
15481	2.23
11950	2.14
56321	2.12
55989	2.06
11566	1.95
77591	1.94
101592	1.93
14679	1.90
216156	1.89
66537	1.89
17688	1.85
75398	1.85
16341	1.83
13681	1.77
66235	1.74
15161	1.73
15278	1.71
15387	1.64
98956	1.60
30926	1.54
20021	1.52
19166	1.52
56351	1.43
11479	1.43
19357	1.39
12544	1.35
15519	1.34
14433	1.27
11949	1.22
18648	1.18
18969	1.18
235036	1.12
228026	1.11
20091	1.10
192170	1.08
19175	1.05
26445	1.03
20174	1.01
19014	1.01
28071	1.01
27397	0.98
22631	0.97
18148	0.95
71147	0.88
15528	0.86
16468	0.83
53421	0.80
66471	0.77
22166	0.75
13629	0.72
16551	0.68
22154	0.65
69527	0.65
20104	0.56
75605	0.51
27398	0.50
17877	0.45
22143	0.44
65019	0.41
17216	0.40
57320	0.35
229949	0.31
81898	0.30
66480	0.29
22273	0.29
19361	0.28
19942	0.28
81489	0.24
69692	0.20
60530	0.19
215387	0.18
20591	0.16
234388	0.15
19989	0.13
67849	0.05
67212	0.04
68991	-0.01
13627	-0.02
68743	-0.06
26451	-0.07
20068	-0.07
110095	-0.08
20877	-0.14
20655	-0.16
11461	-0.16
11799	-0.17
19933	-0.20
27176	-0.24
14211	-0.25
67942	-0.28
66311	-0.34
22218	-0.38
19899	-0.40
56150	-0.40
16870	-0.42
110749	-0.43
67281	-0.45
27221	-0.45
66634	-0.47
16898	-0.51
76044	-0.54
19944	-0.55
20682	-0.57
20020	-0.57
56421	-0.62
268449	-0.63
114641	-0.64
21915	-0.66
67177	-0.68
19951	-0.68
73830	-0.70
19941	-0.70
67945	-0.71
12567	-0.71
214899	-0.72
14056	-0.74
66197	-0.78
18971	-0.81
75617	-0.82
18538	-0.88
20054	-0.99
14109	-1.01
382985	-1.02
108689	-1.05
81500	-1.06
22289	-1.13
27207	-1.13
13806	-1.17
12857	-1.17
100502766	-1.22
66242	-1.22
20055	-1.40
22186	-1.43
15331	-1.68
22187	-1.73
216850	-1.89
21974	-1.97
20918	-2.20
