19361	8.61
12544	8.49
27221	8.23
60530	8.22
14211	8.16
16551	8.02
56150	6.66
66634	6.64
17216	6.40
68743	6.21
18538	6.14
67849	6.14
110749	5.63
215387	5.61
67177	5.14
20877	5.06
14056	4.85
11799	4.74
18971	4.72
100502766	4.46
17688	3.91
19357	3.51
18969	3.33
66311	3.04
66471	2.92
66197	2.69
15331	2.54
21915	2.38
22143	2.01
13669	1.97
22289	1.79
22154	1.41
18148	1.15
56403	1.08
16870	1.04
108689	1.00
71147	1.00
15161	0.97
55989	0.94
56421	0.86
53421	0.85
22166	0.81
214899	0.78
11566	0.68
26440	0.64
28071	0.64
110095	0.60
69527	0.56
15510	0.50
234388	0.48
21974	0.47
77591	0.45
107508	0.42
231329	0.41
12567	0.35
21379	0.33
67027	0.33
98956	0.29
69692	0.27
24015	0.25
66242	0.23
228026	0.22
18813	0.22
15519	0.21
20655	0.20
81500	0.13
20020	0.12
19179	0.10
18648	0.08
15387	0.07
216156	0.05
22218	0.04
20682	0.04
67204	0.03
16898	0.03
67942	0.03
216987	0.03
67089	0.01
19014	-0.00
382985	-0.00
57743	-0.01
13806	-0.01
81898	-0.03
17877	-0.03
65961	-0.04
66235	-0.05
20174	-0.05
15278	-0.09
67945	-0.10
229949	-0.12
19173	-0.12
59029	-0.14
66409	-0.20
14679	-0.21
22335	-0.23
14433	-0.24
26445	-0.26
20591	-0.27
16468	-0.28
67212	-0.30
56351	-0.31
20021	-0.34
27398	-0.34
70465	-0.39
192170	-0.39
27397	-0.43
56321	-0.45
66942	-0.45
11950	-0.46
19175	-0.46
56505	-0.46
13681	-0.47
114641	-0.48
11461	-0.48
26443	-0.50
216850	-0.51
110816	-0.52
75624	-0.54
101592	-0.60
20918	-0.63
11949	-0.64
20055	-0.66
22631	-0.69
12301	-0.70
30926	-0.71
13629	-0.72
20104	-0.72
15528	-0.75
19166	-0.76
235036	-0.77
22186	-0.77
22273	-0.79
12857	-0.80
67281	-0.82
19941	-0.82
65019	-0.83
19944	-0.85
68991	-0.89
12181	-0.90
12469	-0.90
27207	-0.91
16341	-0.92
74255	-0.93
20054	-0.93
19167	-0.94
17714	-0.95
81489	-0.95
27176	-0.96
66480	-0.97
66537	-0.98
14109	-0.99
57296	-1.03
22187	-1.04
73830	-1.06
66164	-1.07
20091	-1.08
108679	-1.10
23996	-1.11
20068	-1.16
19933	-1.16
75617	-1.20
13627	-1.22
75398	-1.22
56436	-1.22
19951	-1.22
19899	-1.23
12461	-1.23
19989	-1.24
268449	-1.25
57320	-1.26
12465	-1.29
19942	-1.41
26451	-1.41
11479	-1.46
15481	-1.67
66229	-1.75
386649	-2.02
75605	-2.14
