56321	7.71
56403	6.90
55989	6.05
98956	5.47
18148	5.40
56505	4.94
101592	4.91
13669	4.78
66942	4.65
214899	4.41
66409	4.21
107508	4.15
24015	4.11
110816	4.06
12469	4.06
216987	3.82
231329	3.74
66471	3.61
28071	3.43
18813	3.41
65961	3.23
15510	3.20
12181	3.13
12465	3.11
81898	3.11
19014	3.07
56421	2.98
12461	2.87
16341	2.87
69527	2.80
235036	2.80
12301	2.58
67204	2.55
20174	2.33
13681	2.33
67089	2.30
11566	2.24
382985	2.21
21974	2.19
74255	2.12
192170	2.10
66164	2.10
70465	2.01
108689	1.99
75624	1.94
69692	1.94
386649	1.92
15519	1.90
216156	1.86
59029	1.85
15481	1.79
15387	1.77
66634	1.60
14211	1.50
14679	1.47
16468	1.45
21379	1.43
68743	1.42
66229	1.41
75605	1.35
19179	1.27
13629	1.18
20091	1.15
108679	1.12
228026	1.10
17688	1.06
15278	1.04
67027	0.96
19899	0.95
13627	0.91
65019	0.88
30926	0.87
56436	0.85
66235	0.78
17714	0.69
16551	0.68
66311	0.66
21915	0.64
20055	0.62
53421	0.62
18969	0.60
66480	0.60
22273	0.59
20104	0.58
26440	0.57
19942	0.57
19989	0.51
19167	0.51
22631	0.49
20054	0.48
27397	0.46
76044	0.45
27398	0.45
67281	0.44
75398	0.43
229949	0.41
26443	0.39
22289	0.39
215387	0.39
15161	0.37
19944	0.37
19951	0.37
15528	0.32
16898	0.31
20068	0.29
19173	0.28
23996	0.24
268449	0.24
19166	0.22
73830	0.20
18971	0.20
12567	0.19
81500	0.17
110095	0.16
75617	0.15
26451	0.13
14109	0.13
11461	0.13
19933	0.11
71147	0.10
56351	0.08
234388	0.08
60530	0.04
114641	0.04
20020	0.03
22335	0.03
216850	0.02
26445	0.01
22218	-0.02
27176	-0.02
57743	-0.03
18538	-0.04
17877	-0.06
20591	-0.10
19941	-0.12
22186	-0.13
27221	-0.13
27207	-0.14
110749	-0.17
20021	-0.18
57320	-0.18
22154	-0.19
17216	-0.19
13806	-0.19
22143	-0.21
67177	-0.22
20682	-0.25
18648	-0.29
67945	-0.38
66537	-0.39
19357	-0.40
19361	-0.42
57296	-0.45
11950	-0.45
11479	-0.49
19175	-0.52
66242	-0.57
20655	-0.58
67212	-0.59
81489	-0.61
66197	-0.67
20877	-0.71
56150	-0.73
67942	-0.75
22166	-0.88
100502766	-0.90
22187	-0.93
68991	-0.94
16870	-0.94
14056	-0.95
12544	-0.96
67849	-0.98
11949	-0.99
20918	-1.05
14433	-1.06
11799	-1.08
12857	-1.23
15331	-1.95
