15481	10.69
15519	7.77
12301	4.89
22187	4.81
20918	3.83
15528	3.04
12465	2.87
15510	2.51
18538	2.39
20021	2.34
56351	2.33
22143	2.22
22631	2.14
55989	2.10
14679	2.00
22218	2.00
108679	1.92
12469	1.91
13681	1.87
56436	1.79
66229	1.75
74255	1.66
192170	1.64
66197	1.54
81898	1.53
22154	1.48
56505	1.43
22335	1.40
20174	1.36
216850	1.29
66164	1.28
18648	1.20
17688	1.16
386649	1.14
11461	1.09
30926	1.09
73830	1.08
26443	1.08
11566	1.07
216156	1.06
12461	1.01
15387	0.97
234388	0.96
13806	0.91
67849	0.91
75605	0.88
23996	0.87
235036	0.86
14109	0.85
13627	0.83
65961	0.82
108689	0.80
19933	0.79
17714	0.78
22186	0.76
12181	0.75
66942	0.75
11799	0.71
20104	0.71
26451	0.67
13629	0.67
110816	0.66
20655	0.66
56421	0.63
19166	0.63
53421	0.62
114641	0.61
27207	0.61
67281	0.60
20091	0.60
66480	0.55
19941	0.53
81500	0.51
20054	0.50
70465	0.50
20055	0.49
19951	0.46
22273	0.44
20591	0.39
59029	0.37
75617	0.36
19899	0.34
16341	0.33
19989	0.33
12544	0.30
268449	0.24
19175	0.24
75624	0.24
67177	0.24
57296	0.24
67212	0.22
68991	0.22
16870	0.21
20020	0.16
56150	0.15
12857	0.14
19179	0.13
66537	0.13
66409	0.11
67945	0.10
75398	0.09
16898	0.08
18813	0.07
19014	0.06
20068	0.03
22289	0.03
18969	0.02
57743	-0.00
67027	-0.02
26445	-0.03
20877	-0.03
14211	-0.04
66235	-0.05
214899	-0.07
65019	-0.08
19167	-0.09
24015	-0.09
228026	-0.11
19361	-0.12
67089	-0.17
382985	-0.17
28071	-0.19
27176	-0.20
18971	-0.20
26440	-0.20
19942	-0.20
21915	-0.21
110095	-0.27
19944	-0.29
16551	-0.31
21379	-0.32
15331	-0.32
22166	-0.32
68743	-0.35
19173	-0.41
100502766	-0.41
20682	-0.41
14056	-0.43
56321	-0.43
16468	-0.43
229949	-0.44
57320	-0.47
60530	-0.50
215387	-0.52
231329	-0.52
18148	-0.53
12567	-0.53
56403	-0.56
110749	-0.56
101592	-0.57
17216	-0.58
77591	-0.61
19357	-0.64
11949	-0.67
14433	-0.68
66634	-0.71
66311	-0.72
66242	-0.74
69692	-0.76
17877	-0.85
67204	-0.88
15161	-0.88
27397	-0.94
76044	-0.95
13669	-0.96
11479	-0.99
66471	-1.03
27221	-1.03
69527	-1.15
11950	-1.16
216987	-1.21
98956	-1.37
67942	-1.54
21974	-1.54
27398	-1.69
107508	-2.12
15278	-2.25
71147	-2.60
