53421	3.62
107508	2.32
69527	2.16
67027	2.00
98956	1.96
69692	1.76
13629	1.71
22187	1.69
13627	1.68
108689	1.56
20655	1.42
27398	1.33
56321	1.29
57320	1.14
13806	1.12
19989	1.03
192170	1.01
110095	0.99
20104	0.97
20918	0.94
101592	0.88
56421	0.87
27176	0.79
18969	0.79
12465	0.79
16341	0.76
228026	0.72
20877	0.71
67281	0.71
71147	0.70
22335	0.63
67942	0.59
27397	0.57
12461	0.56
75617	0.56
114641	0.53
66942	0.51
81489	0.51
27221	0.49
19941	0.44
56505	0.44
19951	0.43
67849	0.41
215387	0.40
17714	0.40
110749	0.37
16898	0.36
15331	0.34
108679	0.28
66634	0.26
27207	0.24
20091	0.24
382985	0.22
20174	0.20
216156	0.20
21915	0.20
77591	0.17
26443	0.17
19933	0.15
76044	0.13
214899	0.13
57296	0.12
229949	0.12
65019	0.12
22143	0.11
268449	0.10
22273	0.09
19899	0.07
16551	0.07
13669	0.02
12544	0.00
19179	0.00
56351	-0.00
19014	-0.01
66480	-0.09
26451	-0.11
74255	-0.13
100502766	-0.14
20682	-0.15
19167	-0.16
68743	-0.16
19361	-0.17
57743	-0.18
20068	-0.19
12857	-0.20
14056	-0.20
73830	-0.21
66311	-0.26
67204	-0.27
55989	-0.29
30926	-0.29
110816	-0.29
56436	-0.30
12567	-0.32
20054	-0.33
75605	-0.35
18971	-0.36
18148	-0.37
11949	-0.38
11799	-0.41
60530	-0.41
15519	-0.41
66471	-0.43
235036	-0.44
20055	-0.44
67945	-0.44
14109	-0.45
67212	-0.46
66197	-0.48
66242	-0.49
19944	-0.50
59029	-0.50
66537	-0.51
15510	-0.52
16870	-0.55
231329	-0.56
12469	-0.56
19942	-0.57
12181	-0.59
66409	-0.62
13681	-0.63
22154	-0.66
18538	-0.68
18813	-0.69
66164	-0.69
14211	-0.69
18648	-0.72
17216	-0.73
386649	-0.74
14679	-0.75
19175	-0.79
22631	-0.81
17877	-0.84
22186	-0.86
66229	-0.87
70465	-0.88
15387	-0.88
20591	-0.90
19173	-0.92
20021	-0.93
17688	-0.94
67177	-0.95
15481	-0.96
56150	-1.01
24015	-1.03
15528	-1.05
19166	-1.05
15278	-1.06
75624	-1.06
216987	-1.07
16468	-1.09
21379	-1.09
28071	-1.12
22166	-1.15
23996	-1.18
22289	-1.19
21974	-1.21
19357	-1.21
11479	-1.22
68991	-1.22
75398	-1.22
26445	-1.26
65961	-1.31
11461	-1.34
216850	-1.35
26440	-1.36
66235	-1.43
11566	-1.47
14433	-1.51
234388	-1.52
11950	-1.54
12301	-1.94
20020	-1.96
56403	-1.97
67089	-2.02
22218	-2.05
81898	-2.13
15161	-2.41
