214899	7.57
15387	6.47
74255	4.40
56403	4.33
107508	4.20
192170	4.07
13669	3.86
12469	3.78
67089	3.78
22218	3.73
13681	3.72
66409	3.63
55989	3.55
23996	3.53
26445	3.48
19166	3.45
12465	3.42
16468	3.41
22187	3.41
18148	3.32
231329	3.28
11461	3.24
73830	3.22
15519	3.21
16341	3.12
77591	3.11
15481	3.09
20021	3.04
26440	3.01
75605	2.80
19175	2.79
12461	2.79
19179	2.78
22289	2.72
108679	2.63
11949	2.62
22273	2.57
19014	2.50
19167	2.49
18538	2.38
57296	2.29
21974	2.29
13629	2.25
66942	2.20
382985	2.18
386649	2.11
14211	2.11
56436	2.08
57320	2.07
56421	2.06
216850	2.05
13627	2.04
59029	2.01
19989	1.95
12567	1.92
12857	1.89
18813	1.88
13806	1.87
22631	1.81
66480	1.79
19899	1.77
15161	1.74
11950	1.70
14679	1.69
235036	1.61
20174	1.60
26443	1.60
216156	1.60
18648	1.57
11566	1.56
101592	1.53
81489	1.53
65961	1.52
28071	1.48
67204	1.47
14109	1.45
66229	1.45
27176	1.44
27207	1.40
24015	1.39
20591	1.38
66471	1.37
15510	1.35
68991	1.35
20091	1.30
56505	1.28
66537	1.25
19173	1.21
234388	1.20
14433	1.17
22335	1.15
22154	1.14
22186	1.14
66164	1.06
20020	1.03
67942	1.02
11479	0.98
19942	0.95
19944	0.95
19951	0.93
17688	0.91
66197	0.87
19357	0.83
15331	0.77
20054	0.77
20918	0.76
19933	0.74
53421	0.73
66235	0.71
30926	0.69
75617	0.69
75398	0.68
20055	0.67
114641	0.65
27398	0.63
17714	0.61
228026	0.58
21915	0.57
19941	0.57
110749	0.54
108689	0.48
69527	0.45
98956	0.45
268449	0.44
17216	0.42
12301	0.42
12181	0.40
67027	0.40
67281	0.38
14056	0.36
16898	0.35
67945	0.33
75624	0.30
20068	0.28
67212	0.24
26451	0.24
68743	0.22
66242	0.19
22143	0.16
18971	0.12
110095	0.10
27397	0.08
22166	-0.02
67177	-0.02
76044	-0.03
16551	-0.05
15528	-0.08
56150	-0.12
20655	-0.15
65019	-0.18
215387	-0.20
21379	-0.21
11799	-0.29
70465	-0.29
66311	-0.30
60530	-0.41
20877	-0.44
56321	-0.46
216987	-0.49
69692	-0.52
17877	-0.52
100502766	-0.56
57743	-0.57
110816	-0.58
20682	-0.65
12544	-0.72
229949	-0.76
20104	-0.78
27221	-0.86
16870	-0.86
56351	-1.07
66634	-1.09
67849	-1.10
18969	-1.13
15278	-1.21
19361	-1.71
81500	-2.13
71147	-2.26
