110816	7.93
56321	6.26
77591	5.47
70465	5.31
12181	4.88
235036	4.56
66942	4.42
21379	4.33
24015	4.31
18813	3.98
216987	3.88
55989	3.62
66409	3.54
107508	3.38
216156	3.33
56505	3.22
12469	2.94
20174	2.91
18969	2.86
12465	2.82
19014	2.80
18148	2.80
101592	2.76
56403	2.73
15510	2.43
12461	2.38
66164	2.36
15161	2.23
108679	2.20
56421	2.13
231329	2.11
66471	2.10
13681	2.06
81500	1.96
13669	1.94
108689	1.85
18971	1.74
13629	1.72
27221	1.61
75624	1.60
66229	1.57
53421	1.56
17216	1.43
59029	1.39
69692	1.35
16341	1.33
12567	1.33
15528	1.28
69527	1.24
21915	1.17
68743	1.16
20591	1.15
386649	1.09
11566	1.07
15278	1.06
27176	1.03
74255	1.01
56436	0.99
13627	0.95
57743	0.95
12301	0.90
23996	0.87
71147	0.79
192170	0.78
66634	0.73
67204	0.71
15481	0.63
28071	0.61
56351	0.61
67027	0.59
20104	0.58
17688	0.54
15519	0.51
20020	0.47
13806	0.47
81898	0.45
16551	0.43
67089	0.43
11461	0.41
19899	0.36
15387	0.35
75617	0.35
16898	0.33
73830	0.33
20054	0.32
19951	0.30
76044	0.29
66235	0.28
19942	0.28
66480	0.28
60530	0.26
12544	0.25
22273	0.24
229949	0.24
27207	0.23
20055	0.22
30926	0.20
67942	0.19
215387	0.11
20091	0.10
19361	0.08
228026	0.07
27397	0.06
26451	0.04
19179	0.04
22143	0.02
27398	-0.00
19989	-0.04
110095	-0.04
67281	-0.09
16468	-0.10
57320	-0.10
19167	-0.11
26445	-0.11
17877	-0.11
20068	-0.12
20021	-0.13
65019	-0.14
20682	-0.14
65961	-0.14
18648	-0.19
17714	-0.20
11949	-0.22
268449	-0.23
26440	-0.23
100502766	-0.25
234388	-0.26
110749	-0.28
22154	-0.29
19944	-0.29
18538	-0.30
22631	-0.33
75398	-0.34
67945	-0.38
66242	-0.39
67177	-0.39
114641	-0.40
75605	-0.41
20655	-0.43
20877	-0.47
19933	-0.47
57296	-0.50
22186	-0.51
14433	-0.55
19941	-0.55
216850	-0.59
67849	-0.59
22335	-0.60
14056	-0.61
19173	-0.65
21974	-0.74
22289	-0.75
26443	-0.76
14211	-0.76
14679	-0.77
11799	-0.77
14109	-0.77
56150	-0.79
11479	-0.82
382985	-0.86
15331	-0.87
214899	-0.89
66537	-0.92
19166	-0.94
66311	-0.97
16870	-0.99
67212	-1.00
19175	-1.08
20918	-1.22
22187	-1.23
66197	-1.23
22166	-1.36
81489	-1.37
12857	-1.46
11950	-1.59
22218	-2.08
68991	-2.12
19357	-2.50
